3341
1509
1277
1005
966
891
882
822
721
630
615
592
588
2691580
540
499
475
473
466
465
455
451
443
434
431
424
420
419
411
404
401
398
395
387
381
364
343
339
332
325
310
295
287
287
276
272
270
258
257
254
251
250
250
248
227
220
220
215
213
212
211
207
207
206
204
203
200
198
197
192
191
190
186
186
181
181
176
9536
171
170
169
166
166
166
160
160
157
156
154
154
151
150
149
147
146
144
144
143
143
141
139
139
139
138
138
137
137
135
129
129
128
128
125
125
121
120
120
118
117
117
116
114
112
105
104
104
103
102
102
101
101
101
100
97
94
92
92
452413
89
89
86
85
85
85
84
83
82
378016
79
79
79
29434
77
77
77
76
75
75
73
73
72
72
72
70
70
69
327201
68
65
64
64
63
63
63
63
60
1316
56
55
54
85
241475
246650
50
238050
383
112
176289
23824
147110
321
145061
306
135294
189
1247
102265
110824
3185
3706
100942
834
91037
1830
293
368
44064
225
78670
72027
73919
66923
12688
177
58161
58104
6335
631
689
2304
56775
56248
53379
51191
49476
42629
122
14658
186
42949
41277
77
40004
37358
94
40094
35671
856
342
3049
32869
7892
64
4920
31629
6268
31484
30922
32445
66
29966
731
86
28664
28074
30667
26576
26795
168
26295
25660
25954
21326
909
25378
25663
25235
25330
20339
24970
23055
25112
24017
25321
24575
20
23770
23040
17599
23049
87
23068
11841
22040
22220
5381
20919
61
20139
4256
18895
606
18404
19957
19032
18809
83
132
19563
18696
17529
290
17321
18304
17427
17803
17260
17414
17759
16976
8190
5674
16168
16246
16724
17087
15516
17489
17154
16099
16959
15720
15351
225
5882
5990
15171
16097
11102
15264
13759
15847
8237
414
13203
14521
13506
13903
307
14230
6425
14020
13786
13488
214
12829
12913
162
12448
2434
13117
12393
12110
12292
11171
12014
2113
4843
12129
11751
11039
11493
1030
978
10859
57
7604
11917
11508
11596
10471
10820
9967
10444
233
10819
95
11279
9101
10002
9648
10073
9469
10059
10096
10106
9116
9815
219
333
9237
9577
137
10479
91
105
3767
541
9214
694
3205
9151
9132
112
8605
651
8737
3733
1082
611
8569
9256
155
8639
8786
7209
8460
1366
7823
8317
8611
9067
8347
39
8088
8065
7679
2638
7452
7497
7722
8560
7493
7567
7424
97
7143
6628
7403
113
7255
7306
216
7222
7218
6893
7016
7060
5072
6751
7011
6729
7038
7128
6842
6967
6538
1023
6760
72
6927
6898
6284
3602
6511
6451
186
7062
5829
6609
4851
6218
6291
6424
520
7174
6733
1382
311
6622
6389
6494
6662
5737
6218
1552
4332
6353
152
5976
216
6060
722
218
144
6197
5951
6118
6108
6017
4338
5762
3711
155
2475
113
5788
5555
5736
5843
5775
6058
5605
5679
6071
2571
5412
788
5328
41
5496
1080
324
5657
5273
374
5239
5467
5364
455
5031
80
5636
1564
5416
767
5157
1985
5085
3234
5125
2397
5208
1709
4934
114
4546
4942
5003
4989
4904
4853
5058
5275
4700
4906
4665
4753
4847
4652
4666
4781
4521
4845
4618
4948
4543
56
116
4438
122
4504
2886
4382
4409
4518
4698
1826
4327
4689
4304
4131
4272
765
4204
4219
687
3749
4278
3927
4273
4330
4168
1794
4182
900
738
4377
4011
3926
4224
3920
3949
4013
4154
3839
3816
3832
3801
104
4064
1662
1875
4066
723
3986
3777
4209
984
125
3757
3768
4063
3848
3874
1935
3228
3811
3635
2925
889
3779
3269
3615
3642
710
3528
3793
1079
3535
3568
1311
3608
3512
3578
3847
3569
3468
3770
3536
2409
3436
3340
3450
3797
3337
3473
77
3385
3402
3562
3270
3389
3279
3282
229
3289
3105
3205
3242
1044
77
3363
3126
2572
3137
3054
3086
3243
3070
3171
3019
2915
3956
3273
1914
126
1677
3030
2953
3051
2963
2957
2950
3140
1267
3005
97
2931
39
2998
500
2783
272
3007
2895
2864
2862
2854
3076
1571
2869
2872
277
2851
2954
26
3000
2838
81
416
2820
2821
2868
2839
2808
2805
67
3006
2797
2589
277
1752
948
2756
2809
2034
2778
1561
2784
2735
162
84
2796
2719
2718
2715
2714
2800
2757
2699
2815
2830
1306
2681
100
2771
2666
94
2759
135
384
263
1340
2617
2721
2681
2825
2596
524
2644
2806
2281
2590
1745
72
2667
2530
2510
2498
2496
2490
2539
2635
745
2503
2459
2458
2565
2452
2450
527
848
2150
2432
2422
2440
2425
2414
841
56
2431
2582
2407
2409
2404
227
81
2564
2368
2366
2357
2688
2347
1717
2569
2332
54
2327
2262
2300
827
1953
2279
2271
2288
2274
2335
264
2382
804
2285
2450
2245
2361
2239
69
2232
2243
2226
2087
102
2212
526
2196
2196
2247
2242
2239
2214
2156
1950
2193
248
2165
2211
2164
2254
2160
22
2195
2148
2145
2164
2168
754
2134
158
2132
2125
2122
2129
329
48
2113
2113
2171
2104
2103
2101
94
2096
79
2129
2069
2084
2097
2064
2062
2133
2059
2071
2053
2159
138
2091
254
2030
2027
2022
2020
2021
2198
2008
2003
1998
2034
2123
1987
1996
1984
1968
1038
107
1958
1970
2191
1961
1940
1949
1929
1431
1999
1919
1926
1918
1911
328
279
2030
1989
1973
759
1907
1909
1932
1928
1904
1892
1886
463
1893
1882
1978
1768
1036
1874
1402
52
1870
1869
1869
1880
1859
1864
975
1856
1856
1331
56
1857
1850
1854
905
1821
70
1834
1834
1829
1853
1825
1818
1816
1812
745
92
1794
1790
1786
1484
628
1782
1775
36
364
1771
937
1197
1434
1889
1750
1749
1499
1743
1759
1741
1738
1737
1739
1734
1734
1734
1732
1730
1726
241
1748
1244
1722
194
1711
1452
1709
278
1703
1700
1701
1694
1688
211
1687
1688
1683
1683
1681
1680
1687
1676
1790
1673
1671
252
1878
1657
1658
1667
278
1646
1640
1640
1639
1643
1629
1620
1617
1616
1616
104
1616
46
1614
115
1606
1606
57
1603
1610
1600
1598
1593
199
1591
1587
1590
1606
1576
1695
1571
1660
1568
1565
1563
1562
1606
1567
1554
1551
384
1545
1544
1540
1539
230
1580
1538
1549
38
1562
1533
499
1547
1529
1529
1544
895
1518
1519
1520
1511
1509
197
125
34
1501
1050
1414
1490
488
689
1489
1491
203
1483
1660
1419
1485
1483
1480
85
586
1480
137
1480
1472
1471
1469
1467
477
1463
1463
1465
1455
40
1457
1451
62
1444
519
1442
1337
1440
1439
1438
1435
1427
190
1421
174
1419
1419
1349
229
1418
1431
1418
1416
1442
1399
314
1410
1398
637
1391
1391
1383
1382
1395
882
1378
237
928
1368
1367
1379
160
1006
257
1376
1362
1362
1360
1360
1362
197
272
1374
22
165
1359
1338
1337
1339
1338
1336
1337
1336
1331
1330
1329
1339
1327
1327
577
1325
1322
1324
1118
1320
1316
322
189
1316
1320
1314
78
1309
1307
1310
753
1305
1304
1302
1308
1302
1300
1299
1303
1339
1316
1297
355
173
179
1290
1289
1286
1288
1284
1283
1282
1150
1300
1279
1278
165
1282
1276
1274
1273
1284
510
1266
279
1265
1263
1263
1264
1259
1256
1255
1232
1250
1243
1238
1237
1237
1236
1235
1239
1234
1235
1232
14
1231
1228
1224
340
1218
1218
1222
495
1229
1214
1122
1212
1242
1208
123
1218
1199
1202
1204
1234
1198
771
1193
1198
404
343
1182
1184
1181
1181
1180
1180
1180
1178
1177
1176
1171
1170
1166
1162
1162
1165
1160
1154
1154
1152
1150
1147
1144
52
1146
1143
1142
218
1140
475
494
515
1125
1123
1141
1121
1126
1064
231
1122
1119
1119
1118
1118
1117
1117
1116
1039
1114
1110
207
1109
1109
1107
1110
1105
1105
1103
1102
1100
1098
1020
1099
1097
1094
1093
1094
1089
193
66
1087
912
15
1076
1082
1081
1080
1080
1077
200
23
107
1073
1072
1071
1070
27
1081
1069
1076
935
1065
1065
1064
1071
276
1059
113
1056
1054
1055
1052
44
1055
1050
1049
1048
1048
89
1110
1041
1040
1043
1038
772
1037
1039
1031
1031
1031
1032
1030
1027
1027
311
1024
1024
625
1022
1021
1021
979
1003
1013
1012
1011
1008
1008
174
1017
1004
499
1001
1003
996
754
991
995
436
331
100
986
985
984
982
982
975
986
981
981
980
978
305
976
976
976
974
974
976
975
970
970
969
969
969
169
967
966
966
965
996
963
963
962
961
961
959
385
607
956
933
953
954
952
951
950
950
948
947
44
945
945
27
943
944
941
941
940
940
940
938
938
937
937
937
531
936
937
228
933
169
931
935
930
928
928
926
93
939
924
903
923
923
923
921
921
746
920
918
918
915
985
913
912
169
909
251
913
376
909
914
907
437
57
903
904
902
902
901
900
899
898
554
896
896
896
119
894
886
893
893
905
892
891
891
889
889
889
889
888
341
886
885
887
114
883
880
883
879
879
878
877
163
876
874
873
873
873
873
872
871
129
870
366
868
853
482
864
864
862
872
861
861
860
740
858
1011
856
527
854
854
853
851
515
852
850
850
849
869
848
848
106
848
847
847
847
846
846
846
845
845
845
844
842
841
841
839
839
838
68
837
836
836
835
352
833
833
831
831
830
829
827
827
827
827
827
827
826
826
825
826
824
824
719
124
823
822
822
821
821
824
847
818
783
817
808
815
824
814
772
812
812
811
811
809
809
808
808
808
807
807
806
274
805
804
811
802
802
804
800
800
799
799
799
800
797
797
796
796
794
794
318
793
793
786
791
674
789
788
788
788
620
755
787
787
793
784
783
782
782
19
770
779
779
778
778
777
763
778
774
774
39
773
773
774
772
782
771
770
769
769
769
769
768
768
768
767
767
759
766
765
149
764
763
139
55
763
761
642
760
759
760
759
766
758
65
758
757
757
757
757
782
756
756
84
719
753
753
753
751
750
750
750
749
749
496
747
747
110
746
746
745
744
744
743
99
750
742
742
77
741
594
740
740
740
740
732
739
731
738
738
737
736
736
43
735
314
732
732
564
731
605
730
730
729
729
729
673
337
728
727
678
726
724
724
101
163
722
722
721
721
721
721
720
720
720
69
719
719
425
718
717
716
723
714
713
713
713
713
711
710
710
500
709
707
707
706
706
705
705
705
707
704
703
220
703
702
702
702
702
701
701
677
700
700
699
699
699
699
698
697
697
697
697
697
529
696
696
661
695
695
583
694
693
546
692
691
551
96
690
689
689
691
688
687
687
689
686
686
686
686
35
685
685
685
689
686
684
684
682
682
682
682
681
681
674
681
679
679
681
677
677
677
320
679
676
676
675
675
675
675
674
184
673
673
673
673
672
245
671
671
671
671
671
665
671
670
355
292
669
669
669
668
668
668
668
667
666
666
666
665
665
665
665
665
663
663
662
662
664
661
661
661
520
660
660
659
239
658
658
657
656
656
655
655
641
654
654
654
654
654
611
652
652
651
651
650
650
649
600
648
81
647
647
647
648
646
646
646
645
644
644
643
642
642
642
82
641
641
60
640
241
164
639
639
639
639
639
639
638
638
637
637
637
637
637
609
637
56
636
635
635
635
635
634
634
633
633
632
632
618
107
51
640
358
288
632
632
630
630
629
629
628
628
628
627
627
480
81
626
626
625
625
625
624
624
623
623
511
622
622
620
620
585
619
619
619
617
617
617
616
616
616
615
615
615
615
619
614
614
585
508
172
614
612
612
612
612
611
527
610
610
610
610
518
609
609
608
76
607
523
12
606
606
606
606
473
605
605
607
443
604
604
604
603
603
603
605
602
602
602
602
601
601
237
600
75
601
599
599
604
598
598
598
108
599
597
597
597
597
596
596
505
595
595
595
595
594
594
244
586
593
593
593
592
592
592
592
592
591
227
17
591
331
590
590
590
589
162
588
588
588
189
587
587
587
585
585
584
583
583
583
583
582
582
169
581
581
581
581
581
462
580
580
580
580
579
578
578
578
578
578
577
577
577
577
577
576
576
575
575
575
575
574
91
349
573
573
573
572
572
572
572
572
572
131
571
570
569
569
569
541
142
485
142
568
568
568
568
568
613
328
566
279
537
565
565
565
565
565
563
563
563
562
562
114
562
547
561
561
561
561
561
561
561
70
559
118
578
561
558
558
558
557
557
557
347
478
554
497
553
553
553
553
553
84
545
552
552
552
552
558
551
502
551
549
549
549
548
548
548
548
548
547
547
546
546
546
546
546
469
98
545
545
202
544
544
543
543
543
543
543
542
541
541
541
540
540
540
539
539
538
538
538
538
111
537
537
537
68
536
536
67
535
535
535
535
535
534
534
534
534
533
533
533
533
533
532
532
532
531
530
530
530
530
531
531
530
529
529
528
528
528
528
528
521
17
527
527
527
527
260
526
519
127
525
525
525
525
525
525
525
525
527
524
524
524
523
12
522
521
521
520
520
520
520
519
519
420
518
518
518
385
517
516
516
375
515
360
514
514
514
513
513
513
513
379
512
520
119
70
511
511
511
511
406
510
510
510
509
509
509
509
509
509
510
508
508
508
508
507
507
507
507
507
506
506
506
506
506
393
71
505
140
504
504
504
503
503
503
512
474
502
502
502
502
502
502
502
502
502
74
502
500
500
500
500
500
500
500
499
499
499
499
498
498
497
497
496
496
496
496
496
425
495
495
495
494
494
495
262
493
493
493
493
493
493
492
492
492
492
492
492
464
491
491
491
491
491
490
489
489
489
491
61
488
488
228
472
486
486
486
479
486
486
450
478
485
485
485
71
484
378
483
483
483
483
483
483
483
483
483
483
482
482
482
482
482
482
138
481
481
481
481
481
481
481
481
480
480
480
480
480
480
480
479
479
479
478
478
478
478
477
477
477
477
477
476
476
476
476
476
475
475
474
474
474
474
81
67
452
473
473
473
473
59
59
108
472
472
472
472
472
472
387
471
338
471
471
471
471
470
470
469
469
469
469
426
468
468
468
61
82
467
467
467
467
467
298
466
466
466
66
52
150
423
465
465
465
465
465
58
58
156
464
464
464
464
463
463
463
463
463
463
463
462
462
462
462
195
461
461
461
460
460
439
460
459
459
459
459
101
458
458
458
458
457
457
457
457
183
295
456
456
456
456
456
428
455
455
455
455
454
454
454
453
453
453
453
453
453
74
424
452
452
452
452
451
451
451
451
451
451
451
49
93
450
450
450
450
450
450
450
450
450
449
449
449
449
449
449
449
449
448
448
448
448
174
447
447
447
447
447
145
222
446
446
446
446
446
446
446
446
144
445
445
445
445
445
445
444
444
444
395
79
443
443
443
443
443
443
443
443
443
442
442
442
442
442
443
442
447
441
441
62
216
440
440
440
440
439
439
438
438
438
136
339
437
437
437
437
149
135
436
436
436
204
435
435
434
434
434
434
434
434
433
433
433
433
433
433
433
433
432
432
432
432
431
431
431
431
431
473
444
150
430
430
430
430
430
430
430
430
430
359
429
429
429
429
429
429
428
428
428
428
428
428
427
427
427
132
426
426
426
426
426
426
426
426
428
425
425
53
102
424
424
192
255
423
423
423
423
423
170
184
296
422
422
422
422
422
422
422
422
422
92
421
421
421
421
421
421
378
420
420
420
420
420
420
420
419
419
419
419
419
117
299
418
418
418
417
417
417
417
417
395
416
416
416
416
415
415
415
415
414
413
413
413
413
413
413
412
412
412
412
257
411
411
411
410
410
410
410
410
410
24
409
409
409
409
409
409
408
408
408
408
442
246
400
407
407
407
407
406
406
406
405
405
405
405
124
404
404
404
403
403
403
403
403
360
388
402
402
402
402
401
401
401
401
400
182
399
399
399
399
398
398
398
398
398
398
397
397
397
319
396
396
396
396
396
396
396
396
388
395
395
395
395
395
394
394
394
394
394
393
393
393
393
49
392
392
392
392
392
307
391
391
391
391
391
383
376
390
390
390
390
390
390
74
172
102
389
389
389
59
171
290
388
388
388
388
393
387
387
387
387
387
387
239
190
358
358
386
386
386
386
386
385
385
385
385
385
378
385
385
385
83
384
384
384
384
384
384
383
383
383
383
383
382
382
382
382
382
382
382
382
185
381
381
381
381
380
380
380
380
380
380
380
380
380
379
379
379
379
379
259
378
378
378
378
378
378
378
378
378
69
377
377
377
377
377
377
377
377
376
376
376
376
256
375
375
375
375
375
375
375
375
360
374
374
374
374
374
374
324
373
373
373
373
373
373
253
372
372
372
372
373
56
371
371
371
371
371
371
371
314
370
370
370
370
370
369
369
369
369
369
368
368
368
368
368
368
368
368
367
367
367
367
367
367
367
86
345
366
366
366
211
365
365
365
365
365
366
364
364
364
364
364
364
364
364
364
188
223
363
363
61
47
131
362
362
362
362
361
361
361
361
361
361
361
45
213
360
360
360
360
360
360
360
359
359
359
359
359
359
359
359
359
359
359
358
358
358
358
358
358
357
357
357
357
357
356
356
356
356
356
355
355
355
355
355
355
60
256
354
354
354
354
354
354
354
354
80
353
353
353
353
353
338
352
352
352
352
352
352
352
352
352
351
351
351
350
350
350
350
350
350
350
350
146
342
349
349
349
349
349
349
349
349
349
229
348
348
348
348
348
348
348
348
348
348
347
347
347
347
347
347
347
346
346
346
346
346
346
156
345
345
345
345
345
345
253
344
344
344
344
344
343
343
343
336
343
343
90
342
342
342
342
342
342
334
341
341
341
341
53
340
340
340
340
340
340
206
339
339
339
339
338
338
338
338
338
338
338
50
337
337
337
337
337
337
337
337
337
336
336
336
336
336
48
55
279
335
335
335
75
327
334
334
334
334
334
334
334
193
326
333
333
333
333
333
332
332
332
332
332
332
332
332
331
331
331
331
331
331
331
331
331
331
113
190
176
288
330
330
330
330
330
330
330
330
330
330
330
330
330
330
330
133
329
329
329
329
329
329
329
329
41
300
328
328
328
328
328
180
327
327
327
327
327
327
327
327
327
327
326
326
326
326
326
326
325
325
325
325
325
325
325
325
325
324
324
324
36
197
323
323
323
323
323
323
323
323
323
323
323
323
323
323
316
70
301
322
322
322
322
322
322
322
325
321
321
321
321
321
321
320
320
320
320
320
39
312
319
319
319
319
319
319
318
318
318
318
318
318
318
318
318
318
318
319
30
142
317
317
317
317
317
317
317
317
317
316
316
316
316
316
316
316
316
317
259
315
308
315
315
315
315
315
315
315
315
315
315
314
314
314
314
314
314
314
314
314
131
313
313
313
313
313
313
313
313
67
312
312
312
312
312
312
312
312
312
312
312
312
227
311
311
311
311
311
311
311
311
311
311
310
310
310
310
310
64
309
309
309
309
309
309
309
309
308
308
308
308
308
69
76
48
307
307
307
307
68
306
306
306
306
306
306
306
306
39
305
305
305
305
305
305
305
305
305
304
304
304
304
304
304
65
303
303
303
303
303
303
303
303
162
302
302
302
302
302
302
302
302
91
98
301
301
301
301
76
300
300
300
300
300
300
300
300
202
299
299
299
299
299
299
299
299
299
299
299
299
308
298
298
298
298
298
298
298
298
298
298
298
298
298
304
297
297
297
297
297
297
297
296
296
296
296
296
296
296
296
296
296
282
301
295
295
295
295
295
295
295
295
294
294
294
294
294
34
202
293
293
293
293
293
293
293
293
293
293
292
292
292
292
292
292
292
292
81
291
291
291
291
291
291
291
291
291
291
291
291
291
52
290
290
290
290
290
290
290
290
290
290
290
283
289
289
289
289
289
289
288
288
288
288
288
288
287
287
287
287
287
287
287
287
287
287
287
287
286
286
286
286
286
286
286
286
286
286
286
286
286
285
285
285
285
285
271
172
284
284
284
284
284
284
277
287
283
283
283
283
283
283
283
283
283
283
30
282
282
282
282
282
282
282
282
282
99
281
281
281
281
281
281
281
281
281
281
281
280
280
280
280
280
280
280
280
83
279
279
279
279
279
279
285
278
278
278
278
278
278
278
278
278
278
278
278
278
278
278
277
277
277
277
277
277
277
277
101
164
276
276
276
276
276
276
276
276
276
219
275
275
275
275
275
275
275
275
274
274
274
274
274
274
274
274
274
274
274
274
246
275
273
273
273
273
273
273
210
279
48
83
272
272
272
272
272
272
272
272
272
272
272
61
180
271
271
271
271
271
271
271
271
271
271
271
271
271
271
271
102
270
270
270
270
270
270
270
270
270
270
270
270
270
270
185
269
269
269
269
269
269
269
269
270
107
268
268
268
268
268
268
268
268
268
156
267
267
267
267
267
267
267
267
267
267
278
268
266
266
266
266
266
266
266
266
266
105
266
270
125
265
265
265
265
265
265
265
265
265
33
54
96
264
264
264
264
264
264
264
264
264
264
264
264
264
264
39
263
263
263
263
263
263
263
263
263
263
262
262
262
262
262
262
262
185
58
198
261
261
261
261
261
247
262
260
260
260
260
260
260
260
260
260
260
260
260
260
260
260
262
259
259
259
259
259
259
259
259
259
259
259
259
259
259
258
258
258
258
258
258
258
258
258
258
258
258
258
258
251
257
257
257
257
257
257
257
257
257
257
257
257
257
257
60
256
256
256
256
256
256
256
256
256
108
255
255
255
255
255
255
255
255
255
255
255
248
255
220
254
254
254
254
254
254
254
254
254
254
254
225
253
253
253
253
253
253
253
253
253
253
253
253
253
252
140
252
252
252
252
252
252
252
252
252
252
252
252
252
252
251
251
251
251
251
251
251
251
251
251
251
251
251
251
251
251
194
208
250
250
250
250
250
250
250
250
250
54
249
249
249
249
249
249
249
249
249
249
249
249
249
249
249
101
248
248
248
248
248
248
248
248
248
248
248
248
248
248
248
248
248
249
107
72
51
212
247
247
247
247
247
247
247
247
247
247
247
247
247
247
247
247
247
249
246
246
246
246
246
246
246
246
246
246
246
246
246
246
246
246
70
245
245
245
245
245
245
245
217
244
244
244
244
244
244
244
244
244
244
244
244
244
244
244
68
96
243
243
243
243
243
243
243
243
243
243
243
243
243
243
243
243
243
96
242
242
242
242
242
242
242
242
242
242
137
108
241
241
241
241
241
241
241
241
241
241
241
241
241
241
241
241
241
241
79
240
240
240
240
240
240
240
219
78
78
239
239
239
239
239
239
239
239
239
239
56
238
238
238
238
238
238
238
238
238
238
238
238
238
238
238
238
238
238
238
231
237
237
237
237
237
237
237
237
237
236
236
236
236
236
236
236
236
236
236
236
152
235
235
235
235
235
235
235
235
235
235
235
235
235
235
235
235
235
52
234
234
234
234
234
234
234
234
234
234
234
234
234
233
233
233
233
233
233
233
233
233
233
233
233
233
233
233
233
233
233
233
232
232
232
232
232
232
232
232
232
232
232
232
232
232
231
231
231
231
231
231
231
231
231
70
91
230
230
230
230
230
230
230
230
230
230
230
230
230
230
230
195
167
54
103
229
229
229
229
229
229
229
229
229
229
229
229
229
229
229
229
229
229
229
229
229
229
215
228
228
228
228
228
228
228
228
228
228
228
228
228
228
228
229
206
227
227
213
227
227
227
227
227
227
227
227
227
227
227
227
227
227
227
227
227
227
227
227
227
227
31
226
226
226
226
226
226
226
226
226
226
219
225
225
225
225
225
225
225
225
225
204
226
224
224
224
224
224
224
224
224
174
223
223
223
223
223
223
223
223
223
223
223
223
223
223
223
223
223
222
222
222
222
222
222
222
222
222
222
222
222
222
222
222
222
222
222
222
201
82
159
221
221
221
221
221
221
221
221
221
207
221
221
220
220
220
220
220
220
220
220
206
220
220
220
220
220
220
220
220
220
219
219
219
219
219
219
219
219
219
219
219
205
218
218
218
218
218
218
218
218
218
218
218
85
197
217
217
217
217
217
217
217
217
217
217
217
217
217
217
217
217
217
133
98
241
216
216
216
216
216
216
216
216
216
216
216
216
216
216
216
216
216
216
216
216
216
216
216
216
69
216
221
215
215
215
215
215
215
215
215
215
215
215
215
19
214
214
214
214
214
214
214
214
214
214
214
214
214
214
214
214
214
214
214
214
214
214
214
214
74
171
213
213
213
213
213
213
213
213
213
213
212
212
212
212
212
212
212
212
212
212
212
212
212
212
212
212
212
205
212
211
211
211
211
211
211
211
211
211
211
211
211
211
211
211
211
210
210
210
210
210
210
210
210
210
210
210
210
210
210
210
210
210
210
210
210
210
210
210
209
209
209
209
209
209
209
209
209
209
209
209
209
209
209
209
209
209
209
209
209
195
241
210
208
208
208
208
208
208
208
208
208
208
208
208
208
208
208
208
208
207
207
207
207
207
207
207
207
207
207
207
207
207
207
207
207
207
207
207
207
207
207
207
207
60
60
206
206
206
199
206
206
206
206
206
206
206
206
206
206
206
206
206
206
206
206
206
157
10
205
205
205
205
205
205
205
205
205
205
205
205
207
204
204
204
204
204
204
204
204
204
204
204
204
148
203
203
203
203
203
203
203
203
203
203
203
203
203
203
203
203
49
202
202
195
202
202
202
202
202
202
202
202
202
202
202
202
202
202
202
202
201
201
201
201
201
201
201
201
201
201
201
201
201
201
201
201
201
201
201
201
201
201
201
201
194
201
200
193
200
200
200
200
200
200
200
200
200
200
200
200
200
200
158
109
202
199
199
199
199
199
199
199
199
199
199
199
199
199
199
199
199
199
199
199
199
199
199
199
199
52
24
198
198
198
198
198
198
198
198
198
198
198
198
198
198
198
198
198
198
114
107
197
197
197
197
197
197
197
197
197
197
197
197
197
197
197
197
197
197
197
197
196
196
196
196
196
196
196
196
196
196
196
196
196
196
196
196
196
196
196
196
196
196
195
195
195
195
195
195
195
195
195
195
195
195
195
195
195
195
195
195
195
139
62
194
194
194
194
194
194
194
194
194
194
194
194
193
193
193
193
193
193
193
193
193
193
193
193
193
193
193
193
193
193
193
193
193
193
193
193
193
193
193
193
109
102
192
192
192
192
192
192
192
192
192
192
192
192
192
192
192
192
192
192
192
192
192
192
185
136
101
73
38
191
191
191
191
191
191
191
191
191
191
191
191
191
191
191
177
114
37
65
190
190
190
190
190
190
190
190
190
190
190
190
190
190
190
190
190
190
190
190
190
190
223
189
189
189
189
189
189
189
189
189
189
189
189
189
189
189
189
189
189
189
189
182
161
188
188
188
188
188
188
188
188
188
188
188
188
188
188
188
188
188
188
188
188
188
188
188
160
34
187
187
187
187
187
187
187
187
187
187
187
187
187
103
61
186
186
186
186
186
186
186
186
186
186
186
186
186
186
186
186
186
144
46
53
32
185
185
185
185
185
185
185
185
185
185
185
185
185
185
185
185
185
185
150
164
184
184
184
184
184
184
184
184
184
184
184
184
184
184
184
184
184
184
184
184
142
183
183
183
183
183
183
183
183
183
183
183
183
183
183
183
183
183
183
183
183
183
162
71
57
43
182
182
182
182
182
182
175
182
182
182
182
182
182
182
182
182
168
175
181
181
181
181
181
181
181
181
181
181
181
181
181
181
181
181
181
181
181
181
181
181
181
181
181
181
181
174
55
41
180
180
180
180
180
180
180
180
180
180
180
180
180
180
180
180
180
180
180
180
180
117
68
179
179
179
179
179
179
179
179
179
179
179
179
179
179
179
179
179
179
179
179
179
179
179
165
123
181
178
178
178
178
178
178
178
178
178
178
178
178
178
178
178
178
178
178
178
178
178
178
178
178
178
178
178
178
178
178
178
178
178
178
73
177
177
177
177
177
177
177
177
177
177
177
177
177
177
177
177
177
177
177
177
177
177
177
177
79
51
176
176
176
176
176
176
176
176
176
176
176
176
176
176
176
176
176
176
176
176
169
176
176
148
176
175
175
175
175
175
175
175
175
175
175
175
175
175
175
175
175
175
175
175
175
175
175
168
105
174
174
174
174
174
174
174
174
174
174
174
174
174
174
174
174
174
174
174
174
174
174
174
174
174
174
174
125
173
173
173
173
173
173
173
173
173
173
173
173
173
173
173
173
173
173
173
173
173
173
173
173
173
173
173
173
173
166
124
96
19
172
172
172
172
172
172
172
172
172
172
172
172
172
172
172
172
172
172
172
74
39
46
174
171
171
171
171
171
171
171
171
171
171
171
171
171
171
171
171
171
171
171
171
171
171
171
171
164
150
172
170
170
170
170
170
170
170
170
170
170
170
170
170
170
170
170
170
170
170
170
170
170
170
170
170
156
100
135
30
169
169
169
169
169
169
169
169
169
169
169
169
169
169
169
169
169
169
169
169
169
169
134
57
168
168
168
168
168
168
168
168
168
168
168
168
168
168
168
168
168
168
168
168
168
168
168
140
167
167
167
167
167
167
167
167
167
167
167
167
167
167
167
167
167
167
167
167
167
167
167
167
167
167
167
167
167
167
167
132
166
166
166
166
166
166
166
166
166
166
166
166
166
166
166
166
166
166
166
166
166
166
166
145
103
166
165
165
165
165
165
165
165
165
165
165
165
165
165
165
165
165
165
165
165
165
165
165
165
165
165
165
165
164
164
164
164
164
164
164
164
164
164
164
164
164
164
164
164
164
164
164
164
164
143
129
164
163
163
163
163
163
163
163
163
163
163
163
163
163
163
163
163
163
163
163
163
163
163
163
163
163
142
128
37
162
148
162
162
162
162
162
162
162
162
162
162
162
162
162
162
162
162
162
162
162
162
141
106
99
50
22
161
161
161
161
161
161
161
161
161
161
161
161
161
161
161
161
161
161
161
161
161
161
161
161
161
161
161
161
161
161
161
161
161
161
161
161
161
161
161
161
160
160
160
160
160
160
160
160
160
160
160
160
160
160
160
160
160
160
160
160
160
160
160
160
160
160
160
160
160
160
111
159
159
159
159
159
159
159
159
159
159
159
159
159
159
159
159
159
159
159
159
159
159
96
158
158
158
158
158
158
158
158
158
158
158
158
158
158
158
158
158
158
158
158
158
158
158
158
158
158
158
158
109
53
157
157
157
157
157
157
157
157
157
157
157
157
157
157
157
157
157
157
157
157
157
157
157
157
157
157
157
31
157
156
156
156
156
156
156
156
156
156
156
156
156
156
156
156
156
156
156
156
156
156
156
156
156
156
156
156
156
149
149
86
37
65
155
155
155
155
155
155
155
155
155
155
155
155
155
155
155
155
155
155
155
155
155
155
155
155
155
155
155
155
155
155
155
127
50
154
154
154
154
154
154
154
154
154
154
154
154
154
154
154
154
154
154
154
154
154
154
133
153
153
153
153
153
153
153
153
153
153
153
153
153
153
153
153
153
153
153
153
153
153
153
153
153
153
153
153
153
153
153
139
152
152
152
152
152
152
152
152
152
152
152
152
152
152
152
152
152
152
152
152
152
152
152
152
152
152
152
152
152
152
152
152
145
131
124
124
110
68
151
151
151
151
151
151
151
151
151
151
151
151
151
151
151
151
151
151
151
151
151
151
151
151
151
151
151
151
151
151
81
150
150
150
150
150
150
150
150
150
150
150
150
150
150
150
150
150
150
150
150
150
150
150
150
150
150
150
150
150
150
150
150
150
150
150
150
150
150
129
136
66
24
31
149
149
149
149
149
149
149
149
149
149
149
149
149
149
149
149
149
149
149
149
149
149
149
149
149
149
149
149
142
149
149
93
150
148
148
148
148
148
148
148
148
148
148
148
148
148
148
148
148
148
148
148
148
148
148
148
148
141
148
148
148
148
141
120
140
147
147
147
147
147
147
147
147
147
147
147
147
147
147
147
147
147
147
147
147
147
147
147
147
147
147
147
112
35
146
146
146
146
146
146
146
146
146
146
146
146
146
146
146
146
146
146
146
146
146
146
146
146
146
146
146
146
146
146
146
20
20
145
145
145
145
145
145
145
145
145
145
145
145
145
145
145
145
145
145
145
145
145
145
145
145
145
145
145
145
145
145
145
145
145
145
145
145
145
145
145
145
145
145
131
124
47
82
147
146
144
144
144
144
144
144
144
144
144
144
144
144
144
144
144
144
144
144
144
144
144
144
144
144
144
144
144
144
144
144
123
130
143
143
143
143
143
143
143
143
143
143
143
143
143
143
143
143
143
143
143
143
143
143
143
143
143
115
38
142
142
142
142
142
142
142
142
142
142
142
142
142
142
142
142
142
142
142
142
142
142
142
135
30
141
141
141
141
141
141
141
141
141
141
141
141
141
141
141
141
141
141
141
141
141
141
141
141
141
141
141
141
141
141
141
141
141
140
140
140
140
140
140
140
140
140
140
140
140
140
140
140
140
140
140
140
140
140
140
140
140
140
140
140
140
140
140
140
140
140
139
139
139
139
139
139
139
139
139
139
139
139
139
139
139
139
139
139
139
139
139
139
139
139
139
139
139
139
139
139
139
139
139
139
132
132
90
41
138
138
138
138
138
138
138
138
138
138
138
138
138
138
138
138
138
138
138
138
138
138
138
138
138
138
138
138
138
138
138
138
138
138
138
138
138
138
138
138
138
137
137
137
137
137
137
137
137
137
137
137
137
137
137
137
137
137
137
137
137
137
137
137
137
137
137
137
137
137
137
137
137
137
137
137
137
137
137
137
137
137
137
102
11
11
136
136
136
136
136
136
136
136
136
136
136
136
136
136
136
136
136
136
136
136
136
136
136
136
136
136
136
136
136
80
38
45
135
135
135
135
135
135
135
135
135
135
135
135
135
135
135
135
135
135
135
135
135
135
135
135
135
135
135
135
135
135
135
135
135
135
135
107
37
134
134
134
134
134
134
134
134
134
134
134
134
134
134
134
134
134
134
134
134
134
134
134
134
134
134
134
134
134
134
134
134
134
134
134
134
134
134
134
134
134
134
134
134
134
134
134
134
133
133
133
133
133
133
133
133
133
133
133
133
133
133
133
133
133
133
133
133
133
133
133
133
133
133
133
133
133
133
133
133
133
133
133
133
133
133
133
119
112
91
135
135
132
132
132
132
132
132
132
132
132
132
132
132
132
132
132
132
132
132
132
132
132
132
132
132
132
132
132
132
132
132
132
132
132
132
132
90
83
27
131
131
131
131
131
131
131
131
131
131
131
131
131
131
131
131
131
131
131
131
131
131
131
131
131
131
131
131
131
131
131
131
130
130
130
130
130
130
130
130
130
130
130
130
130
130
130
130
130
130
130
130
130
130
130
130
130
130
130
130
130
130
130
130
130
130
130
39
129
129
129
129
129
129
129
129
129
129
129
129
129
129
129
129
129
129
129
129
129
115
129
129
129
129
129
129
129
129
129
129
129
129
129
129
129
129
129
129
129
129
129
129
129
129
129
129
129
45
45
128
128
128
128
128
128
128
128
128
128
128
128
128
128
128
128
128
128
128
128
128
128
128
128
128
128
128
128
128
128
128
128
128
121
127
127
127
127
127
127
127
127
127
127
127
127
127
127
127
127
127
127
127
127
127
127
127
127
127
127
127
127
127
127
127
127
127
127
127
127
127
120
64
36
128
126
126
126
126
126
126
126
126
126
126
126
126
126
126
126
126
126
126
126
126
126
126
126
126
126
126
126
126
126
126
126
126
126
126
126
126
126
126
126
126
119
125
125
125
125
125
125
125
125
125
125
125
125
125
125
125
125
125
125
125
125
125
125
125
125
125
125
125
125
125
125
125
125
125
125
125
125
125
125
125
125
125
125
125
125
125
125
125
76
124
124
124
124
117
124
124
124
124
124
124
124
124
124
124
124
124
124
124
124
124
124
124
124
124
124
124
124
124
124
124
124
124
124
124
124
124
124
124
103
89
123
123
123
123
123
123
123
123
123
123
123
123
123
123
123
123
123
123
123
123
123
123
123
123
123
123
123
123
123
123
123
123
123
123
123
123
123
123
123
123
109
60
108
122
122
122
122
122
122
122
122
122
122
122
122
122
122
122
122
122
122
122
122
122
122
122
122
122
122
122
122
122
122
122
122
122
122
122
122
122
122
122
122
122
73
17
24
121
121
121
121
121
121
121
121
121
121
121
121
121
121
121
121
121
121
121
121
121
121
121
121
121
121
121
121
121
121
121
121
121
121
121
121
121
121
121
121
121
121
120
120
120
120
120
120
120
120
120
120
120
120
120
120
120
120
120
120
120
120
120
120
120
120
120
120
120
120
120
120
120
120
120
120
120
120
120
120
120
120
120
120
119
119
119
119
119
119
119
119
119
119
119
119
119
119
119
119
119
119
119
119
119
119
119
119
119
119
119
119
119
119
119
119
119
119
119
119
119
119
119
119
119
119
119
119
105
77
42
35
28
35
118
118
118
118
118
118
118
118
118
118
118
118
118
118
118
118
118
118
118
118
118
118
118
118
118
118
118
118
118
118
118
118
118
118
118
118
118
118
118
118
118
97
104
117
117
117
117
117
117
117
117
117
117
117
117
117
117
117
117
117
117
117
117
117
117
117
117
117
117
117
117
117
117
117
117
117
117
117
117
117
117
117
117
117
117
117
117
117
117
117
117
110
61
116
116
116
116
116
116
116
116
116
116
116
116
116
116
116
116
116
116
116
116
116
116
116
116
116
116
116
116
116
116
116
116
116
116
116
116
116
116
116
116
116
116
88
53
115
115
115
115
115
115
115
115
115
115
115
115
115
115
115
115
115
115
108
115
115
115
115
115
115
115
115
115
115
115
115
115
115
115
115
115
115
115
115
115
115
45
114
114
114
114
107
114
114
114
114
114
114
114
114
114
114
114
114
114
114
114
114
114
114
114
114
114
114
114
114
114
114
114
114
114
114
114
114
114
114
107
44
72
37
115
113
113
113
113
113
113
113
113
113
113
113
113
113
113
113
113
106
113
113
113
113
113
113
113
113
113
113
113
113
113
113
113
113
113
113
113
113
113
113
113
113
113
113
113
113
113
113
113
113
106
112
112
112
98
112
112
112
112
112
112
112
112
112
112
112
112
112
112
112
112
112
112
112
112
112
112
112
112
112
112
112
112
112
112
112
112
112
112
112
112
112
112
112
112
112
112
112
112
112
105
112
111
111
111
111
111
111
111
111
111
111
111
111
111
111
111
111
111
111
111
111
111
111
111
111
111
111
111
111
111
111
111
111
111
111
111
111
111
111
111
111
111
111
111
111
111
111
111
111
111
111
111
111
111
111
111
110
110
110
110
110
110
110
110
110
110
110
110
110
110
110
110
110
110
110
110
110
110
110
110
110
110
110
110
110
110
110
110
110
110
110
110
110
110
68
40
40
40
68
40
110
109
109
109
109
109
109
109
109
109
109
109
109
109
109
109
109
109
109
109
109
109
109
109
109
109
109
109
109
109
109
109
109
109
109
109
109
109
109
109
109
109
109
109
109
109
109
109
109
109
109
109
109
109
109
109
53
25
108
108
108
108
108
108
108
108
108
108
108
108
108
108
108
108
108
108
108
108
108
108
108
108
108
108
108
108
108
108
108
108
108
108
108
108
108
108
108
108
108
108
108
108
108
108
108
108
108
108
108
108
108
108
108
108
108
45
107
107
107
107
107
107
107
107
107
107
107
107
107
107
107
107
107
107
107
107
107
107
107
107
107
107
107
107
107
107
107
107
107
107
107
107
107
107
107
107
107
107
107
107
107
107
107
107
107
107
107
107
107
30
106
106
106
106
106
106
106
106
106
106
106
106
106
106
106
106
106
106
106
106
106
106
106
106
106
106
106
106
106
106
106
106
106
106
106
106
106
106
106
106
106
106
106
106
106
106
106
106
106
106
106
43
105
105
105
105
105
105
105
105
105
105
105
105
105
105
105
105
105
105
105
105
105
105
105
105
105
105
105
105
105
105
105
91
105
105
105
105
105
105
105
105
105
105
105
105
91
70
104
104
104
104
104
104
104
104
104
104
104
104
104
104
104
104
104
104
104
104
104
104
104
104
104
104
104
104
104
104
104
104
104
104
104
104
104
104
104
104
104
104
104
104
104
104
104
104
104
104
104
104
104
104
76
20
103
103
103
103
103
103
103
103
103
103
103
103
103
103
103
103
103
103
103
103
103
103
103
103
103
103
103
103
103
103
103
103
103
103
103
103
103
103
103
103
103
103
103
103
103
103
103
103
103
103
102
102
102
102
102
102
102
102
102
102
102
102
102
102
102
102
102
102
102
102
102
102
102
102
102
102
102
102
102
102
102
102
102
102
102
102
102
102
102
102
102
102
102
102
102
102
102
102
102
102
102
102
102
102
95
95
101
101
101
101
101
101
101
101
101
101
101
101
101
101
101
101
101
101
101
101
101
101
101
101
101
101
101
101
101
101
101
101
101
101
101
101
101
101
101
101
101
101
101
101
101
101
101
101
101
101
101
101
80
100
100
100
100
100
100
100
100
100
100
100
100
100
100
100
100
100
100
100
100
100
100
100
100
100
100
100
100
100
100
100
100
100
100
100
100
100
100
100
100
100
100
100
100
100
100
100
100
100
100
100
100
100
100
100
100
100
100
100
100
100
99
99
99
99
99
99
99
99
99
99
99
99
99
99
99
99
99
99
99
99
99
99
99
99
99
99
99
99
99
99
99
99
99
99
99
99
99
99
99
99
99
99
99
99
99
99
99
99
99
99
99
99
99
99
29
98
98
98
98
98
98
98
98
98
98
98
98
98
98
98
98
98
98
98
98
98
98
98
98
98
98
98
98
98
98
98
98
98
98
98
98
98
98
98
98
98
98
98
98
98
98
98
98
98
98
98
98
98
98
98
98
84
97
97
97
97
97
97
97
97
97
97
97
97
97
97
97
97
97
97
97
97
97
97
97
97
97
97
97
97
97
97
97
97
97
97
97
97
97
97
97
97
97
97
97
97
97
97
97
97
97
97
97
97
97
97
97
97
97
97
97
89
96
96
96
96
96
96
96
96
96
96
96
96
96
96
96
96
96
96
96
96
96
96
96
96
96
96
96
96
96
96
96
96
96
96
96
96
96
96
96
96
96
96
96
96
96
96
96
96
95
95
95
95
95
95
95
95
95
95
95
95
95
95
95
95
95
95
95
95
95
95
95
95
95
95
95
95
95
95
95
95
95
95
95
95
95
95
95
95
95
95
95
95
95
95
95
95
95
95
95
95
95
95
95
95
95
95
95
95
95
95
95
95
95
95
95
95
95
95
95
95
95
81
25
87
94
94
94
94
94
94
94
94
94
94
94
94
94
94
94
94
94
94
94
94
94
94
94
94
94
94
94
94
94
94
94
94
94
94
94
94
94
94
94
94
94
94
94
94
94
94
94
94
17
10
93
93
93
93
93
93
93
93
93
93
93
93
93
93
93
93
93
93
93
93
93
93
93
93
93
93
93
93
93
93
93
93
93
93
93
93
93
93
93
93
93
93
93
93
93
93
93
93
93
93
93
93
93
93
93
93
93
93
93
93
93
93
93
86
79
85
92
92
92
92
92
92
92
92
92
92
92
92
92
92
92
92
92
92
92
92
92
92
92
92
92
92
92
92
92
92
92
92
92
92
92
92
92
92
92
92
92
92
92
92
92
92
92
92
92
92
92
92
92
92
92
92
92
92
85
85
91
91
91
91
91
91
91
91
91
91
91
91
91
91
91
91
91
91
91
91
91
91
91
91
91
91
91
91
91
91
91
91
91
91
91
91
91
91
91
91
91
91
91
91
91
91
91
91
91
91
91
91
91
91
91
91
91
91
91
91
91
91
91
91
91
91
90
90
90
90
90
90
90
90
90
90
90
90
90
90
90
90
90
90
90
90
90
90
90
90
90
90
90
90
90
90
90
90
90
90
90
90
90
90
90
90
90
90
90
90
90
90
90
90
90
90
90
90
90
90
90
90
90
90
90
90
90
90
90
90
90
90
90
90
90
90
90
90
27
89
89
89
89
89
89
89
89
89
89
89
89
89
89
89
89
89
89
82
89
89
89
89
89
89
89
89
89
89
89
89
89
89
89
89
89
89
89
89
89
89
89
89
89
89
89
89
89
89
89
89
89
89
89
89
89
89
89
89
89
89
89
89
89
89
89
89
89
89
89
89
89
89
89
89
68
82
88
88
88
88
88
88
88
88
88
88
88
88
88
88
88
88
88
88
88
88
88
88
88
88
88
88
88
88
88
88
88
88
88
88
88
88
88
88
88
88
88
88
88
88
88
88
88
88
88
88
88
88
88
88
88
88
88
88
88
60
11
66
80
87
87
87
87
87
87
87
87
87
87
87
87
87
87
87
87
87
87
87
87
87
87
87
87
87
87
87
87
87
87
87
87
87
87
87
87
87
87
87
87
87
87
87
87
87
87
87
87
87
87
87
87
87
87
87
87
87
87
87
87
87
87
87
87
87
87
87
24
17
17
73
86
86
86
86
86
86
86
86
86
86
86
86
86
86
86
86
86
86
86
86
86
86
86
86
86
86
86
86
86
86
86
86
86
86
86
86
86
86
86
86
86
86
86
86
86
86
86
86
86
86
86
86
86
86
86
86
86
86
86
86
86
86
86
86
86
86
86
86
86
23
78
85
85
85
85
85
85
85
85
85
85
85
85
85
85
85
85
85
85
85
85
85
85
85
85
85
85
85
85
85
85
85
85
85
85
85
85
85
85
85
85
85
85
85
85
85
85
85
85
85
85
85
85
85
85
85
85
85
85
85
85
85
85
85
85
15
15
84
84
84
84
84
84
84
84
84
84
84
84
84
84
84
84
84
84
84
84
84
84
84
84
84
84
84
84
84
84
84
84
84
84
84
84
84
84
84
84
84
84
84
84
84
84
84
84
84
84
84
84
84
84
84
84
84
84
84
84
84
84
84
84
84
84
84
84
84
84
84
84
84
84
84
84
84
84
77
76
83
83
83
83
83
83
83
83
83
83
83
83
83
83
83
83
83
83
83
83
83
83
83
83
83
83
83
83
83
83
83
83
83
83
83
83
83
83
83
83
83
83
83
83
83
83
83
83
83
83
83
83
83
83
83
83
83
83
83
83
83
83
83
83
83
83
83
83
83
83
83
83
83
83
13
82
82
82
82
82
82
82
82
82
82
82
82
82
82
82
82
82
82
82
82
82
82
82
82
82
82
82
82
82
82
82
82
82
82
82
82
82
82
82
82
82
82
82
82
82
82
82
82
82
82
82
82
82
82
82
82
82
82
82
82
82
82
82
82
82
82
82
82
12
81
81
81
81
81
81
81
81
81
81
81
81
81
81
81
81
81
81
81
81
81
81
81
81
81
81
81
81
81
81
81
81
81
81
81
81
81
81
81
81
81
81
81
81
81
81
81
81
81
81
81
81
81
81
81
81
81
81
81
81
81
81
81
81
81
81
81
81
81
81
81
81
81
81
67
11
59
80
80
80
80
80
80
80
80
80
80
80
80
80
80
80
80
80
80
80
80
80
80
80
80
80
80
80
80
80
80
80
80
80
80
80
80
80
80
80
80
80
80
80
80
80
80
80
80
80
80
80
80
80
80
80
80
80
80
80
80
80
80
80
80
80
80
80
80
80
80
80
80
80
80
80
80
80
80
80
80
79
79
79
79
79
79
79
79
79
79
79
79
79
79
79
79
79
79
79
79
79
79
79
79
79
79
79
79
79
79
79
79
79
79
79
79
79
79
79
79
79
79
79
79
79
79
79
79
79
79
79
79
79
79
79
79
79
79
79
79
79
79
79
79
79
72
79
79
78
78
78
78
78
78
78
78
78
78
78
78
78
78
78
78
78
78
78
78
78
78
78
78
78
78
78
78
78
78
78
78
78
78
78
78
78
78
78
78
78
78
78
78
78
78
78
78
78
78
78
78
78
78
78
78
78
78
78
78
78
78
78
78
78
43
15
15
15
77
77
77
77
77
77
77
77
77
77
77
77
77
77
77
77
77
77
77
77
77
77
77
77
77
77
77
77
77
77
77
77
77
77
77
77
77
77
77
77
77
77
77
77
77
77
77
77
77
77
77
77
77
77
77
77
77
77
77
77
77
77
77
77
77
77
77
77
77
77
77
77
77
77
77
77
77
77
77
77
77
77
77
77
77
77
63
70
14
76
76
76
76
76
76
76
76
76
76
76
76
76
76
76
76
76
76
76
76
76
76
76
76
76
76
76
76
76
76
76
76
76
76
76
76
76
76
76
76
76
76
76
76
76
76
76
76
76
76
76
76
76
76
76
76
76
76
76
76
76
76
76
76
76
76
76
76
76
76
76
76
76
76
34
13
13
75
75
75
75
75
75
75
75
75
75
75
75
75
75
75
75
75
75
75
75
75
75
75
75
75
75
75
75
75
75
75
75
75
75
75
75
75
75
75
75
75
75
75
75
75
75
75
75
75
75
75
75
75
75
75
75
75
75
75
75
75
75
75
75
75
75
75
75
75
75
75
75
75
75
75
75
75
68
12
12
74
74
74
74
74
74
74
74
74
74
74
74
74
74
74
74
74
74
74
74
74
74
74
74
74
74
74
74
74
74
74
74
74
74
74
74
74
74
74
74
74
74
74
74
74
74
74
74
74
74
74
74
74
74
74
74
74
74
74
74
74
74
74
74
74
74
74
74
74
74
74
74
74
74
74
74
74
74
74
74
74
74
74
74
74
74
74
74
74
74
74
74
74
74
74
74
11
11
73
73
73
73
73
73
73
73
73
73
73
73
73
73
73
73
73
73
73
73
73
73
73
73
73
73
73
73
73
73
73
73
73
73
73
73
73
73
73
73
73
73
73
73
73
73
73
73
73
73
73
73
73
73
73
73
73
73
73
73
73
73
73
73
73
73
73
73
73
73
73
73
73
73
73
73
73
73
73
73
73
73
72
72
72
72
72
72
72
72
72
72
72
72
72
72
72
72
72
72
72
72
72
72
72
72
72
72
72
72
72
72
72
72
72
72
72
72
72
72
72
72
72
72
72
72
72
72
72
72
72
72
72
72
72
72
72
72
72
72
72
72
72
72
72
72
72
72
72
72
72
72
72
72
72
72
72
72
72
72
72
72
72
72
72
72
72
72
72
72
72
72
72
72
72
72
72
72
72
58
64
71
71
71
71
71
71
71
71
71
71
71
71
71
71
71
71
71
71
71
71
71
71
71
71
71
71
71
71
71
71
71
71
71
71
71
71
71
71
71
71
71
71
71
71
71
71
71
71
71
71
71
71
71
71
71
71
71
71
71
71
71
71
71
71
71
71
71
71
71
71
71
71
71
71
71
71
71
71
71
71
71
71
71
71
71
71
71
71
70
70
70
70
70
70
70
70
70
70
70
70
70
70
70
70
70
70
70
70
70
70
70
70
70
70
70
70
70
70
70
70
70
70
70
70
70
70
70
70
70
70
70
70
70
70
70
70
70
70
70
70
70
70
70
70
70
70
70
70
70
70
70
70
70
70
70
70
70
70
70
70
70
70
70
70
70
70
70
70
70
70
70
70
70
70
70
70
70
70
70
69
69
69
69
69
69
69
69
69
69
69
69
69
69
69
69
69
69
69
69
69
69
69
69
69
69
69
69
69
69
69
69
69
69
69
69
69
69
69
69
69
69
69
69
69
69
69
69
69
69
69
69
69
69
69
69
69
69
69
69
69
69
69
69
69
69
69
69
69
69
69
69
69
69
69
69
69
69
69
69
69
69
69
69
69
69
69
69
69
69
69
69
69
69
69
69
69
69
69
69
69
69
69
69
69
69
54
61
68
68
68
68
68
68
68
68
68
68
68
68
68
68
68
68
68
68
68
68
68
68
68
68
68
68
68
68
68
68
68
68
68
68
68
68
68
68
68
68
68
68
68
68
68
68
68
68
68
68
68
68
68
68
68
68
68
68
68
68
68
68
68
68
68
68
68
68
68
68
68
68
68
68
68
68
68
68
68
68
68
68
68
68
68
68
68
68
68
68
68
68
68
68
68
68
68
68
68
68
68
68
68
68
68
54
67
67
67
67
67
67
67
67
67
67
67
67
67
67
67
67
67
67
67
67
67
67
67
67
67
67
67
67
67
67
67
67
67
67
67
67
67
67
67
67
67
67
67
67
67
67
67
67
67
67
67
67
67
67
67
67
67
67
67
67
67
67
67
67
67
67
67
67
67
67
67
67
67
67
67
67
67
67
67
67
67
67
67
67
67
67
67
67
67
67
67
66
66
66
66
66
66
66
66
66
66
66
66
66
66
66
66
66
66
66
66
66
66
66
66
66
66
66
66
66
66
66
66
66
66
66
66
66
66
66
66
66
66
66
66
66
66
66
66
66
66
66
66
66
66
66
66
66
66
66
66
66
66
66
66
66
66
66
66
66
66
66
66
66
66
66
66
66
66
66
66
66
66
66
66
66
66
66
65
65
65
65
65
65
65
65
65
65
65
65
65
65
65
65
65
65
65
65
65
65
65
65
65
65
65
65
65
65
65
65
65
65
65
65
65
65
65
65
65
65
65
65
65
65
65
65
65
65
65
65
65
65
65
65
65
65
65
65
65
65
65
65
65
65
65
65
65
65
65
65
65
65
65
65
65
65
65
65
65
65
65
65
65
65
65
65
65
65
65
65
65
64
57
64
64
64
64
64
64
64
64
64
64
64
64
64
64
64
64
64
64
64
64
64
64
64
64
64
64
64
64
64
64
64
64
64
64
64
64
64
64
64
64
64
64
64
64
64
64
64
64
64
64
64
64
64
64
64
64
64
64
64
64
64
64
64
64
64
64
64
64
64
64
64
64
64
64
64
64
64
64
64
64
64
64
63
63
63
63
63
63
63
63
63
63
63
63
63
63
63
63
63
63
63
63
63
63
63
63
63
63
63
63
63
63
63
63
63
63
63
63
63
63
63
63
63
63
63
63
63
63
63
63
63
63
63
63
63
63
63
63
63
63
63
63
63
63
63
63
63
63
63
63
63
63
63
63
63
63
63
63
63
63
63
63
63
63
63
63
63
63
63
63
63
63
63
63
63
63
63
63
63
63
63
63
63
63
63
63
63
63
56
62
62
62
62
62
62
62
62
62
62
62
62
62
62
62
62
62
62
62
62
62
62
62
62
62
62
62
62
62
62
62
62
62
62
62
62
62
62
62
62
62
62
62
62
62
62
62
62
62
62
62
62
62
62
62
62
62
62
62
62
62
62
62
62
62
62
62
62
62
62
62
62
62
62
62
62
62
62
62
62
62
62
62
62
62
62
62
62
62
62
62
62
62
62
62
62
34
61
61
61
61
61
61
61
61
61
61
61
61
61
61
61
61
61
61
61
61
61
61
61
61
61
61
61
61
61
61
61
61
61
61
61
61
61
61
61
61
61
61
61
61
61
61
61
61
61
61
61
61
61
61
61
61
61
61
61
61
61
61
61
61
61
61
61
61
61
61
61
61
61
61
61
61
61
61
61
61
61
61
61
61
61
61
61
61
61
61
61
61
61
61
61
61
61
61
61
61
61
61
61
61
61
61
63
60
60
60
60
60
60
60
60
60
60
60
60
60
60
60
60
60
60
60
60
60
60
60
60
60
60
60
60
60
60
60
60
60
60
60
60
60
60
60
60
60
60
60
60
60
60
60
60
60
60
60
60
60
60
60
60
60
60
60
60
60
60
60
60
60
60
60
60
60
60
60
60
60
60
60
60
60
60
60
60
60
60
60
60
60
60
60
60
60
60
60
60
53
60
60
60
60
60
60
60
60
60
60
63
59
59
59
59
59
59
59
59
59
59
59
59
59
59
59
59
59
59
59
59
59
59
59
59
59
59
59
59
59
59
59
59
59
59
59
59
59
59
59
59
59
59
59
59
59
59
59
59
59
59
59
59
59
59
59
59
59
59
59
59
59
59
59
59
59
59
59
59
59
59
59
59
59
59
59
59
59
59
59
59
59
59
59
59
59
59
59
59
59
51
58
58
58
58
58
58
58
58
58
58
58
58
58
58
58
58
58
58
58
58
58
58
58
58
58
58
58
58
58
58
58
58
58
58
58
58
58
58
58
58
58
58
58
58
58
58
58
58
58
58
58
58
58
58
58
58
58
58
58
58
58
58
58
58
58
58
58
58
58
58
58
58
58
58
58
58
58
58
58
58
58
58
58
58
58
58
58
58
58
58
58
58
58
58
58
58
58
58
58
58
58
58
57
57
57
57
57
57
57
57
57
57
57
57
57
57
57
57
57
57
57
57
57
57
57
57
57
57
57
57
57
57
57
57
57
57
57
57
57
57
57
57
57
57
57
57
57
57
57
57
57
57
57
57
57
57
57
57
57
57
57
57
57
57
57
57
57
57
57
57
57
57
57
57
57
57
57
57
57
57
57
57
57
57
57
57
57
57
57
57
57
57
57
57
57
57
57
57
57
57
57
57
57
57
57
57
57
57
57
57
57
57
57
43
56
56
56
56
56
56
56
56
56
56
56
56
56
56
56
56
56
56
56
56
56
56
56
56
56
56
56
56
56
56
56
56
56
56
56
56
56
56
56
56
56
56
56
56
56
56
56
56
56
56
56
56
56
56
56
56
56
56
56
56
56
56
56
56
56
56
56
56
56
56
56
56
56
56
56
56
56
56
56
56
56
56
56
56
56
56
56
56
56
56
56
56
56
56
56
56
56
56
56
56
56
56
56
56
56
56
56
56
56
56
56
56
56
56
56
55
55
55
55
55
55
55
55
55
55
55
55
55
55
55
55
55
55
55
55
55
55
55
55
55
55
55
55
55
55
55
55
55
55
55
55
55
55
55
55
55
55
55
55
55
55
55
55
55
55
55
55
55
55
55
55
55
55
55
55
55
55
55
55
55
55
55
55
55
55
55
55
55
55
55
55
55
55
55
55
55
55
55
55
55
55
55
55
55
55
55
55
55
55
55
55
55
55
55
55
54
54
54
54
54
54
54
54
54
54
54
54
54
54
54
54
54
54
54
54
54
54
54
54
54
54
54
54
54
54
54
54
54
54
54
54
54
54
54
54
54
54
54
54
54
54
54
54
54
54
54
54
54
54
54
54
54
54
54
54
54
54
54
54
54
54
54
54
54
54
54
54
54
54
54
54
54
54
54
54
54
54
54
54
54
54
54
54
54
54
54
54
54
54
54
54
54
54
54
54
54
54
54
54
54
54
54
54
54
54
54
54
54
54
54
54
54
54
54
53
53
53
53
53
53
53
53
53
53
53
53
53
53
53
53
53
53
53
53
53
53
53
53
53
53
53
53
53
53
53
53
53
53
53
53
53
53
53
53
53
53
53
53
53
53
53
53
53
53
53
53
53
53
53
53
53
53
53
53
53
53
53
53
53
53
53
53
53
53
53
53
53
53
53
53
53
53
53
53
53
53
53
53
53
53
53
53
53
53
53
53
53
53
53
53
53
53
53
53
53
53
52
52
52
52
52
52
52
52
52
52
52
52
52
52
52
52
52
52
52
52
52
52
52
52
52
52
52
52
52
52
52
52
52
52
52
52
52
52
52
52
52
52
52
52
52
52
52
52
52
52
52
52
52
52
52
52
52
52
52
52
52
52
52
52
52
52
52
52
52
52
52
52
52
52
52
52
52
52
52
52
52
52
52
52
52
52
52
52
52
52
52
52
52
52
52
52
52
52
52
52
52
51
51
51
51
51
51
51
51
51
51
51
51
51
51
51
51
51
51
51
51
51
51
51
51
51
51
51
51
51
30
51
51
51
51
51
51
51
51
51
51
51
51
51
51
51
51
51
51
51
51
51
51
51
51
51
51
51
51
51
51
51
51
51
51
51
51
51
51
51
51
51
51
51
51
51
51
51
51
51
51
51
51
51
51
51
51
51
51
51
51
51
51
51
51
51
51
51
51
51
51
51
51
51
51
51
51
51
51
51
51
51
51
50
50
50
50
50
50
50
50
50
50
50
50
50
50
50
50
50
50
50
50
50
50
50
50
50
50
50
50
50
50
50
50
50
50
50
50
50
50
50
50
50
50
50
50
50
50
50
50
50
50
50
50
50
50
50
50
50
50
50
50
50
50
50
50
50
50
50
50
50
50
50
50
50
50
50
50
50
50
50
50
50
50
50
50
50
50
50
50
50
50
50
50
50
50
50
50
50
50
50
50
50
43
49
49
49
49
49
49
49
49
49
49
49
49
49
49
49
49
49
49
49
49
49
49
49
49
49
49
49
49
49
49
49
49
49
49
49
49
49
49
49
49
49
49
49
49
49
49
49
49
49
49
49
49
49
49
49
49
49
49
49
49
49
49
49
49
49
49
49
49
49
49
49
49
49
49
49
49
49
49
49
49
49
49
49
49
49
49
49
49
49
49
49
49
48
48
48
48
48
48
48
48
48
48
48
48
48
48
48
48
48
48
48
48
48
48
48
48
48
48
48
48
48
48
48
48
48
48
48
48
48
48
48
48
48
48
48
48
48
48
48
48
48
48
48
48
48
48
48
48
48
48
48
48
48
48
48
48
48
48
48
48
48
48
48
48
48
48
48
48
48
48
48
48
48
48
48
48
48
48
48
48
48
48
48
48
48
48
48
47
47
47
47
47
47
47
47
47
47
47
47
47
47
47
47
47
47
47
47
47
47
47
47
47
47
47
47
47
47
47
47
47
47
47
47
47
47
47
47
47
47
47
47
47
47
47
47
47
47
47
47
47
47
47
47
47
47
47
47
47
47
47
47
47
47
47
47
47
47
47
47
47
47
47
46
46
46
46
46
46
46
46
46
46
46
46
46
46
46
46
46
46
46
46
46
46
46
46
46
46
46
46
46
46
46
46
46
46
46
46
46
46
46
46
46
46
46
46
46
46
46
46
46
46
46
46
46
46
46
46
46
46
46
46
46
46
46
46
46
46
46
46
46
46
46
46
46
46
46
46
46
46
46
46
46
46
46
46
45
45
45
45
45
45
45
45
45
45
45
45
45
45
45
45
45
45
45
45
45
45
45
45
45
45
45
45
45
45
45
45
45
45
45
45
45
45
45
45
45
45
45
45
45
45
45
45
45
45
45
45
45
45
45
45
45
45
45
45
45
45
45
45
45
45
45
45
45
45
45
45
45
45
44
44
44
44
44
44
44
44
44
44
44
44
44
44
44
44
44
44
44
44
44
44
44
44
44
44
44
44
44
44
44
44
44
44
44
44
44
44
44
44
44
44
44
44
44
44
44
44
44
44
44
44
44
44
43
43
43
43
43
43
43
43
43
43
43
43
43
43
43
43
43
43
43
43
43
43
43
43
43
43
43
43
43
43
43
43
43
43
43
43
43
43
43
43
43
43
43
43
43
43
43
42
42
42
42
42
42
42
42
42
42
42
42
42
42
42
42
42
42
42
42
42
42
42
42
42
42
42
42
42
42
42
42
42
42
42
42
42
42
42
42
42
42
42
42
42
42
41
41
41
41
41
41
41
41
41
41
41
41
41
41
41
41
41
41
41
41
41
41
41
41
41
41
41
41
41
40
40
40
40
40
40
40
40
40
40
40
40
40
40
40
40
40
40
40
40
40
40
39
39
39
39
39
39
39
39
39
39
39
39
39
39
39
39
39
39
38
38
38
38
38
38
38
38
38
38
38
38
38
38
38
38
38
38
38
38
38
38
37
37
37
37
37
37
36
36
36
36
36
36
36
35
35
34
34
