1000
820
483
358
308
307
292
285
278
270
263
249
244
236
206
181
177
166
165
163
158
748615
143
139
137
137
133
133
132
130
130
125
119
116
106
106
100
100
99
99
97
97
96
95
93
90
87
86
84
83
79
74
68
68
63
61
61
59
271752
57
423
53
51
181680
142572
11223
543
121932
104992
179
232
84640
71713
72370
707
69037
54210
50961
51613
50577
47721
49107
46945
47563
79
7669
39685
37151
244
34463
31996
26770
31972
145
28738
27130
26261
25877
25526
15617
11874
226
23150
21740
208
22366
23045
21781
22365
20756
19956
19895
14013
103
19073
583
8660
19968
19053
481
18410
928
17968
18412
16218
16911
17085
16548
16978
16413
16429
15829
16120
445
15712
389
15221
2477
14819
13890
157
15244
14488
14726
889
14903
14246
13639
309
210
1987
318
3700
13333
13346
13365
11548
13275
12773
12847
12240
12130
5050
12169
11694
11866
11714
2720
8802
11206
80
11156
11687
11106
11414
10725
11249
10634
10464
11025
5343
10700
11028
10118
10021
4136
3541
10541
10303
10579
9719
9596
9844
10026
9482
460
9256
10034
9579
986
9548
9607
9472
10153
597
154
5142
8607
9312
8900
8398
8375
8640
9365
8467
8383
8489
8071
8554
132
8003
8052
8203
1950
173
7712
8206
966
7886
7550
7546
419
7483
231
7453
7366
7599
7634
7732
109
7447
7311
6895
6865
7305
6772
764
260
6540
6443
6531
70
6618
6759
6138
6579
6488
6318
6426
5214
6407
6289
6100
6081
6207
6350
5943
6179
93
6146
6039
5872
789
6021
108
106
5851
5613
182
682
5841
5478
5469
5460
5579
122
5641
5308
5399
5471
5063
5026
1155
5529
5627
5429
150
4967
5093
146
5220
4992
5176
4936
4971
4802
5014
4843
4803
4852
705
2051
5081
4662
400
5073
4621
4569
4639
4675
4704
4534
4521
4557
4513
146
4636
4655
4808
4710
4503
4476
512
5185
4577
4550
4305
4566
4408
373
4301
4376
531
2838
4231
3226
4336
4381
1763
4297
490
914
750
4584
4144
4157
4105
4115
4224
4336
488
4199
4250
4121
4335
4221
4194
4264
4108
3953
4074
1321
4096
53
3929
3259
3974
4053
3957
3890
3877
3809
3783
381
2229
3792
3316
3830
1223
3773
3815
3699
3851
3881
3936
3674
3695
3653
3636
3667
3863
3686
4010
3734
3549
3639
3740
3618
3463
3620
3568
3620
3516
3536
193
3355
3455
3391
3079
3445
2943
3550
3624
3468
479
1356
416
3574
3286
131
3313
3439
3250
3291
3356
3266
3427
3436
3199
3220
3206
3326
3234
3304
3143
3304
3233
3131
3170
3144
3210
3153
3194
389
3107
145
3113
3084
3163
3033
3244
3005
3195
3147
1714
2928
3069
197
2923
2948
2930
2899
3012
2842
2904
2862
143
335
2904
2847
2888
1188
2868
2869
2763
2845
2726
2777
2819
2854
2724
2776
2693
2766
2675
2694
2703
113
2655
2678
2808
2670
2633
327
2371
641
2618
192
2614
2593
134
2553
2708
2674
2587
370
2638
1979
2590
2609
2560
52
2544
2674
2543
2285
2576
2607
424
1476
2653
2539
2558
2498
2538
2632
2576
2457
2452
2526
2499
295
2548
2422
2440
2518
1813
2438
2425
559
2432
2532
2432
2902
2392
2516
2424
2373
301
2371
1303
2442
2462
2438
2410
1551
2322
2286
2284
2338
658
2321
686
2314
2321
2222
2283
2300
2367
2199
2217
2309
2325
1254
2195
2181
2195
2195
2179
2257
2157
2218
2146
2218
2155
2140
2157
2178
2154
2145
2118
2170
2104
2148
2096
2111
2110
2125
2199
2178
2081
2088
1214
2138
2118
2067
2132
2125
2076
2170
2097
2147
2076
2023
2075
2048
2147
2001
383
2057
1993
1987
1995
2162
1976
1971
2038
1988
1965
1999
889
1999
1970
1950
1950
1939
2013
1973
347
114
514
1931
1970
1908
1971
1951
378
1910
90
1889
167
1921
1912
235
1912
1934
1975
1919
1876
1956
1919
1869
1881
1907
1002
1866
1854
1894
1840
1836
1919
1856
1834
1825
1832
1820
1168
1849
1819
1816
1815
1817
1305
243
1791
1804
1793
1836
1913
67
1785
1798
1776
121
1761
1747
686
1780
58
70
1686
1732
1786
1730
1735
1754
1722
1721
1721
1738
1727
1718
1781
1744
1625
1717
525
1717
1720
1727
1723
1704
1694
1687
1696
1766
1685
1720
1691
1710
1693
1726
1692
1749
209
1358
1690
1696
603
1657
1709
1688
1683
1666
1660
1645
1642
1665
1657
1672
1636
1635
1628
1655
1705
1624
680
1627
1635
872
1613
1611
1629
1644
1611
1666
1604
308
1629
959
1586
1621
390
1593
1588
1602
1637
1602
1609
1487
1575
1654
1569
1548
1601
1569
1567
1567
1608
1579
1454
1558
253
308
1581
1555
1552
1565
1546
1544
1555
1605
1538
1541
1535
1593
1530
242
1555
1533
1564
1534
894
1528
1522
1527
1554
1443
1518
1518
1518
1524
1574
1555
1512
1563
1521
1505
1498
1497
1518
1496
1494
1508
1490
1493
1500
1512
1469
704
312
1541
243
1478
1478
1476
1517
409
1492
1473
1480
1467
529
1479
1475
1477
1463
1472
568
1346
1461
1490
1462
1352
1440
159
1443
1450
1474
1510
1442
1427
1442
1422
1488
1384
1447
1416
1412
1425
1426
1406
1424
333
1394
1393
1392
314
1384
1383
1400
1430
1380
1391
196
1224
1369
1366
1365
1381
1358
1387
1404
1389
1351
1420
1349
1352
1342
1339
1333
954
167
1328
1386
1352
302
228
414
1315
1315
1320
1323
164
94
1324
1310
1311
1307
1306
1307
1333
1305
1303
1075
1313
162
1361
1294
1291
1341
877
1295
1292
1288
1286
1309
1284
129
1308
1286
1319
1283
1276
1272
1277
1271
1281
1268
1266
1266
1269
1278
1276
450
1265
1286
1257
423
553
1265
1254
1262
1260
1252
1248
1303
1253
1249
1244
1242
1282
1237
1271
1100
1229
221
1228
1233
1227
1225
1225
1220
1218
439
1227
1239
1216
1223
1209
1204
1303
1248
1200
1197
1207
550
1193
1218
640
1188
1230
1222
1208
1187
1062
1189
1177
1176
1177
1177
1196
1150
1173
1170
1107
1169
1168
1168
1176
1166
1175
1165
1163
1163
1182
1200
213
1157
695
1213
1159
1153
81
1183
1152
1120
1149
1148
1148
1163
818
1132
1015
1144
1137
1206
1141
635
1131
1131
1132
1125
1124
326
1121
371
175
1119
1119
1129
392
1113
1113
994
1111
1111
1119
985
1110
405
1129
1121
271
1114
1103
1101
1101
1099
1098
1097
1097
1096
298
1091
1092
158
87
1108
944
1085
1082
1086
1099
708
1080
1081
1078
1076
201
1074
1076
127
135
1057
314
1073
1066
1091
105
84
1079
195
1066
1061
1064
1070
1059
1059
1058
1055
1054
1053
1053
1055
1052
1052
800
1051
1051
1053
1047
1045
1045
1044
505
1044
1048
1054
1086
1041
1040
1081
1043
1047
1044
1037
1037
1042
1036
1036
1037
1040
1038
1032
1032
1031
1031
1032
1030
1030
1008
1029
1028
1028
1028
1027
1030
1027
1021
1020
1021
1019
1019
1019
1015
343
1017
1025
1016
1013
1015
1034
990
1011
1009
1012
1019
1005
1003
1000
1016
1002
998
1010
1003
997
1014
1020
995
1006
991
347
992
989
995
986
998
194
984
987
990
987
981
981
978
977
396
242
990
975
121
975
973
976
221
968
965
964
964
996
963
980
694
959
868
959
957
961
956
954
126
951
951
954
950
946
224
956
880
941
940
940
940
1035
989
936
937
934
934
934
935
934
933
935
932
928
941
955
779
928
921
934
925
937
920
920
918
922
913
914
911
911
442
910
912
909
908
907
907
906
903
909
901
900
902
898
900
895
893
890
645
892
289
882
883
879
878
878
877
884
833
217
875
874
875
872
872
871
868
754
866
844
867
864
863
422
864
860
860
858
858
506
855
442
856
838
234
850
852
860
846
846
846
854
847
844
845
843
843
842
841
654
843
840
839
839
838
838
837
837
836
835
610
180
836
830
830
828
827
827
829
826
103
840
823
822
822
820
819
820
819
818
382
102
820
815
813
316
812
816
90
818
810
809
809
809
808
849
807
804
803
802
802
801
807
800
471
799
800
798
798
798
797
797
810
145
799
796
795
172
795
794
810
793
792
792
791
795
789
789
788
788
788
787
787
786
779
787
787
836
803
782
782
783
780
779
779
778
777
777
777
90
776
777
774
773
563
773
771
770
769
769
769
768
767
767
766
176
766
763
763
390
773
760
736
759
758
758
768
239
758
757
755
754
752
752
751
751
750
749
169
750
751
746
746
186
745
745
745
745
744
660
744
743
743
743
120
742
741
741
739
737
736
736
735
167
733
737
732
732
736
733
249
731
735
735
739
730
743
728
728
728
728
727
727
727
726
726
725
725
725
725
723
723
723
721
721
720
720
720
720
719
718
718
719
719
719
710
511
718
712
712
713
711
711
711
165
715
726
716
710
710
709
709
708
708
710
705
361
685
703
703
702
701
700
700
609
701
699
698
698
698
699
700
698
697
662
696
695
695
694
409
698
692
692
691
691
691
690
690
688
687
687
688
686
602
694
684
683
683
59
30
463
680
680
190
679
678
678
677
676
676
262
674
114
673
672
672
672
84
77
672
670
670
669
669
668
668
669
667
667
667
667
667
668
665
665
665
666
673
666
664
664
208
666
661
605
663
659
659
658
91
657
510
663
656
656
655
214
660
654
654
653
114
652
652
652
652
651
84
650
650
783
650
649
653
648
648
647
647
647
646
646
646
645
645
645
644
643
643
642
643
640
639
639
639
639
638
637
637
637
497
639
636
636
181
633
633
633
555
631
631
631
631
428
630
630
630
294
629
629
188
628
627
627
627
626
626
107
624
624
624
624
631
623
623
622
622
622
621
621
61
622
620
431
619
619
619
618
618
617
619
616
616
616
615
615
615
614
614
613
613
613
95
614
612
612
610
610
610
612
146
607
607
607
138
606
605
248
607
604
604
603
603
603
604
342
601
600
600
600
600
599
88
598
598
227
596
596
596
595
595
525
538
594
594
593
593
592
592
592
592
592
186
591
591
591
591
592
590
588
588
588
592
587
587
587
587
587
587
589
586
585
585
584
584
584
66
583
582
582
582
582
581
581
581
594
580
579
579
579
578
577
577
577
577
575
574
574
364
573
578
571
571
570
570
570
569
569
569
569
568
568
568
567
567
567
567
567
567
567
566
566
566
244
565
565
565
565
564
564
249
563
563
563
563
86
562
561
561
561
560
560
70
561
559
559
146
558
558
556
556
555
555
554
554
540
553
553
553
553
553
553
98
554
552
552
552
551
551
243
550
550
550
550
550
550
550
550
172
551
549
549
549
549
549
548
548
548
548
548
547
337
71
546
546
546
546
545
545
543
543
550
543
542
542
542
542
542
543
541
539
539
539
112
539
537
536
536
536
535
534
533
533
533
316
532
531
531
530
530
530
530
529
528
528
526
525
525
525
524
524
524
523
523
522
521
521
521
521
513
520
520
519
519
518
518
518
518
518
517
377
138
516
515
515
515
515
515
515
516
276
66
514
514
219
513
513
513
513
435
358
512
512
512
512
512
511
511
132
510
510
510
508
508
508
509
508
507
507
507
506
506
506
506
505
505
505
505
505
505
503
503
502
502
502
102
501
501
501
501
501
500
500
500
500
500
499
499
499
499
499
498
514
182
273
497
497
497
62
496
496
496
496
495
81
494
494
494
494
494
495
493
493
493
493
493
493
502
492
492
491
491
491
491
494
490
490
490
490
490
490
490
69
489
489
489
96
488
487
487
487
486
486
485
485
486
428
484
484
484
484
484
168
483
483
483
483
188
482
482
131
250
481
481
481
481
480
480
479
478
478
478
478
478
477
477
477
477
63
476
476
478
482
475
474
474
473
473
473
431
477
475
472
472
471
471
470
470
470
470
469
469
468
468
468
468
468
468
467
466
466
466
466
466
465
465
465
465
58
464
464
464
464
464
464
464
464
464
463
463
463
463
462
462
462
462
461
461
461
461
461
461
460
460
460
416
457
457
456
456
456
70
455
455
455
454
454
454
341
320
453
453
455
74
452
452
452
452
452
452
452
115
451
451
451
451
452
303
450
450
450
450
450
267
454
448
448
349
447
446
446
446
446
446
446
446
446
447
447
451
445
445
444
444
444
444
443
443
443
443
442
442
406
441
441
441
441
55
55
440
440
440
440
440
440
439
438
437
437
437
437
437
437
437
436
436
436
134
435
435
414
435
435
435
435
435
434
434
434
434
434
433
433
434
54
432
432
432
432
432
424
431
431
431
431
431
431
446
430
430
430
430
430
430
430
430
430
429
429
415
431
64
428
428
428
428
428
427
427
427
427
427
427
429
426
426
427
426
425
425
285
425
424
424
423
423
423
423
422
422
422
422
422
422
422
422
421
421
421
421
420
420
420
421
420
202
419
419
419
419
419
419
420
40
145
418
418
418
418
418
418
418
418
418
418
418
423
417
417
417
73
416
416
416
416
415
415
415
415
85
414
414
413
413
413
412
412
412
412
117
96
75
180
411
410
410
410
409
409
409
409
409
409
121
408
408
408
408
408
408
337
407
407
407
407
407
407
63
147
406
406
406
406
406
406
405
405
404
404
404
404
404
404
404
404
404
137
403
403
403
403
402
402
402
100
100
401
401
401
401
401
401
401
400
400
400
401
399
399
399
399
399
400
237
398
398
398
398
398
398
398
173
397
397
397
397
397
397
397
396
396
397
73
395
395
395
395
395
394
393
393
393
393
126
378
392
392
392
392
392
76
356
391
391
391
391
391
391
89
390
390
389
389
389
389
389
389
108
388
388
388
388
388
387
387
387
386
386
386
386
386
386
386
386
386
379
387
385
385
385
385
385
385
48
48
146
384
384
384
384
384
383
383
383
383
382
382
382
382
382
382
157
381
381
381
381
381
381
381
381
233
380
380
380
379
379
379
379
379
84
378
378
378
377
376
376
376
326
375
375
375
375
375
374
374
374
374
374
374
383
156
233
212
289
373
372
372
372
372
372
372
372
386
371
371
371
371
371
76
370
370
370
370
370
370
370
370
369
369
369
369
369
369
369
369
369
369
369
347
368
368
368
368
368
368
339
367
367
367
367
366
366
366
367
365
365
119
364
364
97
272
363
363
363
363
363
75
362
362
362
362
362
362
362
362
362
365
361
361
361
361
361
52
360
360
360
360
360
360
360
360
360
360
360
359
359
359
359
359
359
359
359
359
358
358
358
358
359
357
357
357
357
357
357
209
356
356
356
356
356
355
355
355
355
355
355
355
355
355
355
355
355
355
354
354
354
354
354
354
354
354
354
354
354
353
353
353
353
331
233
352
352
352
352
352
352
352
352
352
352
127
183
351
351
351
351
351
350
350
350
350
350
350
349
349
349
349
349
335
349
348
348
348
348
348
348
348
348
347
347
347
347
347
348
304
311
346
346
346
346
346
346
346
346
345
345
345
345
345
344
344
344
344
344
344
344
301
343
343
343
343
343
362
83
342
342
342
342
342
292
341
341
341
341
341
341
341
341
326
340
340
340
341
45
339
339
339
339
339
339
339
338
338
338
338
338
338
338
338
338
337
337
337
337
337
337
337
337
224
336
336
336
336
336
336
336
307
335
335
334
334
334
334
339
333
333
333
333
333
332
332
332
332
332
332
262
331
331
331
331
331
330
330
329
329
329
329
329
329
329
329
329
329
230
328
328
328
328
328
328
328
320
327
327
327
327
327
327
327
327
327
327
263
326
326
326
326
326
326
325
325
325
325
325
325
325
325
107
177
226
324
324
324
324
324
324
324
323
323
323
323
323
323
323
323
323
224
322
322
322
322
322
322
322
322
322
322
326
321
321
321
321
321
321
321
145
320
320
313
320
320
320
320
320
320
320
320
137
319
319
319
319
319
227
318
318
318
318
318
318
318
318
318
317
317
317
316
316
316
316
316
316
301
315
315
315
315
83
300
314
314
314
314
314
314
314
313
313
313
313
313
313
313
313
313
313
277
312
312
312
312
312
312
312
101
178
311
311
311
311
311
311
311
51
72
310
310
310
310
310
310
310
310
71
309
309
309
309
309
309
309
309
309
309
309
310
308
308
308
308
308
308
308
308
308
216
307
307
307
307
307
307
307
307
307
306
306
306
306
306
306
306
306
306
306
306
306
46
305
305
305
305
305
305
305
304
304
304
304
304
304
303
303
303
303
303
303
303
303
304
232
302
302
302
302
302
302
302
302
301
301
301
301
301
301
301
301
301
300
300
300
300
300
300
310
299
299
299
299
299
299
299
137
298
298
298
298
298
298
298
298
298
298
298
298
45
297
297
297
297
297
297
297
247
289
296
296
296
296
296
296
296
295
295
295
295
295
295
295
295
295
295
294
294
294
294
293
293
293
293
293
293
293
293
293
124
292
292
292
292
292
292
292
292
292
291
291
291
291
291
291
292
80
185
290
290
290
290
290
290
290
51
289
289
289
289
289
289
289
289
289
289
289
289
289
289
289
99
288
288
288
288
288
288
288
288
288
288
288
288
288
133
252
287
287
287
287
287
287
287
287
287
287
287
287
287
287
287
286
286
286
286
286
286
286
286
286
286
286
286
285
285
285
285
285
285
285
285
285
285
285
285
285
285
285
285
214
284
284
284
284
284
284
284
284
284
284
284
284
283
283
283
283
283
283
283
283
283
283
283
58
282
282
282
282
282
282
282
282
281
281
281
281
281
281
281
281
91
161
252
280
280
280
280
202
279
279
279
279
279
279
279
187
278
278
278
278
278
278
278
278
46
277
277
277
277
277
277
277
17
276
276
276
276
276
276
276
276
276
276
51
275
275
275
275
275
275
275
275
275
275
275
275
275
275
275
268
274
274
274
274
274
274
274
274
63
273
273
273
273
273
273
273
273
273
273
273
272
272
272
272
272
272
272
272
272
272
272
271
271
271
271
271
271
271
271
271
271
271
271
271
271
271
271
270
270
270
270
270
270
270
270
270
270
270
270
263
269
269
269
269
269
269
269
269
269
269
269
268
268
268
268
268
268
268
268
268
268
268
268
268
267
267
267
267
267
267
267
267
266
266
266
266
266
266
266
266
266
266
266
202
265
265
265
265
265
265
265
103
222
264
264
264
264
264
264
264
264
264
264
264
264
264
264
264
264
264
263
263
263
263
263
263
263
263
263
263
263
263
66
262
262
262
262
262
262
262
262
262
262
262
262
262
262
261
261
261
261
261
261
261
261
64
260
260
260
260
260
260
260
260
260
260
260
260
260
259
259
259
259
259
259
259
259
259
259
259
259
259
167
209
258
258
258
258
258
258
258
258
47
257
257
257
257
257
257
257
257
123
256
256
256
256
256
256
256
256
256
256
73
255
255
255
255
254
254
254
254
254
254
254
254
254
254
253
253
253
253
253
253
253
253
253
253
218
260
252
252
252
252
252
252
252
252
97
251
251
251
251
251
251
251
251
251
251
251
181
131
250
250
250
250
250
250
250
250
250
250
250
250
250
81
102
249
249
249
249
249
249
249
249
249
249
249
249
108
248
248
248
248
248
248
248
248
248
248
248
248
248
241
247
247
247
247
247
252
246
246
246
246
246
246
246
245
245
245
245
245
76
244
244
244
244
244
244
244
244
244
244
244
244
236
243
243
243
243
243
243
243
243
243
60
242
242
242
242
242
242
242
242
242
242
242
242
242
241
241
241
241
241
241
241
241
241
241
241
240
240
240
240
240
240
240
240
240
240
240
240
240
240
239
239
239
239
239
239
239
239
239
239
239
239
239
239
239
238
238
238
238
238
238
238
238
238
238
238
238
238
238
238
238
238
238
238
238
238
238
238
231
238
237
237
237
237
237
237
237
237
237
237
237
237
237
237
237
237
237
237
237
236
236
236
236
236
236
236
236
236
236
236
236
236
236
236
166
235
235
235
235
235
235
235
235
235
235
235
235
235
235
235
235
235
235
240
234
234
234
234
234
234
234
234
234
58
233
233
233
233
233
233
233
233
233
233
233
233
233
233
233
57
232
232
232
232
232
232
232
232
225
232
232
232
232
232
232
231
231
231
231
231
231
231
231
231
231
231
231
231
231
231
231
231
231
231
231
231
174
230
230
230
230
230
230
230
230
230
230
230
230
230
230
230
230
230
111
229
229
229
229
229
229
229
229
229
229
229
229
229
229
229
215
81
186
228
228
228
228
228
228
228
228
228
228
228
151
66
227
227
227
227
227
227
227
227
227
227
227
227
227
227
227
227
227
227
226
226
226
226
226
226
226
226
226
226
226
135
155
225
225
225
225
225
225
225
224
224
224
224
224
224
224
224
224
224
224
224
224
70
224
223
223
223
223
223
223
223
223
223
223
223
223
222
222
222
222
222
222
222
222
222
222
222
222
222
222
172
221
221
221
221
221
221
221
221
221
221
221
221
221
221
221
221
221
221
221
221
158
220
220
220
220
220
220
220
220
220
220
220
220
220
220
220
220
220
220
220
220
220
220
220
220
59
142
219
219
219
219
219
219
219
219
219
219
219
219
93
218
218
218
218
218
218
218
218
218
218
218
218
222
217
217
217
217
217
217
217
217
217
217
217
217
56
28
216
216
216
216
216
216
216
216
216
216
216
216
216
216
216
216
216
216
216
216
216
216
216
97
217
215
215
215
215
215
215
215
215
215
215
215
215
215
215
131
82
152
215
214
214
214
214
214
214
214
214
214
214
214
214
214
214
214
214
213
213
213
213
213
213
213
213
213
213
213
213
213
213
94
212
212
212
212
212
212
212
212
212
212
212
212
212
212
212
212
211
211
211
211
211
211
211
211
211
211
211
211
211
211
211
210
210
210
210
210
210
210
210
210
210
210
210
112
209
209
209
209
209
209
209
209
209
209
209
209
209
209
209
209
209
167
118
208
208
208
208
208
208
208
208
208
208
208
208
208
208
208
208
208
208
208
208
208
47
47
110
186
207
207
207
207
207
207
207
207
207
207
207
207
207
206
206
206
206
206
206
206
206
205
205
205
205
205
205
205
205
205
205
205
205
205
205
205
205
205
205
205
205
205
65
204
204
204
204
204
204
204
204
204
204
204
204
204
204
204
204
204
155
203
203
203
203
203
203
203
203
203
203
203
203
203
203
203
203
203
203
203
70
202
202
202
202
202
202
202
202
202
202
202
202
202
202
202
202
202
202
202
118
69
62
201
201
201
201
201
201
201
201
201
201
201
201
201
201
201
201
201
201
201
201
201
187
200
200
200
200
200
200
200
200
200
200
200
200
200
200
200
200
200
200
199
199
199
199
199
199
199
199
199
199
199
199
199
199
199
199
199
199
199
199
199
199
199
87
199
198
198
198
198
198
198
198
198
198
198
198
198
198
197
197
197
197
197
197
197
197
197
197
197
197
197
197
197
197
197
162
85
196
196
196
196
196
196
196
196
196
196
196
196
196
196
196
196
196
196
196
195
195
195
195
195
195
195
195
195
195
195
195
195
195
195
195
195
195
194
194
194
194
194
194
194
194
194
194
194
194
194
194
194
54
193
193
193
193
193
193
193
193
193
193
193
193
193
193
193
193
193
193
193
193
193
193
116
192
192
192
192
192
192
192
192
192
192
192
192
192
192
192
192
192
45
191
191
191
191
191
191
191
191
191
191
191
191
191
191
191
191
86
190
190
190
190
190
190
190
190
190
190
190
190
190
190
190
190
190
190
190
190
190
190
190
190
190
190
190
189
189
189
189
189
189
189
189
189
189
189
189
189
119
56
188
188
188
188
188
188
188
188
188
188
188
188
188
188
188
188
188
188
188
188
69
188
188
187
187
187
187
187
187
187
187
187
187
187
187
187
187
186
186
186
186
186
186
186
186
186
186
186
186
186
186
186
186
186
186
186
186
186
186
39
185
185
185
185
185
185
185
185
185
185
185
185
185
185
185
185
185
185
185
185
185
185
184
184
184
184
184
184
184
184
184
184
184
184
184
184
184
184
184
183
183
183
183
183
183
183
183
183
183
183
183
183
183
183
183
183
183
183
183
183
57
182
182
182
182
182
182
182
182
182
182
182
182
182
182
182
182
182
182
182
182
182
182
182
56
181
181
181
181
181
181
181
181
181
181
181
181
181
181
181
181
181
181
181
181
181
181
181
181
181
13
180
180
180
180
180
180
180
180
180
180
180
180
180
180
180
180
180
180
180
180
180
180
179
179
179
179
179
179
179
179
179
179
179
179
179
179
179
179
179
179
179
179
179
179
18
178
178
178
178
178
178
178
178
178
178
178
178
178
178
178
178
178
178
178
178
178
178
136
38
177
177
177
177
177
177
177
177
177
177
177
177
177
177
177
177
177
177
177
177
177
177
44
176
176
176
176
176
176
176
176
176
176
176
176
176
176
176
176
176
176
176
176
176
176
176
176
176
176
176
176
176
176
176
176
176
176
148
175
175
175
175
175
175
175
175
175
175
175
175
175
175
175
175
175
175
175
175
175
175
175
174
174
174
174
174
174
174
174
174
174
174
174
174
174
174
174
174
174
174
173
173
173
173
173
173
173
173
173
173
173
173
173
173
173
173
173
173
173
173
173
173
173
173
173
173
54
172
172
172
172
172
172
172
172
172
172
172
172
172
172
172
172
172
172
172
39
171
171
171
171
171
171
171
171
171
171
171
171
171
171
171
171
171
171
171
171
171
171
171
171
171
171
170
170
170
170
170
170
170
170
170
170
170
170
170
170
170
170
170
170
170
170
170
170
170
170
170
170
170
170
128
169
169
169
169
169
169
169
169
169
169
169
169
169
169
169
169
169
169
169
169
169
169
169
169
169
169
50
168
168
168
168
168
168
168
168
168
168
168
168
168
168
168
168
168
168
168
168
168
168
168
168
168
168
168
126
105
167
167
167
167
167
167
167
167
167
167
167
167
167
167
167
166
166
166
166
166
166
166
166
166
166
166
166
166
166
166
166
166
166
165
165
165
165
165
165
165
165
165
165
165
165
165
165
165
165
165
165
95
164
164
164
164
164
164
164
164
164
164
164
164
164
164
164
164
164
164
164
164
164
164
164
164
164
164
163
163
163
163
163
163
163
163
163
163
163
163
163
163
163
163
163
163
163
163
163
163
163
163
163
163
163
163
163
163
163
162
162
162
162
162
162
162
162
162
162
162
162
162
162
162
162
162
162
162
162
162
162
162
162
162
162
162
162
162
134
50
29
161
161
161
161
161
161
161
161
161
161
161
161
161
161
161
161
154
160
160
160
160
160
160
160
160
160
160
160
160
160
160
160
160
160
160
160
160
160
160
160
160
132
159
159
159
159
159
159
159
159
159
159
159
159
159
159
159
159
159
159
159
159
159
159
159
159
159
159
159
159
159
159
159
159
158
158
158
158
158
158
158
158
158
158
158
158
158
158
158
158
158
158
158
158
157
157
157
157
157
157
157
157
157
157
157
157
157
157
157
157
157
157
157
157
157
157
157
157
157
157
157
31
87
156
156
156
156
156
156
156
156
156
156
156
156
156
156
156
156
156
156
156
156
121
155
155
155
155
155
155
155
155
155
155
155
155
155
155
155
155
155
155
155
155
85
154
154
154
154
154
154
154
154
154
154
154
154
154
154
154
154
154
154
154
153
153
153
153
153
153
153
153
153
153
153
153
153
153
153
153
153
153
153
153
153
153
153
153
153
153
153
153
152
152
152
152
152
152
152
152
152
152
152
152
152
152
152
152
152
152
103
54
151
151
151
151
151
151
151
151
151
151
151
151
151
151
151
151
151
151
137
151
151
151
151
151
150
150
150
150
150
150
150
150
150
150
150
150
150
150
150
150
150
150
150
150
150
150
150
150
150
150
150
150
150
150
87
149
149
149
149
149
149
149
149
149
149
149
149
149
149
149
149
149
149
149
149
149
149
149
149
149
149
149
149
149
149
149
149
149
149
149
149
149
79
44
148
148
148
148
148
148
148
148
148
148
148
148
148
148
148
148
148
148
148
148
148
148
148
148
148
148
148
106
147
147
147
147
147
147
147
147
147
147
147
147
147
147
147
147
147
147
147
147
147
147
147
147
147
147
147
147
147
147
147
147
147
140
119
49
146
146
146
146
146
146
146
146
146
146
146
146
146
146
146
146
146
146
146
146
146
146
146
146
146
146
146
146
132
69
145
145
145
145
145
145
145
145
145
145
145
145
145
145
145
145
145
145
145
145
145
145
145
145
145
145
145
145
145
145
145
33
144
144
144
144
144
144
144
144
144
144
144
144
144
144
144
144
144
144
144
144
144
144
144
144
144
144
144
144
144
144
144
144
144
116
143
143
143
143
143
143
143
143
143
143
143
143
143
143
143
143
143
143
143
143
142
142
142
142
142
142
142
142
142
142
142
142
142
142
142
142
142
142
142
142
142
142
142
142
142
142
142
142
142
142
142
142
142
142
142
142
142
142
142
93
141
141
141
141
141
141
141
141
141
141
141
141
141
141
141
141
141
141
141
141
141
141
141
141
141
141
141
141
141
141
141
141
141
141
141
141
141
78
142
142
140
140
140
140
140
140
140
140
140
140
140
140
140
140
140
140
140
140
140
140
140
140
140
140
140
140
140
140
140
139
139
139
139
139
139
139
139
139
139
139
139
139
139
139
139
139
139
139
139
139
139
139
139
139
139
139
139
83
83
55
138
138
138
138
138
138
138
138
138
138
138
138
138
138
138
138
138
138
138
138
138
138
138
138
138
138
138
138
138
138
138
138
138
138
138
138
138
138
124
75
137
137
137
137
137
137
137
137
137
137
137
137
137
137
137
137
137
137
137
137
137
137
137
137
137
137
137
137
137
137
137
137
137
137
137
137
137
137
137
137
136
136
136
136
136
136
136
136
136
136
136
136
136
136
136
136
136
136
136
136
136
136
136
136
136
136
136
136
136
136
136
136
136
136
136
136
136
136
31
135
135
135
135
135
135
135
135
135
135
135
135
135
135
135
135
135
135
135
135
135
135
135
135
135
135
135
135
135
135
135
135
135
135
135
135
135
135
135
135
135
135
135
135
135
135
134
134
134
134
134
134
134
134
134
134
134
134
134
134
134
134
134
134
134
134
134
134
134
134
134
134
134
134
134
134
134
134
134
134
134
134
134
134
134
134
133
133
133
133
133
133
133
133
133
133
133
133
133
133
133
133
133
133
133
133
133
133
133
133
133
133
133
133
133
133
133
133
133
133
133
133
132
132
132
132
132
132
132
132
132
132
132
132
132
132
132
132
132
132
132
132
132
132
132
132
132
132
132
132
132
132
132
132
132
132
132
97
83
41
131
131
131
131
131
131
131
131
131
131
131
131
131
131
131
131
131
131
131
131
131
131
131
131
131
131
131
131
131
131
131
131
131
131
131
131
131
130
130
130
130
130
130
130
130
130
130
130
130
130
130
130
130
130
130
130
130
130
130
130
130
116
39
129
129
129
129
129
129
129
129
129
129
129
129
129
129
129
129
129
129
129
129
129
129
129
129
129
129
129
129
129
129
129
129
129
129
128
128
128
128
128
128
128
128
128
128
128
128
128
128
128
128
128
128
128
128
128
128
128
128
128
128
128
128
128
128
128
128
128
128
128
128
128
128
128
128
128
128
128
128
128
128
128
121
72
127
127
127
127
127
127
127
127
127
127
127
127
127
127
127
127
127
127
127
127
127
127
127
127
127
127
127
127
127
127
71
126
126
126
126
126
126
126
126
119
126
126
126
126
126
126
126
126
126
126
126
126
126
126
126
126
126
126
126
126
126
126
126
126
126
126
126
126
126
126
126
126
126
126
118
125
125
125
125
125
125
125
125
125
125
125
125
125
125
125
125
125
125
125
125
125
125
125
125
125
125
125
125
125
125
125
125
125
125
125
125
125
125
125
125
125
125
124
124
124
124
124
124
124
124
124
124
124
124
124
124
124
124
124
124
124
124
124
124
124
124
124
124
124
124
124
124
124
124
124
124
124
124
124
124
124
124
124
124
124
124
40
47
123
123
123
123
123
123
123
123
123
123
123
123
123
123
123
123
123
123
123
123
123
123
123
123
123
123
123
123
123
123
123
123
123
123
123
123
123
123
123
123
123
123
123
123
123
123
123
122
122
122
122
122
122
122
122
122
122
122
122
122
122
122
122
122
122
122
122
122
122
122
122
122
122
122
122
122
122
122
122
122
122
122
122
122
122
122
73
121
121
121
121
121
121
121
121
121
121
121
121
121
121
121
121
121
121
121
121
121
121
121
121
121
121
121
121
121
121
121
121
121
121
121
121
121
121
121
121
121
121
121
121
121
121
121
121
121
121
100
79
120
120
120
120
120
120
120
120
120
120
120
120
120
120
120
120
120
120
120
120
120
120
120
120
120
120
120
120
120
120
120
120
120
120
120
120
120
120
120
120
120
113
120
119
119
119
119
119
119
119
119
119
119
119
119
119
119
119
119
119
119
119
119
119
119
119
119
119
119
119
119
119
119
119
119
119
119
119
119
119
119
119
119
119
119
119
119
119
119
119
119
118
118
118
118
118
118
118
118
118
118
118
118
118
118
118
118
118
118
118
118
118
118
118
118
118
118
118
118
118
118
118
118
118
118
118
118
118
118
117
117
117
117
117
117
117
117
117
117
117
117
117
117
117
117
117
117
117
117
117
117
117
117
117
117
117
117
117
117
110
47
116
116
116
116
116
81
116
116
116
116
116
116
116
116
116
116
116
116
116
116
116
116
116
116
116
116
116
116
116
116
116
116
116
116
116
116
116
116
116
116
116
116
116
116
116
116
116
116
116
116
101
115
115
115
115
115
115
115
115
115
115
115
115
115
115
115
115
115
115
115
115
115
115
115
115
115
115
115
115
115
115
115
115
115
115
115
115
115
115
115
115
115
115
114
114
114
114
114
114
114
114
114
114
114
114
114
114
114
114
114
114
114
114
114
114
114
114
114
114
114
114
114
114
114
114
114
114
114
114
114
114
114
114
114
86
118
113
113
113
113
113
113
113
113
113
113
113
113
113
113
113
113
113
113
113
113
113
113
113
113
113
113
113
113
113
113
113
113
113
113
112
112
112
112
112
112
112
112
112
112
112
112
112
112
112
112
112
112
112
112
112
112
112
112
112
112
112
112
112
112
112
112
112
112
112
112
112
112
112
112
112
112
112
112
112
112
111
111
111
111
111
111
111
111
111
111
111
111
111
111
111
111
111
111
111
111
111
111
111
111
111
111
111
111
111
111
111
111
111
111
111
111
111
111
111
111
111
111
111
110
110
110
110
110
110
110
110
110
110
110
110
110
110
110
110
110
110
110
110
110
110
110
110
110
110
110
110
110
110
110
110
110
110
110
109
109
109
109
109
109
109
109
109
109
109
109
109
109
109
109
109
109
109
109
109
109
109
109
109
109
109
109
109
109
109
109
109
109
109
109
109
109
109
109
109
109
109
109
109
109
109
109
109
109
109
109
109
109
109
109
46
108
108
108
108
108
108
108
108
108
108
108
108
108
108
108
108
108
108
108
108
108
108
108
108
108
108
108
108
108
108
108
108
108
108
108
108
108
108
108
108
108
108
108
108
108
108
108
108
107
107
107
107
107
107
107
107
107
107
107
107
107
107
107
107
107
107
107
107
107
107
107
107
107
107
107
107
107
107
107
107
107
107
107
107
107
107
107
107
107
107
107
107
107
107
107
107
107
107
107
86
107
107
107
107
65
23
106
106
106
106
106
106
106
106
106
106
106
106
106
106
106
106
106
106
106
106
106
106
106
106
106
106
106
106
106
106
106
106
106
106
106
106
106
106
106
106
106
105
105
105
105
105
105
105
105
105
105
105
105
105
105
105
105
105
105
105
105
105
105
105
105
105
105
105
105
105
105
105
105
105
105
104
104
104
104
104
104
104
104
104
104
104
104
104
104
104
104
104
104
104
104
104
104
104
104
104
104
104
104
104
104
104
104
104
104
104
104
104
104
104
104
104
104
104
104
104
104
104
104
104
104
97
103
103
103
103
103
103
103
103
103
103
103
103
103
103
103
103
103
103
103
103
103
103
103
103
103
103
103
103
103
103
103
103
103
103
103
103
103
103
103
103
103
103
103
103
103
103
103
103
103
103
103
103
103
103
103
103
102
102
102
102
102
102
102
102
102
102
102
102
102
102
102
102
102
102
102
102
102
102
102
102
102
102
102
102
102
102
102
102
102
102
102
102
102
102
102
102
102
102
102
102
102
102
102
102
102
102
102
101
101
101
101
101
101
101
101
101
101
101
101
101
101
101
101
101
101
101
101
101
101
101
101
101
101
101
101
101
101
101
101
101
101
101
101
101
101
101
101
101
101
101
101
101
101
101
101
94
73
31
100
100
100
100
100
100
100
100
100
100
100
100
100
100
100
100
100
100
100
100
100
100
100
100
100
100
100
100
100
100
100
100
100
100
100
100
100
100
100
100
100
100
100
100
100
100
100
100
65
100
100
100
100
100
100
100
100
100
99
99
99
99
99
99
99
99
99
99
99
99
99
99
99
99
99
99
99
99
99
99
99
99
99
99
99
99
99
99
99
99
99
99
99
99
99
99
99
99
99
99
99
99
99
99
99
99
99
99
99
99
99
99
99
99
99
57
98
98
98
98
98
98
98
98
98
98
98
98
98
98
98
98
98
98
98
98
98
98
98
98
98
98
98
98
98
98
98
98
98
98
98
98
98
98
98
98
98
98
98
98
98
98
98
98
98
98
98
98
98
98
98
98
98
98
98
98
98
98
98
98
98
98
98
98
70
56
97
97
97
97
97
97
97
97
97
97
97
97
97
97
97
97
97
97
97
97
97
97
97
97
97
97
97
97
97
97
97
97
97
97
97
97
97
97
97
97
97
97
97
97
97
97
97
97
97
97
97
96
96
96
96
96
96
96
96
96
96
96
96
96
96
96
96
96
96
96
96
96
96
96
96
96
96
96
96
96
96
96
96
96
96
96
96
96
96
96
96
96
96
96
96
96
96
96
96
96
96
96
89
40
40
95
95
95
95
95
95
95
95
95
95
95
95
95
95
95
95
95
95
95
95
95
95
95
95
95
95
95
95
95
95
95
95
95
95
95
95
95
95
95
95
95
95
95
95
95
95
95
95
95
95
95
95
95
95
95
95
95
95
95
95
95
94
94
94
94
94
94
94
94
94
94
94
94
94
94
94
94
94
94
94
94
94
94
94
94
94
94
94
94
94
94
94
94
94
94
94
94
94
94
94
94
94
94
94
94
94
94
94
94
94
94
94
94
94
94
94
94
94
94
94
94
94
73
72
93
93
93
93
93
93
93
93
93
93
93
93
93
93
93
93
93
93
93
93
93
93
93
93
93
93
93
93
93
93
93
93
93
93
93
93
93
93
93
93
93
93
93
93
93
93
93
93
93
93
93
93
93
93
93
93
93
93
93
93
92
92
92
92
92
92
92
92
92
92
92
92
92
92
92
92
92
92
92
92
92
92
92
92
92
92
92
92
92
92
92
92
92
92
92
92
92
92
92
92
92
92
92
92
92
92
92
92
92
92
92
92
92
92
92
92
92
92
92
92
92
92
92
92
92
92
92
92
92
92
92
92
92
29
91
91
91
91
91
91
91
91
91
91
91
91
91
91
91
91
91
91
91
91
91
91
91
91
91
91
91
91
91
91
91
91
91
91
91
91
91
91
91
91
91
91
91
91
91
91
91
91
91
91
91
91
91
91
91
91
91
91
91
91
91
91
91
91
91
91
91
91
91
90
90
90
90
90
90
90
90
90
90
90
90
90
90
90
90
90
90
90
90
90
90
90
90
90
90
90
90
90
90
90
90
90
90
90
90
90
90
90
90
90
90
90
90
90
90
90
90
90
90
90
90
90
90
90
90
90
90
90
90
90
90
90
90
90
90
90
90
90
69
69
83
82
89
89
89
89
89
89
89
89
89
89
89
89
89
89
89
89
89
89
89
89
89
89
89
89
89
89
89
89
89
89
89
89
89
89
89
89
89
89
89
89
89
89
89
89
89
89
89
89
89
89
89
89
89
89
89
89
89
47
88
88
88
88
88
88
88
88
88
88
88
88
88
88
88
88
88
88
88
88
88
88
88
88
88
88
88
88
88
88
88
88
88
88
88
88
88
88
88
88
88
88
88
88
88
88
88
88
88
88
88
88
88
88
88
88
88
88
88
88
88
88
88
88
88
88
88
88
67
87
87
87
87
87
87
87
87
87
87
87
87
87
87
87
87
87
87
87
87
87
87
87
87
87
87
87
87
87
87
87
87
87
87
87
87
87
87
87
87
87
87
87
87
87
87
87
87
87
87
87
87
87
87
87
87
87
87
87
87
87
87
87
87
87
87
87
87
87
87
87
86
86
86
86
86
86
86
86
86
86
86
86
86
86
86
86
86
86
86
86
86
86
86
86
86
86
86
86
86
86
86
86
86
86
86
86
86
86
86
86
86
86
86
86
86
86
86
86
86
86
86
86
86
86
86
86
86
86
86
86
86
86
86
86
86
86
86
86
86
16
78
78
85
85
85
85
85
85
85
85
85
85
85
85
85
85
85
85
85
85
85
85
85
85
85
85
85
85
85
85
85
85
85
85
85
85
85
85
85
85
85
85
85
85
85
85
85
85
85
85
85
85
85
85
85
85
85
85
85
85
85
85
85
85
85
85
85
85
85
85
85
85
85
85
85
85
85
84
84
84
84
84
84
84
84
84
84
84
84
84
84
84
84
84
84
84
84
84
84
84
84
84
84
84
84
84
84
84
84
84
84
84
84
84
84
84
84
84
84
84
84
84
84
84
84
84
84
84
84
84
84
84
84
84
84
84
84
83
83
83
83
83
83
83
83
83
83
83
83
83
83
83
83
83
83
83
83
83
83
83
83
83
83
83
83
83
83
83
83
83
83
83
83
83
83
83
83
83
83
83
83
83
83
83
83
83
83
83
83
83
83
83
83
83
83
83
83
83
83
83
83
83
83
83
83
83
83
47
82
82
82
82
82
82
82
82
82
82
82
82
82
82
82
82
82
82
82
82
82
82
82
82
82
82
82
82
82
82
82
82
82
82
82
82
82
82
82
82
82
82
82
82
82
82
82
82
82
82
82
82
82
82
82
82
82
82
82
82
82
82
82
82
82
82
82
82
82
82
82
81
81
81
81
81
81
81
81
81
81
81
81
81
81
81
81
81
81
81
81
81
81
81
81
81
81
81
81
81
81
81
81
81
81
81
81
81
81
81
81
81
81
81
81
81
81
81
81
81
81
81
81
81
81
81
81
81
81
81
81
81
81
81
81
81
81
81
81
81
81
81
81
81
80
80
80
80
80
80
80
80
80
80
80
80
80
80
80
80
80
80
80
80
80
80
80
80
80
80
80
80
80
80
80
80
80
80
80
80
80
80
80
80
80
80
80
80
80
80
80
80
80
80
80
80
80
80
80
80
80
80
80
80
80
80
80
80
80
80
80
52
79
79
79
79
79
79
79
79
79
79
79
79
79
79
79
79
79
79
79
79
79
79
79
79
79
79
79
79
79
79
79
79
79
79
79
79
79
79
79
79
79
79
79
79
79
79
79
79
79
79
79
79
79
79
79
79
79
79
79
79
79
79
79
79
79
79
79
79
79
79
79
79
79
79
79
79
79
79
79
79
79
79
79
79
79
79
79
37
65
78
78
78
78
78
78
78
78
78
78
78
78
78
78
78
78
78
78
78
78
78
78
78
78
78
78
78
78
78
78
78
78
78
78
78
78
78
78
78
78
78
78
78
78
78
78
78
78
78
78
78
78
78
78
78
78
78
78
78
78
78
78
78
78
78
78
78
78
78
78
78
78
78
78
78
78
78
78
78
15
71
77
77
77
77
77
77
77
77
77
77
77
77
77
77
77
77
77
77
77
77
77
77
77
77
77
77
77
77
77
77
77
77
77
77
77
77
77
77
77
77
77
77
77
77
77
77
77
77
77
77
77
77
77
77
77
77
77
77
77
77
77
77
77
77
77
77
77
77
77
77
77
77
77
77
77
14
69
76
76
76
76
76
76
76
76
76
76
76
76
76
76
76
76
76
76
76
76
76
76
76
76
76
76
76
76
76
76
76
76
76
76
76
76
76
76
76
76
76
76
76
76
76
76
76
76
76
76
76
76
76
76
76
76
76
76
76
76
76
76
76
76
76
76
76
76
76
76
76
76
75
75
75
75
75
75
75
75
75
75
75
75
75
75
75
75
75
75
75
75
75
75
75
75
75
75
75
75
75
75
75
75
75
75
75
75
75
75
75
75
75
75
75
75
75
75
75
75
75
75
75
75
75
75
75
75
75
75
75
75
75
75
75
75
40
74
74
74
74
74
74
74
74
74
74
74
74
74
74
74
74
74
74
74
74
74
74
74
74
74
74
74
74
74
74
74
74
74
74
74
74
74
74
74
74
74
74
74
74
74
74
74
74
74
74
74
74
74
74
74
74
74
74
74
74
74
74
74
74
74
74
74
74
74
74
74
74
74
74
74
74
74
74
74
74
74
74
74
74
73
73
73
73
73
73
73
73
73
73
73
73
73
73
73
73
73
73
73
73
73
73
73
73
73
73
73
73
73
73
73
73
73
73
73
73
73
73
73
73
73
73
73
73
73
73
73
73
73
73
73
73
73
73
73
73
73
73
73
73
73
73
73
73
73
73
73
73
58
72
72
72
72
72
72
72
72
72
72
72
72
72
72
72
72
72
72
72
72
72
72
72
72
72
72
72
72
72
72
72
72
72
72
72
72
72
72
72
72
72
72
72
72
72
72
72
72
72
72
72
72
72
72
72
72
72
72
72
72
72
72
72
72
72
72
72
72
72
72
72
72
72
72
72
72
72
72
72
72
72
72
72
72
72
72
58
71
71
71
71
71
71
71
71
71
71
71
71
71
71
71
71
71
71
71
71
71
71
71
71
71
71
71
71
71
71
71
71
71
71
71
71
71
71
71
71
71
71
71
71
71
71
71
71
71
71
71
71
71
71
71
71
71
71
71
71
71
71
71
71
71
71
71
71
71
71
71
71
71
71
71
71
71
71
71
71
71
71
71
71
71
71
71
70
70
70
70
70
70
70
70
70
70
70
70
70
70
70
70
70
70
70
70
70
70
70
70
70
70
70
70
70
70
70
70
70
70
70
70
70
70
70
70
70
70
70
70
70
70
70
70
70
70
70
70
70
70
70
70
70
70
70
70
70
70
70
70
70
70
70
70
70
70
70
70
21
56
69
69
69
69
69
69
69
69
69
69
69
69
69
69
69
69
69
69
69
69
69
69
69
69
69
69
69
69
69
69
69
69
69
69
69
69
69
69
69
69
69
69
69
69
69
69
69
69
69
69
69
69
69
69
69
69
69
69
69
69
69
69
69
69
69
69
68
68
68
68
68
68
68
68
68
68
68
68
68
68
68
68
68
68
68
68
68
68
68
68
68
68
68
68
68
68
68
68
68
68
68
68
68
68
68
68
68
68
68
68
68
68
68
68
68
68
68
68
68
68
68
68
68
68
68
68
68
68
68
68
68
68
68
68
68
68
68
68
68
68
68
68
68
68
68
68
68
68
68
68
68
68
68
68
68
68
68
68
68
68
68
68
67
67
67
67
67
67
67
67
67
67
67
67
67
67
67
67
67
67
67
67
67
67
67
67
67
67
67
67
67
67
67
67
67
67
67
67
67
67
67
67
67
67
67
67
67
67
67
67
67
67
67
67
67
67
67
67
67
67
67
67
67
67
67
67
67
67
67
67
67
67
67
67
67
60
67
67
67
67
53
52
66
66
66
66
66
66
66
66
66
66
66
66
66
66
66
66
66
66
66
66
66
66
66
66
66
66
66
66
66
66
66
66
66
66
66
66
66
66
66
66
66
66
66
66
66
66
66
66
66
66
66
66
66
66
66
66
66
66
66
66
66
66
66
66
66
66
66
66
66
66
66
66
66
66
66
66
66
66
66
66
66
66
66
66
66
66
66
66
66
66
66
66
65
65
65
65
65
65
65
65
65
65
65
65
65
65
65
65
65
65
65
65
65
65
65
65
65
65
65
65
65
65
65
65
65
65
65
65
65
65
65
65
65
65
65
65
65
65
65
65
65
65
65
65
65
65
65
65
65
65
65
65
65
65
65
65
65
65
65
65
65
65
65
65
65
65
65
65
65
65
65
65
65
65
65
65
65
65
65
65
65
65
65
65
65
65
65
65
65
65
65
65
65
65
65
64
64
64
64
64
64
64
64
64
64
64
64
64
64
64
64
64
64
64
64
64
64
64
64
64
64
64
64
64
64
64
64
64
64
64
64
64
64
64
64
64
64
64
64
64
64
64
64
64
64
64
64
64
64
64
64
64
64
64
64
64
64
64
64
64
64
64
64
64
64
64
64
64
64
64
64
64
64
64
64
64
64
64
64
64
64
64
64
63
63
63
63
63
63
63
63
63
63
63
63
63
63
63
63
63
63
63
63
63
63
63
63
63
63
63
63
63
63
63
63
63
63
63
63
63
63
63
63
63
63
63
63
63
63
63
63
63
63
63
63
63
63
63
63
63
63
63
63
63
63
63
63
63
63
63
63
63
63
63
63
63
63
63
63
63
63
63
63
63
63
63
63
63
63
63
56
63
63
56
62
62
62
62
62
62
62
62
62
62
62
62
62
62
62
62
62
62
62
62
62
62
62
62
62
62
62
62
62
62
62
62
62
62
62
62
62
62
62
62
62
62
62
62
62
62
62
62
62
62
62
62
62
62
62
62
62
62
62
62
62
62
62
62
62
62
62
62
62
62
62
62
62
62
62
62
62
62
62
62
62
62
62
62
62
62
62
62
62
62
62
62
62
62
62
62
62
62
62
62
54
61
61
61
61
61
61
61
61
61
61
61
61
61
61
61
61
61
61
61
61
61
61
61
61
61
61
61
61
61
61
61
61
61
61
61
61
61
61
61
61
61
61
61
61
61
61
61
61
61
61
61
61
61
61
61
61
61
61
61
61
61
61
61
61
61
61
61
61
61
61
61
61
61
61
61
61
61
61
61
61
61
60
60
60
60
60
60
60
60
60
60
60
60
60
60
60
60
60
60
60
60
60
60
60
60
60
60
60
60
60
60
60
60
60
60
60
60
60
60
60
60
60
60
60
60
60
60
60
60
60
60
60
60
60
60
60
60
60
60
60
60
60
60
60
60
60
60
60
60
60
60
60
60
60
60
60
60
60
60
60
60
60
60
60
60
60
60
60
59
59
59
59
59
59
59
59
59
59
59
59
59
59
59
59
59
59
59
59
59
59
59
59
59
59
59
59
59
59
59
59
59
59
59
59
59
59
59
59
59
59
59
59
59
59
59
59
59
59
59
59
59
59
59
59
59
59
59
59
59
59
59
59
59
59
59
59
59
59
59
59
59
59
59
59
59
59
59
59
59
59
59
59
59
59
59
59
59
59
59
59
59
59
59
59
59
59
59
59
59
59
59
59
59
59
59
59
59
59
59
59
59
59
58
58
58
58
58
58
58
58
58
58
58
58
58
58
58
58
58
58
58
58
58
58
58
58
58
58
58
58
58
58
58
58
58
58
58
58
58
58
58
58
58
58
58
58
58
58
58
58
58
58
58
58
58
58
58
58
58
58
58
58
58
58
58
58
58
58
58
58
58
58
58
58
58
58
58
58
58
58
58
58
57
57
57
57
57
57
57
57
57
57
57
57
57
57
57
57
57
57
57
57
57
57
57
57
57
57
57
57
57
57
57
57
57
57
57
57
57
57
57
57
57
57
57
57
57
57
57
57
57
57
57
57
57
57
57
57
57
57
57
57
57
57
57
57
57
57
57
57
57
57
57
57
57
57
57
57
57
57
57
57
57
57
57
57
57
57
57
57
57
57
57
49
56
56
56
56
56
56
56
56
56
56
56
56
56
56
56
56
56
56
56
56
56
56
56
56
56
56
56
56
56
56
56
56
56
56
56
56
56
56
56
56
56
56
56
56
56
56
56
56
56
56
56
56
56
56
56
56
56
56
56
56
56
56
56
56
56
56
56
56
56
56
56
56
56
56
56
56
56
56
56
56
56
56
56
56
56
56
56
56
56
56
56
56
56
49
55
55
55
55
55
55
55
55
55
55
55
55
55
55
55
55
55
55
55
55
55
55
55
55
55
55
55
55
55
55
55
55
55
55
55
55
55
55
55
55
55
55
55
55
55
55
55
55
55
55
55
55
55
55
55
55
55
55
55
55
55
55
55
55
55
55
55
55
55
55
55
55
55
55
55
55
55
55
55
55
55
55
55
55
55
55
55
55
55
55
55
55
55
55
55
54
54
54
54
54
54
54
54
54
54
54
54
54
54
54
54
54
54
54
54
54
54
54
54
54
54
54
54
54
54
54
54
54
54
54
54
54
54
54
54
54
54
54
54
54
54
54
54
54
54
54
54
54
54
54
54
54
54
54
54
54
54
54
54
54
54
54
54
54
54
54
54
54
54
54
54
54
54
54
54
54
54
54
54
54
54
54
54
54
53
53
53
53
53
53
53
53
53
53
53
53
53
53
53
53
53
53
53
53
53
53
53
53
53
53
53
53
53
53
53
53
53
53
53
53
53
53
53
53
53
53
53
53
53
53
53
53
53
53
53
53
53
53
53
53
53
53
53
53
53
53
53
53
53
53
53
53
53
53
53
53
53
53
53
53
53
53
53
53
53
53
53
53
53
53
53
53
53
53
53
53
53
53
53
52
52
52
52
52
52
52
52
52
52
52
52
52
52
52
52
52
52
52
52
52
52
52
52
52
52
52
52
52
52
52
52
52
52
52
52
52
52
52
52
52
52
52
52
52
52
52
52
52
52
52
52
52
52
52
52
52
52
52
52
52
52
52
52
52
52
52
52
52
52
52
52
52
52
52
52
52
52
52
52
52
52
52
52
52
52
52
52
52
52
45
51
51
51
51
51
51
51
51
51
51
51
51
51
51
51
51
51
51
51
51
51
51
51
51
51
51
51
51
51
51
51
51
51
51
51
51
51
51
51
51
51
51
51
51
51
51
51
51
51
51
51
51
51
51
51
51
51
51
51
51
51
51
51
51
51
51
51
51
51
51
51
51
51
51
51
51
51
51
51
51
51
51
51
51
51
51
51
51
51
51
50
50
50
50
50
50
50
50
50
50
50
50
50
50
50
50
50
50
50
50
50
50
50
50
50
50
50
50
50
50
50
50
50
50
50
50
50
50
50
50
50
50
50
50
50
50
50
50
50
50
50
50
50
50
50
50
50
50
50
50
50
50
50
50
50
50
50
50
50
50
50
50
50
50
50
50
50
50
50
50
50
50
50
49
49
49
49
49
49
49
49
49
49
49
49
49
49
49
49
49
49
49
49
49
49
49
49
49
49
49
49
49
49
49
49
49
49
49
49
49
49
49
49
49
49
49
49
49
49
49
49
49
49
49
49
49
49
49
49
49
49
49
49
49
49
49
49
49
49
49
49
49
49
49
49
49
49
49
49
49
49
49
49
49
49
49
49
49
49
49
49
49
49
49
49
49
49
49
49
49
49
49
49
49
48
48
48
48
48
48
48
48
48
48
48
48
48
48
48
48
48
48
48
48
48
48
48
48
48
48
48
48
48
48
48
48
48
48
48
48
48
48
48
48
48
48
48
48
48
48
48
48
48
48
48
48
48
48
48
48
48
48
48
48
48
48
48
48
48
48
48
48
48
48
48
48
48
48
48
48
48
48
48
48
47
47
47
47
47
47
47
47
47
47
47
47
47
47
47
47
47
47
47
47
47
47
47
47
47
47
47
47
47
47
47
47
47
47
47
47
47
47
47
47
47
47
47
47
47
47
47
47
47
47
47
47
47
47
47
47
47
47
47
47
47
47
47
47
47
47
47
47
47
47
47
47
47
47
46
46
46
46
46
46
46
46
46
46
46
46
46
46
46
46
46
46
46
46
46
46
46
46
46
46
46
46
46
46
46
46
46
46
46
46
46
46
46
46
46
46
46
46
46
46
46
46
46
46
46
46
46
46
46
46
46
46
46
46
46
46
46
46
46
46
46
46
46
46
46
46
46
45
45
45
45
45
45
45
45
45
45
45
45
45
45
45
45
45
45
45
45
45
45
45
45
45
45
45
45
45
45
45
45
45
45
45
45
45
45
45
45
45
45
45
45
45
45
45
45
45
45
45
45
45
45
45
45
45
45
45
45
45
45
45
45
45
45
45
45
45
44
44
44
44
44
44
44
44
44
44
44
44
44
44
44
44
44
44
44
44
44
44
44
44
44
44
44
44
44
44
44
44
44
44
44
44
44
44
44
44
44
44
44
44
44
44
44
44
43
43
43
43
43
43
43
43
43
43
43
43
43
43
43
43
43
43
43
43
43
43
43
43
43
43
43
43
43
43
43
43
43
43
43
43
43
43
43
43
42
42
42
42
42
42
42
42
42
42
42
42
42
42
42
42
42
42
42
42
42
42
42
42
42
42
42
42
42
42
42
42
42
42
42
42
42
42
41
41
41
41
41
41
41
41
41
41
41
41
41
41
41
41
41
41
41
41
41
41
41
41
41
41
41
41
41
41
41
41
41
41
41
40
40
40
40
40
40
40
40
40
40
40
40
40
40
40
40
40
40
40
40
40
40
40
40
40
39
39
39
39
39
39
39
39
39
39
39
39
39
39
39
39
39
39
39
39
39
39
38
38
38
38
38
38
38
38
38
38
38
38
38
38
38
38
38
38
37
37
37
37
37
37
37
37
37
37
37
36
36
36
36
36
36
36
36
35
35
34
34
34
32
27
