201639
28584
283421
15864
14991
14497
12185
11493
10976
10401
9901
8914
7315
7009
6885
6854
6699
6519
6224
6055
5806
5329
4752
4596
4522
4432
4244
3994
3990
3784
3741
3039
2839
2753
2732
2665
12241132
2367
2367
2351
62521
2251
2181
2128
2122
2082
1834
1796
1775
1704
3041
1567
1556
1476
1355
1344
1336
1299
1267
1261
1258
1247
1244
6272068
1222
1218
1139
1091
1088
1071
1002
964
910
901
884
881
878
849
846
830
807
804
777
777
761
736
726
680
677
662
661
658
656
752
646
641
634
611
610
600
596
593
583
577
570
569
562
553
547
546
545
540
655
533
530
516
511
508
504
504
501
500
214363
493
491
479
479
476
472
466
465
455
96471
442
441
437
432
420
419
417
416
409
407
405
404
402
400
398
395
389
1656120
378
377
374
373
373
372
367
362
360
359
358
358
362
357
354
359
353
351
348
347
346
344
344
344
343
341
338
336
335
331
329
329
326
325
323
327
320
419498
316
316
315
315
231378
313
308
306
306
1511279
304
304
302
301
299
310
298
291
290
290
289
288
287
287
285
283
282
281
280
277
276
271
270
268
268
268
266
2014
350
258
258
258
258
258
251
251
250
249
248
248
247
263628
305
245
242
242
241
241
240
248
236
56268
243
233
330251
232
231
231
230
226
225
224
223
222
222
328
221
221
220
220
217
220
214
214
212
212
211
210
210
209
208
208
207
207
206
205
204
200
200
199
198
198
196
196
192
192
191
190
188
188
186
185
185
185
184
183
275
181
179
179
178
177
177
176
175
175
173
171
171
169
169
169
168
168
168
169
167
167
167
165
164
164
163
163
30552
161
161
159
159
94884
157
156
156
155
155
154
153
152
152
151
150
743179
149
149
148
148
147
146
146
146
144
143
143
143
141
141
141
141
140
140
140
140
140
139
139
138
138
138
138
137
137
136
136
134
134
133
133
132
132
132
130
130
129
129
129
129
129
127
126
126
126
126
126
126
125
125
123
123
123
1675
122
121
121
121
120
120
120
119
119
118
118
118
117
117
379381
116
116
115
115
115
115
114
114
114
114
113
113
112
112
491206
111
111
149
110
109
109
133
108
108
108
108
108
108
108
133
107
107
107
106
105
105
105
104
103
102
101
101
101
101
100
99
103
98
98
98
98
97
97
461978
96
96
95
95
96
94
94
94
94
1185
93
93
93
93
93
93
93
93
92
92
91
91
267
90
90
90
90
90
89
89
89
88
88
88
252
87
86
86
86
86
85
85
85
84
84
84
83
83
90
38021
82
82
82
125
81
81
81
81
939
80
80
80
8889
79
78
78
77
77
77
77
76
74
74
74
74
73
73
349115
72
72
71
71
71
71
70
70
70
106
69
69
69
69
68
83
178
67
67
67
218
66
66
65
65
65
64
64
64
63
278857
62
61
61
61
61
60
59
59
59
59
58
57
734
55
55
120
541
53
268185
52
52
51
51
50
50
50
49
99434
48
104
47
214341
458
89
46
205904
596
577
5093
96
28606
61
193
905
494
69
959
3646
137019
3039
82557
39
282
46
28864
84
1740
97
10554
446
60
2403
50002
115
426
153
89
72
11953
86021
210
1146
67
106
89804
9936
606
233
25
137
77843
2086
75
68414
69831
103
59
66507
66936
288
188
7010
74
64
57
411
541
240
61977
1081
60314
65
57
72
110
34
57
58862
149
51789
74
242
43
43
148
91
53082
53768
266
64611
61
65
26
71
77
52424
76
56141
574
194
1978
24
176
37
59
39
78
80
150
66
40971
54
1327
50
64
181
56
220
37174
114
43027
94
24
179
45
38
148
41177
32
16817
33
34
158
119
48
534
575
141
88
26
115
124
32
169
124
31
10757
14
55
167
165
261
40
77
50
141
7357
79
147
54
190
102
109
37012
347
25137
25969
60
256
10866
51
425
30
28411
230
61
69
60
73
47
13
10
94
25756
204
693
60
333
93
186
114
42
187
24541
63
91
39
370
75
38
24691
23318
44
67
125
21724
138
533
25
31
110
47
25
25
38
134
33
86
41
44
44
36
81
37
25
34
47
33
25
25
25
20
19
26
21949
2023
37044
93
219
75
139
6518
119
20252
34
55
83
61
83
43
44
103
109
63
338
631
100
13
88
15
2385
25884
92
20864
75
44
5352
18514
28
62
115
16
21
71
17054
15
36
25
306
62
388
264
53
93
72
38
25
227
10
149
64
47
53
10
141
36
82
21
82
34
22
86
21
12
55
16135
35
14
26
25
23
22
18
17
17567
192
16258
79
281
10321
251
348
16334
1804
369
5994
18
143
65
1086
22527
119
104
202
300
369
18
142
14801
14685
175
169
63
64
14236
177
27
204
13460
41
80
28
53
2071
456
11
331
69
71
8926
39
115
319
38
139
54
7252
84
81
13230
23
13087
13472
46
34
16628
6974
47
47
12
60
67
21
12874
17
72
25
23
21
43
22
15
27
24
13
35
296
21
12792
68
78
53
30
25
48
46
37
36
133
19
15
19
86
19
44
37
19
82
35
32
33
26
16
6756
41
28
46
43
41
40
18
32
38
30
272
29
36
15
26
31
14
27
25
17
20
13
18
18
16
16
15
12
10
14054
190
98
654
125
578
52
594
123
321
611
167
138
229
7508
609
849
893
266
104
11154
69
11149
11075
580
60
159
41
9889
11270
10896
74
76
759
88
391
10733
130
4372
82
90
110
38
69
142
38
79
57
58
186
111
106
108
4557
67
111
26
94
40
176
7735
6564
78
68
52
38
60
25
134
13
85
224
56
27
640
9583
9348
78
9512
9503
99
243
148
116
8191
40
44
390
756
63
349
33
39
14
49
14
48
34
34
31
99
114
37
87
51
245
25
29
30
189
38
14760
15
8972
59
139
48
20
21
39
59
54
39
29
72
17
37
15
43
19
62
63
20
649
14
62
11
41
40
64
47
51
49
20
36
21
12
52
23
21
22
20
15
15
32
8678
90
48
57
27
27
674
127
35
14154
52
12
116
21
559
332
37
15
25
10756
19
22
187
81
133
8519
79
58
47
12
12
18
73
151
28
85
47
61
32
19
38
68
56
149
19
88
45
43
26
26
25
30
29
93
30
15
39
72
23
13
46
18
10
10
16
14
19
10
14
21
26
8252
57
14
3093
55
34
20
39
36
15
49
45
31
36
40
33
26
18
31
10
37
36
36
21
35
21
34
33
33
12
33
25
16
85
28
28
14
28
27
25
25
25
18
25
11
17
10
16
23
15
21
12
12
20
18
18
16
16
8217
15
8314
14
14
14
14
26
13
13
12
12
12
12
11
11
11
11
10
10
8117
95
138
103
1912
198
64
1505
82
7838
3599
238
50
71
6336
63
200
178
430
7648
4671
244
5566
15260
7497
499
41
29
51
6423
7347
114
72
7472
7274
3827
123
135
11660
140
6970
7124
59
115
7077
18
10096
182
457
93
91
339
6944
35
5807
56
59
241
25
4488
6097
6778
6768
69
39
25
199
53
6756
34
136
38
29
29
85
42
41
315
1063
95
33
85
24
55
6706
87
52
99
828
151
84
7562
43
6677
907
148
6498
6484
5903
6477
37
67
30
75
207
185
264
6362
161
103
6413
235
6424
228
35
67
46
16
6296
20
33
10268
14
44
6245
101
108
23
29
41
35
824
5929
24
17
148
66
6147
5633
173
90
6043
1656
151
90
129
53
108
40
1923
5949
54
5945
422
17
43
58
5873
696
42
21
53
23
5754
39
213
264
30
34
2048
5774
83
131
5809
81
123
31
18
14
239
27
4452
5798
11
47
42
39
67
71
42
5676
33
18
28
66
51
19
20
5606
281
1968
39
422
38
94
37
46
2969
62
20
24
5458
64
1152
220
68
67
4946
5447
122
81
44
85
5376
134
91
57
58
75
28
22
54
11
71
34
67
18
35
20
696
37
50
103
31
36
22
13
67
32
22
169
27
5195
167
12
5181
50
92
22
261
21
558
10
16
28
40
115
5273
24
15
23
22
5177
21
34
14
10
13
11
11
10
75
86
5429
541
29
5104
140
28
5093
5087
215
106
44
24
62
930
128
5008
5018
55
165
52
34
4620
4978
57
42
4963
345
94
56
131
4927
58
77
86
4907
44
128
3209
2636
51
87
1382
396
4859
54
26
36
20
19
44
14
27
159
4813
17
15
34
55
40
56
707
61
77
4787
164
124
49
6539
15
34
12
81
30
29
482
18
22
22
322
77
12
4748
12
46
4744
88
35
544
121
4856
12
26
52
10
114
23
4653
30
23
30
60
35
41
41
31
15
40
11
23
29
20
58
54
32
23
23
10
49
21
13
17
85
39
11
16
17
15
43
132
46
10
36
4672
18
21
48
19
39
32
3721
49
28
49
27
13
40
24
24
15
42
41
25
57
38
24
30
106
59
28
21
79
33
26
26
27
17
17
23
16
30
28
27
13
1061
24
17
31
24
31
34
13
23
23
47
22
27
21
21
14
13
13
13
13
43
19
19
18
18
16
16
16
11
15
14
14
14
11
2379
13
13
13
12
11
10
10
10
4609
12
10
197
49
125
4419
59
78
29
251
20
17
30
42
46
78
3541
14
4495
75
104
65
4477
229
53
74
42
21
335
20
47
19
25
34
16
3487
195
47
331
20
60
4119
82
53
11
39
4395
45
44
37
246
41
20
19
3020
23
278
78
13
55
59
52
49
41
24
37
26
32
248
34
16
104
32
4321
74
4326
16
28
14
13
40
14
142
154
14
48
19
186
24
30
15
34
31
51
16
89
71
82
47
172
171
10
44
15
15
66
28
14
13
26
26
44
17
22
27
13
27
19
12
45
17
24
22
22
21
17
65
16
23
14
1330
2414
13
20
21
61
129
178
30
28
32
30
48
119
26
54
38
51
44
36
15
4444
49
48
41
13
19
39
108
29
56
28
27
75
12
26
40
39
39
11
18
101
45
16
37
15
21
42
20
4192
60
96
33
24
31
31
29
29
14
27
13
20
20
27
26
29
25
18
11
25
57
24
24
17
17
79
23
23
30
23
22
21
21
14
47
27
61
12
19
11
11
18
17
17
10
16
14
27
76
13
14
12
12
12
12
23
11
53
11
10
13
70
33
19
32
11
38
58
30
35
34
25
11
17
16
4971
92
55
55
55
55
26
40
12
53
53
25
38
30
37
22
28
49
42
42
34
48
33
40
47
26
25
18
25
45
31
10
10
45
10
44
44
30
37
44
43
29
43
29
15
43
22
29
35
28
41
41
41
41
13
41
40
40
19
26
12
32
25
39
39
18
18
39
32
39
38
31
38
38
38
38
38
38
24
31
17
10
17
16
16
37
36
36
36
29
36
29
15
35
35
35
35
21
28
28
28
34
34
34
34
20
13
34
13
13
34
13
33
33
33
33
26
19
33
12
33
32
25
32
18
32
32
25
26
31
31
24
10
17
10
17
31
30
23
30
23
30
16
16
16
30
16
30
37
67
29
22
29
15
29
15
29
29
15
13
28
14
28
14
28
27
20
27
27
13
20
13
27
28
22
26
26
26
26
26
26
12
26
19
12
26
12
26
26
25
25
25
18
18
25
25
25
25
11
25
25
25
25
25
25
18
24
24
24
24
24
24
24
10
24
24
24
10
24
25
23
23
23
23
23
16
16
16
16
23
22
22
22
22
22
22
22
22
22
22
30
13
14
21
21
21
14
21
14
14
21
3150
20
20
20
20
20
20
20
20
20
20
13
20
20
20
20
27
46
19
19
19
19
19
19
19
12
19
12
19
12
19
25
24
18
18
18
18
18
18
18
18
18
11
18
18
18
18
13
17
17
17
17
10
10
10
17
17
10
17
17
17
17
10
38
31
16
16
16
16
16
16
16
16
16
16
16
16
36
11
15
15
15
15
15
15
15
15
15
15
15
15
15
15
15
15
15
14
14
14
14
14
14
14
14
14
14
14
13
13
13
13
13
13
13
13
13
13
13
13
13
13
13
13
13
28
10
12
12
12
12
12
12
12
12
12
12
12
12
12
12
12
12
12
12
12
12
12
12
4107
27
12
25
11
11
11
11
11
11
11
11
11
11
11
11
11
11
11
11
11
4106
25
13
10
10
10
10
10
10
10
10
10
10
10
10
10
10
10
10
10
10
10
10
10
12
20
10
16
19
11
10
12
13
11
950
4145
4091
4068
126
4056
3220
4046
4034
76
55
3567
93
43
92
90
92
186
3909
3939
3901
43
73
27
115
3862
123
4966
371
1249
106
2995
3741
3476
31
177
3747
69
3236
3741
2568
547
228
3695
46
3671
3692
3667
3624
122
40
186
3615
512
33
3612
64
13
3609
2582
3560
80
191
3536
726
3522
3523
239
3506
3392
1997
89
800
3471
54
1532
3444
737
1178
3625
59
3426
3413
62
68
3472
3370
3366
183
2872
21
3343
3324
45
3188
659
3321
30
3322
94
70
53
2214
114
37
3242
47
3238
2060
3232
3230
57
3269
67
3205
3066
53
5055
3314
56
21
62
752
93
107
13
27
125
3140
90
43
28
3123
3301
34
2974
174
39
14
130
93
400
28
45
219
3091
1694
41
91
3037
103
3007
1394
2972
87
83
2979
2967
2963
2941
2953
1705
2941
92
2926
2898
34
2910
2904
1137
75
2851
3014
105
2876
185
201
1187
2870
65
42
1162
1836
53
3341
36
1940
2833
87
556
2817
44
295
2815
2126
2808
2800
31
58
43
2682
429
104
48
2781
60
73
403
2760
2772
74
39
206
2754
3273
47
40
2243
2719
2739
99
358
2536
55
37
93
50
1779
2722
2661
2847
2702
2456
2691
69
2770
612
3146
35
2041
2643
58
2669
154
63
2624
2659
27
17
2656
2661
41
2654
2691
932
2646
23
2651
2596
2576
2637
2649
42
928
43
2624
53
2622
38
41
88
1586
31
2614
2612
217
52
2607
146
2614
43
35
41
1273
11
38
28
30
12
2588
2576
13
17
17
14
2574
104
268
2564
2562
45
128
976
121
2549
2513
689
62
2503
2486
30
118
26
162
63
2496
2459
80
2452
57
2443
20
867
2435
4041
2453
62
73
91
2409
2387
108
69
117
106
447
137
371
2395
1650
43
808
860
76
568
2352
76
48
2349
2350
2346
2344
142
2341
2339
2334
32
24
580
122
67
2314
37
23
63
105
176
120
58
1504
63
958
89
2287
2293
2899
44
2291
2339
70
301
2287
105
2254
37
105
170
2274
87
51
1902
2266
25
58
119
132
20
2245
24
1798
122
591
2255
2235
32
345
2228
2273
1361
2245
124
2215
2214
106
1841
23
2204
159
2203
2487
67
2073
2164
40
61
18
137
29
111
2189
504
63
2165
1790
123
52
51
113
391
47
59
61
28
20
2359
75
90
124
2132
16
15
71
70
60
253
97
1497
21
22
2118
98
147
592
38
59
1045
3476
200
2103
188
54
2112
2096
562
50
29
38
44
42
350
26
362
39
2087
37
1507
34
32
30
112
2077
124
26
46
2346
19
28
2068
29
18
17
16
16
16
15
15
23
12
12
2041
568
2036
2051
2049
60
87
66
646
70
30
1450
65
177
99
2050
2019
41
2017
60
528
2004
2008
2005
78
2015
1987
1972
58
261
1983
1336
51
1949
147
539
1959
57
454
28
1958
61
954
246
1938
51
1931
502
73
1924
1880
1934
59
1921
44
1921
1941
360
1912
69
258
1985
1903
55
1892
1390
94
255
58
541
1705
1888
51
29
1240
52
1858
64
1926
1754
227
140
62
1913
416
1839
164
60
188
464
1824
1682
1820
33
1838
1509
962
1815
1814
1809
23
71
1807
481
108
1802
37
1802
1797
168
624
1807
118
1791
1798
122
134
1786
1821
1785
34
60
1431
23
83
62
2907
1776
18
104
28
1771
1773
1007
88
1765
27
83
69
96
1762
1807
913
23
15
36
1684
1785
92
36
826
1748
137
1676
23
56
1182
38
1699
124
1982
10
297
1737
15
26
1670
45
646
1730
50
1829
1729
1726
1726
60
227
1724
1727
1722
1722
1190
42
70
1719
67
1723
23
1732
1716
36
1900
1712
1713
23
1713
20
38
1699
18
53
38
59
29
96
33
1683
1690
1688
148
1700
55
24
681
23
23
1029
20
1678
457
16
1673
965
20
1675
1647
1674
1668
401
1666
69
75
54
1663
52
1667
553
1636
509
33
1656
1652
1651
1651
699
55
1653
33
1649
115
1645
1643
1622
82
45
1640
79
36
42
1642
1631
1594
1625
11
25
29
22
1621
20
19
1613
59
11
32
1611
22
30
1610
1614
21
719
22
11
19
10
1604
552
68
75
117
1615
100
30
51
65
1596
672
1613
142
785
1589
658
49
28
1610
1587
32
1587
130
45
211
1581
1574
20
1435
40
1579
39
38
1576
50
1562
1574
1574
34
1578
33
33
22
1529
1576
37
1574
36
36
35
399
20
20
34
55
32
25
136
10
1563
30
22
16
168
28
28
28
1578
54
1560
27
1426
19
382
11
150
122
17
17
1558
1549
218
15
15
1558
1559
14
20
20
20
49
19
19
18
1551
17
16
1375
48
22
1530
1542
1541
1217
123
46
1533
287
231
77
1532
1529
121
133
1525
1524
180
1525
1527
1522
57
1130
89
332
98
331
64
1511
1510
1506
252
367
206
1484
408
29
914
185
52
38
120
1494
21
1490
242
32
85
100
1344
1147
1482
1328
1493
169
1473
254
1472
63
1021
75
47
1467
1464
99
1465
222
1460
1397
38
1458
68
1297
37
1446
196
70
1441
27
1442
1384
289
1440
1787
1369
88
1440
1429
1429
1429
35
41
1424
66
1431
261
1430
1421
1412
1418
1413
1512
1415
1083
1409
1374
93
1416
1405
110
1405
1420
1413
421
77
1396
1305
64
203
1393
1397
781
39
1391
1389
1388
1388
1386
41
13
1390
402
59
198
1432
169
329
1377
26
82
1376
158
59
1372
1371
1373
121
143
429
1375
1366
1364
33
1389
1363
121
41
111
48
1358
1357
61
1353
76
1348
1256
1302
161
622
74
53
1254
1337
88
1334
1333
1331
916
27
41
1265
1327
718
52
1323
1348
1375
152
173
143
118
37
1317
126
77
1314
207
1312
1311
1024
29
64
1310
1309
1302
1306
24
22
456
41
1302
28
1302
1303
96
1308
53
1299
25
10
1297
274
64
42
28
56
41
48
775
1292
214
1291
1291
23
162
92
70
1287
1283
1288
624
1281
70
69
43
1091
1279
236
53
18
1289
1277
87
80
1284
672
55
1272
124
33
1202
1281
45
1271
44
1174
145
39
636
21
1262
1261
1258
295
1257
179
94
1256
25
1224
15
1277
1272
657
360
87
41
1247
105
28
21
20
26
1254
1244
1242
85
1239
1236
1235
1221
1261
1233
1236
740
1232
1233
90
313
19
1230
39
80
730
58
16
15
15
15
69
1223
1223
47
68
1173
69
66
192
100
37
1219
64
1155
460
180
89
33
1216
66
1213
50
64
34
81
1210
1207
1205
673
1207
1204
35
1208
34
1196
41
52
1213
1199
65
1592
92
132
1110
40
47
1159
1193
58
1191
1191
57
41
1188
26
39
1168
1186
1183
23
64
85
35
1190
860
27
1183
1181
26
19
12
25
1183
31
66
1177
1180
126
14
28
27
259
744
1174
1174
18
45
1179
1174
16
23
15
1169
1168
41
1167
1166
1166
1103
22
1165
1158
38
33
65
16
64
120
14
783
258
75
1158
1153
1156
610
57
1154
230
69
1532
1153
19
1152
1152
144
60
1060
65
52
29
15
266
28
818
1146
61
1146
1145
60
25
1137
1482
1143
1143
23
1148
1142
1135
1141
49
820
27
54
606
1137
213
31
17
63
40
351
36
1143
1132
1133
392
1126
834
1132
40
26
39
24
31
352
1057
55
1124
30
1091
27
20
20
19
1119
1118
1116
31
17
1080
37
23
32
22
21
49
1115
1113
125
20
13
1105
89
12
26
32
17
23
1135
1065
533
22
1107
651
14
43
20
20
1114
19
1103
340
11
18
18
18
16
15
1099
1099
1098
1042
13
1113
22
14
11
1095
1090
89
12
67
1078
1094
52
1091
1085
1022
56
36
664
174
62
62
1087
125
1067
157
1081
58
44
93
1080
1078
56
659
27
19
53
1035
1067
45
51
953
24
1071
49
42
28
61
47
47
40
251
1076
1068
887
549
101
1066
44
79
1052
42
14
349
279
153
40
26
1055
1061
39
24
1060
1059
23
30
1058
29
29
1057
756
21
14
17
28
496
118
20
34
27
1055
530
12
1054
774
25
18
31
31
31
45
1058
520
30
16
16
29
29
28
21
28
27
27
27
26
12
12
25
60
18
24
17
24
24
10
1037
19
23
16
23
16
23
1044
22
22
22
49
21
14
14
21
25
1043
143
22
468
97
20
20
20
20
20
513
1041
19
12
12
26
1040
130
18
18
18
17
17
17
17
17
10
17
17
149
16
16
16
16
16
16
16
1037
1037
15
15
15
15
15
15
1331
54
1036
735
77
14
14
14
14
1035
13
13
13
13
13
62
1036
12
12
12
12
17
12
11
11
11
11
11
18
1033
10
10
10
396
1031
17
1030
43
64
16
14
14
12
1034
20
52
1028
1025
92
20
1021
376
1017
508
675
1032
625
942
1016
1015
1000
300
27
27
1013
236
54
40
1013
677
25
1011
1011
1013
1008
996
1005
1015
1015
39
38
121
1008
48
34
649
33
26
997
290
997
994
993
705
941
38
59
58
37
988
155
987
41
887
103
67
319
62
136
982
994
1101
183
64
29
995
979
202
144
32
979
966
975
973
414
985
972
950
95
1022
101
72
92
113
357
35
600
950
963
647
935
961
905
960
120
1044
140
51
924
958
1068
945
236
942
39
973
948
395
45
954
953
953
938
406
35
937
952
451
949
949
193
948
38
50
189
56
126
945
39
59
940
940
904
938
931
910
812
927
131
934
31
842
932
35
930
916
902
680
1009
937
927
927
73
928
907
926
926
877
924
19
862
918
919
679
889
595
917
155
915
915
995
914
67
17
912
842
912
916
64
919
644
56
20
20
41
586
953
913
556
534
44
888
441
328
1048
902
33
901
32
899
731
1144
898
863
275
28
900
895
69
62
952
900
95
900
892
892
891
37
800
752
421
50
894
31
889
111
229
885
884
771
99
821
357
853
510
34
117
54
676
53
815
207
878
31
24
888
30
30
897
876
855
78
878
875
875
875
838
874
76
873
873
26
876
865
855
870
100
23
811
870
869
645
857
42
867
293
69
866
866
75
33
831
801
864
745
865
793
862
827
29
931
126
49
820
860
861
24
45
833
857
572
71
858
701
715
854
497
244
852
201
109
850
73
422
51
100
848
848
106
85
444
848
848
594
229
110
54
19
846
32
18
841
162
78
22
57
120
786
447
329
385
840
839
76
13
835
833
837
844
389
199
66
739
201
835
836
526
833
833
833
42
63
653
832
831
885
831
110
87
52
829
828
121
50
29
28
63
827
47
56
827
825
41
686
817
26
33
820
228
821
821
821
211
64
29
308
734
440
385
237
782
816
816
816
816
557
813
832
817
33
813
813
92
794
812
427
147
28
42
813
813
848
811
833
810
803
47
26
812
810
38
808
107
809
36
793
805
27
803
803
75
805
291
802
802
18
55
801
157
31
787
804
799
99
29
796
798
798
798
799
26
786
140
784
203
20
797
796
796
802
32
796
19
794
798
793
472
45
46
253
71
71
610
791
56
28
28
792
790
784
865
790
20
789
789
376
770
680
788
788
88
74
25
748
868
787
52
24
24
51
788
163
787
694
22
616
14
335
796
782
75
19
527
37
780
17
704
779
16
268
791
561
15
29
25
777
140
147
14
769
776
776
776
97
48
13
775
775
264
19
54
775
468
773
773
171
773
128
114
37
565
771
512
57
776
770
770
769
258
780
523
83
767
46
66
741
765
765
520
254
51
44
51
50
709
786
49
260
762
118
131
222
53
25
759
185
493
38
226
114
58
758
690
616
77
758
755
118
756
755
752
735
747
755
755
752
45
38
46
744
751
751
135
37
752
659
750
33
749
105
63
749
748
713
377
41
826
747
33
750
106
27
749
38
31
744
51
114
30
747
701
744
742
742
112
98
21
49
678
741
41
20
741
740
712
743
113
739
738
28
725
30
120
134
735
28
28
14
483
216
223
736
736
61
33
72
263
32
18
11
18
728
668
31
17
31
31
10
94
730
730
58
23
718
351
22
732
665
28
28
21
98
730
685
727
727
517
384
90
726
201
68
47
19
19
702
725
725
25
731
717
136
80
24
10
508
724
723
723
723
254
184
37
16
16
725
681
722
694
99
727
147
21
28
21
174
83
62
13
731
117
19
664
718
718
60
137
722
37
577
38
17
15
716
492
716
72
51
33
715
50
15
30
511
714
714
91
514
62
76
27
13
25
716
24
712
306
124
82
715
731
46
716
712
38
574
709
695
310
651
707
14
708
134
134
330
712
707
147
709
699
433
48
90
707
680
706
705
96
705
284
88
46
703
654
164
52
401
436
58
701
701
701
22
22
700
700
196
710
699
699
20
62
105
40
390
697
697
242
25
528
698
695
695
688
666
694
113
36
505
696
693
679
378
14
477
692
692
692
146
671
28
68
910
682
690
32
691
689
17
690
689
611
177
23
429
688
688
687
526
64
50
30
498
501
686
72
685
685
13
406
684
677
614
40
12
688
28
679
683
116
39
39
25
683
157
682
94
24
17
10
80
520
44
37
681
85
197
36
623
532
679
672
21
21
21
651
139
27
34
677
677
68
19
28
676
683
675
38
157
25
31
339
156
37
163
30
37
23
62
30
659
64
22
71
22
673
119
14
28
671
671
671
139
34
34
20
670
159
621
96
103
54
19
669
669
669
473
60
60
25
25
669
670
17
24
10
40
667
667
667
275
30
30
633
18
596
15
15
668
665
665
21
662
18
664
664
20
665
35
663
26
26
285
656
599
613
74
26
655
12
612
661
661
661
171
45
24
10
20
664
23
660
660
659
155
57
664
658
21
21
21
14
657
657
650
20
20
43
82
19
19
19
19
18
53
654
647
38
17
10
10
10
440
37
36
659
653
653
653
72
16
664
653
653
32
652
15
17
652
646
651
651
14
14
643
97
258
13
117
404
19
12
12
12
12
22
636
23
641
648
648
11
11
11
22
66
20
652
647
646
212
23
542
17
17
645
645
470
22
71
647
98
10
643
27
54
131
466
522
228
108
80
205
120
57
30
639
637
637
567
280
91
637
631
636
636
223
13
34
47
626
581
119
515
487
81
634
633
24
53
23
520
597
631
57
22
631
42
564
27
20
20
88
628
26
598
105
92
628
527
627
627
627
627
95
11
11
452
255
52
10
625
51
501
625
610
629
30
609
623
623
77
49
296
524
650
621
622
622
620
235
39
32
619
619
612
527
618
618
618
37
30
107
462
29
22
616
616
42
35
35
510
41
41
104
27
27
13
41
614
614
572
19
19
349
32
32
612
612
241
87
59
31
31
10
31
613
611
163
394
79
37
23
37
107
16
604
35
582
36
29
29
29
18
45
98
609
602
49
28
42
610
21
48
20
13
34
34
20
20
607
607
271
96
26
68
19
12
26
654
27
32
612
32
18
25
585
605
31
24
31
24
605
65
23
23
23
16
591
64
603
603
603
15
607
581
602
28
28
14
14
14
300
601
601
27
20
27
13
27
13
601
604
26
19
89
19
26
19
19
19
47
23
29
599
25
11
11
11
11
23
24
598
234
17
17
24
10
597
23
23
16
65
23
45
599
24
225
22
15
15
85
590
595
595
21
14
14
14
14
21
14
21
21
21
70
16
594
20
20
20
20
13
20
20
503
598
16
45
68
12
12
12
19
19
545
41
328
396
46
95
18
18
18
18
11
18
11
18
18
11
13
591
591
465
73
17
17
17
17
17
30
14
20
38
17
14
592
590
16
16
16
16
16
32
444
65
10
589
589
15
15
43
15
15
15
10
589
17
588
112
14
14
49
14
14
14
17
29
587
587
69
13
13
13
13
13
27
29
103
12
12
12
12
12
12
12
26
277
11
11
11
13
19
23
52
290
31
10
345
583
583
72
177
44
586
589
218
582
36
581
42
511
14
582
573
146
10
579
579
68
19
49
415
580
480
221
564
578
578
557
543
581
545
590
66
577
577
80
45
543
72
576
576
576
576
577
563
456
575
50
29
78
575
485
378
377
559
573
573
573
293
572
124
40
566
130
81
543
571
571
508
25
572
507
570
570
521
17
31
569
568
443
44
30
570
421
560
28
35
556
568
540
48
559
83
34
541
90
567
565
45
25
25
144
563
556
31
38
24
565
569
101
562
51
562
594
491
57
561
561
50
29
70
560
560
560
21
293
153
559
545
34
20
27
20
562
52
558
12
40
26
562
538
67
53
32
479
45
38
80
395
549
556
24
10
31
555
555
475
43
169
29
526
29
64
35
553
553
413
555
447
20
20
552
552
489
20
69
181
33
552
40
40
551
552
32
25
32
46
48
38
31
31
535
17
31
10
37
72
37
16
548
29
29
358
36
22
22
23
27
547
378
28
35
28
14
35
546
546
35
123
34
34
27
34
34
20
13
13
34
27
554
545
556
33
26
19
33
26
82
537
32
32
32
32
32
25
25
11
543
543
543
11
11
543
25
543
31
31
31
24
10
10
31
17
80
31
526
30
30
471
30
16
16
23
23
23
23
30
32
543
110
68
232
29
29
29
29
29
15
29
92
15
29
29
540
29
29
29
85
345
189
28
21
28
21
196
21
21
28
28
21
14
28
28
14
14
28
14
21
28
21
539
32
27
20
27
27
27
20
27
27
13
13
20
13
13
20
27
20
27
20
20
13
538
540
26
26
26
26
26
26
26
12
26
26
26
82
26
12
19
12
26
524
530
539
25
18
25
95
25
25
18
11
18
25
25
25
11
18
536
354
22
578
73
94
24
24
24
24
17
24
24
17
24
17
24
17
10
10
24
17
24
367
53
34
17
521
24
471
23
23
23
16
23
16
16
16
23
44
16
16
23
23
16
23
16
534
534
366
534
22
22
22
22
22
15
22
22
22
22
15
15
22
22
15
15
15
22
15
22
22
22
22
22
22
15
526
534
33
58
20
21
21
21
21
21
21
21
14
21
497
14
21
21
14
14
14
21
14
14
21
21
14
532
76
20
118
20
20
20
13
20
20
13
20
20
20
20
13
20
482
20
20
13
538
14
533
42
145
19
19
19
19
12
19
12
82
19
12
19
19
19
19
12
19
19
19
19
12
19
12
19
530
509
19
531
42
18
18
18
18
18
18
18
11
18
18
18
18
18
53
18
11
18
11
18
18
18
11
11
11
18
362
42
37
291
108
17
17
17
17
17
17
17
17
17
17
17
17
17
17
17
17
10
17
17
17
17
10
10
10
10
17
17
17
17
17
17
17
17
528
528
514
427
31
34
626
10
10
25
93
198
16
16
16
16
16
16
16
16
16
16
16
16
16
16
16
16
16
16
16
16
16
16
16
16
527
527
534
36
16
537
17
529
106
15
15
15
15
15
15
15
15
15
15
15
15
15
15
15
15
15
15
15
15
15
15
15
15
15
526
484
422
10
34
526
14
14
14
14
14
14
14
14
14
14
14
14
14
14
14
14
14
14
14
14
14
14
14
14
14
14
14
14
14
14
14
14
14
14
525
525
525
24
153
13
13
13
13
13
13
13
13
13
13
13
13
13
13
13
13
13
13
13
13
13
13
13
13
13
13
13
13
13
13
13
13
13
13
13
13
13
13
13
13
13
13
13
13
10
528
524
27
12
12
12
12
12
12
12
12
12
12
12
12
12
12
12
12
12
12
12
12
12
12
12
12
12
12
12
12
12
12
12
12
12
12
12
12
103
523
24
417
396
151
137
11
11
11
11
11
11
11
11
11
11
11
11
11
11
11
11
11
11
11
11
11
11
11
11
11
11
11
11
11
11
11
11
11
11
11
11
11
11
11
11
11
11
11
473
522
522
522
522
501
26
15
629
304
10
10
10
10
10
10
10
10
10
10
10
10
10
10
10
10
10
10
10
10
10
10
10
10
10
10
10
10
10
10
10
10
10
10
10
10
10
10
10
10
10
10
10
10
10
10
10
10
10
10
10
10
10
10
10
521
521
11
11
526
247
65
373
520
18
19
484
18
17
15
17
15
15
497
12
294
14
11
519
433
104
454
111
517
517
12
523
517
313
68
474
516
10
343
60
516
516
73
374
389
93
513
513
282
64
351
512
512
337
70
49
511
504
510
510
510
509
509
509
270
508
513
501
68
52
381
507
507
331
506
506
506
506
506
507
155
492
126
273
504
505
498
475
440
503
503
503
40
54
54
26
502
502
503
400
74
32
361
501
503
192
500
500
425
30
51
499
518
500
491
498
498
498
501
91
189
378
420
498
484
497
62
139
461
496
496
496
496
536
495
496
475
102
494
494
480
495
499
304
493
493
479
355
128
478
485
269
496
134
491
491
410
493
472
491
490
490
490
428
62
335
27
489
489
489
498
493
61
54
488
488
488
488
488
383
319
487
59
325
143
486
486
474
30
485
485
485
485
485
460
432
487
218
71
483
364
484
485
62
279
482
482
469
481
487
471
480
480
480
480
480
479
480
481
481
461
30
478
471
478
477
470
266
322
476
428
477
342
475
76
180
194
33
474
474
474
123
101
248
38
472
465
448
280
128
65
282
471
471
471
471
394
472
470
470
448
469
391
153
55
62
468
468
426
40
460
373
439
60
102
466
466
465
465
461
468
465
465
464
464
464
463
463
456
182
140
462
462
462
455
472
272
461
461
441
47
460
460
460
460
102
459
459
459
514
459
438
143
206
339
458
423
517
458
459
163
457
57
456
407
457
456
280
455
455
455
90
454
455
455
131
453
453
453
453
453
235
452
452
452
493
417
157
213
451
451
451
65
450
450
450
450
451
78
267
393
428
449
449
354
56
63
322
448
448
448
448
448
442
447
447
447
447
397
479
33
285
439
425
446
446
237
448
130
46
445
445
101
444
444
372
135
296
436
443
443
443
407
442
442
414
413
441
441
217
55
391
440
440
440
370
110
278
439
439
439
433
39
39
438
438
415
136
325
437
439
432
32
436
431
407
435
435
421
434
427
433
433
315
54
47
243
292
432
426
434
480
431
431
435
178
136
430
431
424
431
72
79
107
352
429
429
365
428
428
211
428
433
133
189
231
427
427
427
349
426
426
425
425
425
425
425
425
433
425
74
200
424
291
424
39
87
423
416
424
428
79
142
380
422
422
422
241
442
268
409
330
302
421
421
421
421
421
42
378
266
420
421
484
110
397
418
418
411
420
74
39
417
287
418
87
409
416
416
416
416
416
418
100
415
415
415
415
414
414
414
414
414
414
414
413
413
407
408
132
97
349
412
40
369
320
411
411
411
411
411
411
448
314
123
53
102
172
235
410
410
390
352
185
136
409
416
100
177
219
324
408
413
408
57
400
311
77
140
203
406
406
406
209
167
405
405
405
348
412
406
387
61
208
341
404
404
404
123
403
403
403
403
120
199
402
443
401
401
401
401
50
57
22
22
400
400
121
56
14
77
399
399
399
399
266
290
97
244
398
398
398
391
398
307
89
75
397
399
399
306
67
389
389
327
247
101
283
339
395
395
395
395
388
332
46
318
396
65
394
296
356
228
373
339
393
393
335
70
392
315
350
34
391
391
391
391
68
180
201
229
390
390
376
392
389
389
390
389
59
80
318
388
388
390
191
303
387
387
387
387
387
391
389
218
211
260
386
386
386
379
389
86
56
112
196
238
322
385
385
385
343
385
384
389
48
139
384
321
365
265
385
47
110
82
82
103
257
313
383
383
320
33
139
347
319
383
108
122
367
381
381
381
385
375
383
310
380
380
380
380
380
240
22
43
281
372
379
379
379
28
63
308
378
378
378
364
378
379
61
61
376
376
377
439
53
354
375
375
375
375
375
215
376
572
375
129
276
374
374
361
377
241
58
16
37
93
366
43
225
372
372
372
372
366
156
372
300
328
370
370
370
33
229
201
306
369
369
369
369
369
273
54
46
39
53
368
368
368
368
372
313
357
38
199
367
367
367
367
367
368
376
361
198
366
352
366
29
43
365
365
360
91
203
323
366
41
62
363
363
363
364
182
365
363
40
159
362
362
362
362
348
364
95
81
235
361
361
361
355
342
361
361
300
45
101
241
164
290
178
360
360
360
44
352
359
359
359
359
359
359
352
360
317
345
50
43
22
253
358
357
357
69
55
55
356
356
356
351
356
356
61
26
68
131
355
355
355
46
186
326
354
354
356
150
353
353
353
277
346
185
354
107
198
275
324
352
352
352
392
78
92
344
351
351
351
351
351
351
351
351
351
344
56
77
154
350
350
350
343
326
352
350
34
349
349
349
301
349
180
348
350
25
235
347
347
347
347
347
347
347
348
347
221
87
297
346
346
86
58
93
345
345
345
345
345
345
182
247
248
64
29
344
344
344
344
414
190
49
105
329
343
343
345
21
28
83
97
342
342
342
342
342
245
82
341
341
334
283
53
25
39
305
340
340
340
340
340
340
340
194
80
38
94
304
339
339
339
263
339
23
37
163
191
331
317
324
338
78
337
337
337
337
337
219
332
287
336
336
245
146
335
335
408
61
334
334
334
334
334
81
214
256
291
333
333
333
290
216
31
80
66
332
332
332
332
332
252
72
72
114
331
331
331
261
401
332
420
317
374
57
246
330
330
266
168
329
329
329
329
329
329
266
330
316
90
328
328
328
54
152
327
327
60
326
326
326
326
319
347
229
59
115
325
325
325
325
318
96
326
58
37
107
121
324
324
324
324
324
325
236
171
57
239
309
269
281
42
119
322
322
323
104
167
223
321
325
326
293
314
321
314
147
61
173
145
236
222
320
320
306
315
123
298
291
319
319
319
319
186
73
136
185
318
318
311
321
319
135
317
317
317
310
318
318
316
316
316
316
316
316
316
319
326
91
224
315
315
315
315
315
315
316
317
241
315
69
62
48
111
160
62
314
314
314
314
300
315
294
344
47
47
47
47
166
243
313
313
313
313
313
313
313
271
39
88
312
312
312
312
312
312
313
317
143
283
283
311
311
297
290
298
337
37
51
93
156
310
310
310
310
310
310
310
310
141
211
309
309
113
42
49
238
252
245
308
308
308
308
308
301
309
310
203
41
104
307
307
307
307
307
294
12
54
54
166
40
54
110
194
306
306
187
264
306
307
294
39
249
305
305
298
305
59
136
171
185
283
304
304
304
304
304
304
283
93
30
303
303
297
71
36
92
302
302
302
295
295
247
304
49
35
140
231
294
168
301
301
304
294
125
48
216
279
300
300
300
237
300
54
75
222
187
299
299
137
130
32
228
277
242
298
298
298
298
298
298
284
104
248
185
297
297
297
297
297
241
284
37
79
100
135
191
254
219
296
296
296
296
296
289
464
36
36
197
232
295
218
21
28
161
245
294
294
294
294
294
294
297
218
296
293
293
284
258
189
33
26
117
292
292
292
292
292
265
46
18
74
179
291
291
291
291
292
291
108
290
290
290
290
299
143
177
226
289
289
289
289
289
198
289
289
164
29
78
106
232
288
288
288
281
288
288
288
288
211
281
14
91
35
154
259
252
287
287
287
287
224
290
27
69
97
237
286
286
286
286
286
286
142
289
220
26
61
159
173
285
285
285
285
285
25
186
284
284
284
284
284
284
284
284
221
173
220
66
157
213
171
276
283
283
283
228
338
283
80
16
282
282
283
106
15
92
127
281
281
141
205
28
91
91
280
280
280
280
280
280
280
168
281
281
282
20
139
160
237
279
279
279
279
279
279
265
216
280
281
40
280
396
201
243
278
278
278
278
271
215
280
88
179
193
277
277
277
277
278
279
18
24
59
248
157
276
276
276
276
276
276
276
276
276
276
262
277
271
276
23
233
233
275
275
275
275
275
275
275
279
177
142
276
141
148
274
274
274
274
274
197
275
35
42
70
273
273
147
273
266
161
48
62
20
90
83
258
272
272
272
272
255
110
75
271
271
271
271
271
271
186
256
130
270
270
270
270
270
256
249
200
236
95
272
199
31
136
38
269
269
269
269
269
269
269
269
196
82
142
16
16
79
100
261
268
268
268
268
268
268
136
135
43
64
85
64
183
267
267
267
267
260
268
51
266
266
266
266
266
266
266
182
64
224
267
244
265
160
244
281
267
152
54
89
250
194
187
264
264
264
264
257
152
71
23
160
81
88
158
151
263
263
263
249
181
122
45
31
87
115
262
262
262
262
262
171
263
263
250
107
107
51
121
261
261
261
261
254
36
260
260
260
260
260
260
260
77
245
259
259
259
231
240
195
132
69
181
258
258
258
258
258
258
258
258
188
251
230
33
82
89
257
257
257
257
257
257
253
320
248
41
25
32
74
256
256
256
256
256
256
151
194
150
101
101
73
136
255
255
255
255
255
255
255
157
213
234
170
86
93
254
240
219
191
247
86
92
36
204
190
183
253
253
253
253
253
253
253
239
136
134
248
56
252
252
252
252
252
161
174
104
118
181
253
244
82
180
61
40
194
33
250
250
250
250
46
81
25
74
144
67
39
242
109
109
249
249
249
221
62
250
45
31
31
59
31
185
185
38
248
248
248
248
248
248
234
81
250
250
51
44
72
247
247
247
247
114
248
220
184
100
256
223
252
29
43
71
246
246
246
246
246
246
239
232
239
239
247
161
77
168
245
245
245
245
245
245
245
245
147
231
185
245
53
247
34
55
41
34
104
202
244
244
244
244
244
167
118
87
243
243
243
243
243
243
243
243
243
243
243
243
159
294
190
245
243
243
245
88
242
242
242
242
242
242
242
221
179
235
164
38
52
241
241
241
241
241
241
178
178
241
180
86
240
240
128
170
177
149
241
191
216
242
29
239
239
239
239
240
170
162
225
369
243
42
238
238
238
238
238
238
168
23
239
20
20
90
237
237
237
237
237
237
237
174
38
237
156
26
61
75
89
236
236
236
236
236
236
236
236
236
269
236
236
32
60
116
81
235
235
235
235
165
88
221
94
52
143
24
164
87
234
234
234
234
234
234
234
234
234
227
193
221
191
16
30
212
233
233
233
233
233
233
93
156
220
30
36
64
85
176
232
232
232
232
232
226
233
141
98
77
42
231
231
231
231
231
231
231
196
232
211
232
38
195
41
223
139
223
230
230
230
230
230
41
76
224
33
124
201
26
229
229
229
229
229
229
103
230
18
18
179
186
228
228
228
228
228
165
151
109
229
60
143
24
136
94
24
31
87
227
227
227
227
227
227
31
220
213
185
94
231
142
58
226
226
226
226
226
226
226
226
219
219
149
142
227
226
17
104
15
36
155
225
225
225
225
225
225
225
225
71
211
22
312
63
35
126
112
224
224
224
224
224
224
35
21
197
211
217
139
27
90
118
20
223
223
62
223
223
223
223
223
76
27
27
216
27
195
90
69
163
223
33
89
47
222
222
222
222
222
222
75
159
207
32
32
221
221
221
221
221
221
221
32
32
172
88
74
25
137
74
32
222
223
216
223
45
220
220
220
220
38
136
206
122
150
31
108
94
87
225
201
192
219
219
23
219
219
219
219
219
219
212
212
65
177
23
23
220
220
128
190
78
218
57
218
218
218
36
218
211
22
92
106
176
106
106
322
218
168
217
217
217
217
217
210
217
70
49
70
140
28
91
168
154
21
112
100
216
216
216
216
216
216
216
216
216
209
27
55
69
83
48
63
203
151
211
188
215
215
215
215
215
215
215
215
215
215
215
19
124
138
138
131
269
200
214
214
214
214
214
137
207
60
25
225
180
215
213
213
213
213
213
213
213
213
115
59
192
108
101
101
73
59
17
24
212
212
212
212
212
212
212
86
198
184
65
58
44
79
72
135
211
211
211
211
211
211
211
22
50
148
64
36
22
71
78
43
210
210
210
210
210
210
210
182
28
172
210
210
210
171
198
209
209
209
209
209
209
209
209
104
76
20
48
20
131
211
209
208
208
208
208
208
208
194
131
145
82
138
40
54
110
12
40
19
54
121
209
152
26
207
207
137
151
109
60
18
210
208
208
164
206
206
178
122
94
17
38
207
211
206
205
205
205
205
205
205
198
107
30
23
72
174
67
204
204
204
204
204
204
204
204
197
169
134
120
113
78
214
169
203
203
203
203
203
203
203
203
203
203
168
119
28
203
202
202
202
202
202
202
202
202
202
202
202
195
139
69
55
41
25
27
90
201
201
201
201
201
201
201
201
201
201
201
201
201
194
131
131
75
75
47
12
33
205
201
124
200
200
200
200
200
200
200
179
88
39
213
202
11
200
186
199
199
199
199
199
199
178
101
108
52
52
59
45
45
52
52
196
198
198
198
198
198
198
198
198
198
184
163
149
135
72
52
192
101
197
197
197
197
197
197
197
197
197
197
197
197
197
148
106
64
43
198
197
51
196
196
196
196
56
211
36
141
167
90
196
32
121
195
195
195
195
195
195
195
195
195
146
118
104
62
69
41
48
207
35
91
146
195
111
174
194
194
194
194
194
194
194
180
131
124
89
82
89
54
61
33
191
193
193
193
172
88
46
192
192
192
192
171
143
115
66
38
31
24
101
192
191
191
191
191
191
191
191
191
170
149
121
79
51
30
150
192
192
191
37
190
190
190
190
190
190
190
190
190
190
183
162
148
127
134
43
29
191
22
29
134
191
189
189
189
189
189
189
189
189
189
189
189
189
175
112
28
190
213
189
189
189
188
188
188
188
188
188
188
188
188
188
188
188
188
188
167
125
69
48
62
41
202
248
217
187
187
187
187
187
187
187
187
166
96
40
40
187
131
62
186
186
186
186
186
186
186
186
186
186
186
186
186
186
186
179
179
165
95
109
60
39
32
82
172
186
185
185
185
185
185
178
157
66
59
80
59
52
45
38
24
122
184
184
184
184
184
184
156
149
79
79
44
44
30
30
30
123
58
44
183
183
183
183
183
183
183
183
183
183
183
183
183
183
183
64
71
64
36
22
157
76
182
182
182
182
182
182
182
182
182
182
133
133
119
91
56
70
49
28
167
175
63
78
183
181
181
181
181
181
181
181
181
181
181
181
146
139
90
97
69
41
41
168
181
178
180
180
180
180
180
180
180
173
173
173
173
173
103
103
47
19
180
180
180
181
179
179
179
179
179
179
179
172
165
165
102
39
53
25
32
179
117
178
178
178
178
178
178
178
122
80
94
80
52
45
24
38
17
92
177
177
177
177
177
177
177
177
107
93
51
158
92
177
24
176
176
176
176
176
176
176
162
78
78
50
29
36
36
57
175
175
175
175
175
175
175
175
175
175
168
161
112
91
70
35
28
28
42
35
176
176
177
126
91
174
174
174
174
174
174
174
174
174
174
174
174
174
174
174
174
174
174
104
118
90
90
48
62
34
27
13
175
176
90
173
173
173
173
173
173
173
173
173
173
166
152
124
110
96
89
89
33
26
26
198
172
172
172
172
172
172
172
172
172
172
172
172
172
109
88
88
46
18
172
171
171
171
171
171
171
171
171
171
150
108
108
52
59
24
24
24
172
175
110
171
172
170
170
170
170
170
170
170
170
170
170
170
170
170
170
170
170
170
135
86
58
51
23
44
176
175
149
169
169
169
169
169
169
169
169
169
162
127
92
120
64
50
36
29
29
157
163
168
168
168
168
168
168
168
168
168
168
168
91
42
56
42
42
168
168
167
167
167
160
146
104
69
76
48
48
55
55
27
20
167
167
167
159
166
166
166
166
166
166
166
166
166
166
159
124
89
68
68
40
33
40
26
19
19
146
131
166
165
165
165
165
165
165
165
165
158
165
102
95
32
46
32
25
25
32
164
164
164
164
164
164
164
164
164
164
164
164
164
143
59
59
38
17
31
163
163
163
163
163
156
156
142
100
65
51
37
30
23
23
23
167
164
165
162
162
162
162
162
162
162
162
162
162
155
155
99
92
92
85
57
57
57
22
22
149
85
99
161
161
161
161
161
161
161
161
161
161
161
161
161
161
161
161
161
161
161
154
126
91
77
56
63
70
63
49
56
28
35
28
157
160
160
160
160
160
160
160
160
160
160
160
153
132
55
27
20
175
146
160
159
159
159
159
159
159
159
159
159
159
152
152
82
61
47
33
153
158
158
158
158
158
158
158
158
158
158
158
158
158
158
158
151
151
144
88
25
32
25
18
18
18
122
11
75
157
157
157
157
157
157
157
157
157
87
73
52
59
31
24
31
45
38
31
24
199
150
24
156
156
156
156
156
156
156
156
156
156
142
86
72
79
58
58
23
30
16
16
23
23
30
30
70
156
149
208
155
155
155
155
155
155
155
155
155
155
155
106
92
57
50
22
15
23
30
155
156
154
154
154
154
154
154
154
154
154
154
154
154
154
154
147
84
77
56
56
42
28
21
21
14
15
130
14
154
153
153
153
153
153
153
153
153
153
153
153
146
83
83
62
20
41
27
27
20
93
154
146
49
63
152
152
152
152
152
152
152
152
152
152
152
152
152
152
138
145
131
117
68
68
54
68
40
26
40
26
61
40
19
146
126
145
68
145
89
151
151
151
151
151
151
151
151
151
151
151
137
74
46
60
60
46
25
39
39
25
25
157
16
20
144
88
150
150
150
150
150
150
150
150
150
129
129
24
52
24
24
45
31
52
31
17
144
52
149
149
149
149
149
149
149
149
86
93
86
86
72
58
16
16
23
16
30
30
23
150
149
114
146
148
148
148
148
148
148
148
148
148
148
148
148
148
148
148
134
134
127
92
85
78
43
50
22
22
22
22
22
22
142
151
134
147
147
147
147
147
147
147
147
147
147
147
147
140
84
84
77
70
21
21
35
21
14
21
21
66
28
146
146
146
146
146
139
139
125
104
83
69
83
76
34
20
34
41
20
20
13
13
13
20
146
119
145
145
145
145
145
145
145
145
145
145
145
145
145
145
145
145
124
131
124
103
40
19
19
54
33
19
19
12
12
12
133
47
146
144
144
144
144
144
144
144
144
144
144
144
144
144
144
81
74
67
74
53
18
25
32
18
18
132
143
143
143
143
143
143
143
143
143
143
143
143
143
143
143
143
143
136
136
122
52
73
66
38
38
52
52
17
17
17
17
38
17
17
17
143
142
142
142
142
142
142
142
142
142
142
142
142
79
65
51
16
30
16
44
30
16
30
85
135
135
107
93
141
141
141
141
141
141
141
141
141
141
141
141
141
141
120
120
106
113
71
50
50
50
50
15
15
15
15
15
22
15
141
43
128
140
140
140
140
140
140
140
140
140
140
140
126
56
63
35
42
14
14
14
21
14
14
14
121
94
139
139
139
139
139
139
139
139
132
125
125
69
55
69
62
48
55
13
13
27
13
13
13
29
138
138
138
138
138
138
138
138
138
124
117
103
61
40
40
33
33
12
19
12
16
137
137
137
137
137
137
137
137
137
123
116
74
46
46
11
11
25
15
117
76
137
137
137
136
136
136
136
136
136
136
136
136
136
136
136
136
136
136
136
136
136
136
136
115
122
45
66
59
59
38
52
10
10
10
18
31
136
135
135
135
135
135
135
135
135
135
135
114
72
79
37
58
37
30
44
118
16
134
134
134
134
134
134
134
134
134
134
134
134
134
134
134
134
134
127
120
50
64
43
43
29
136
80
71
57
15
125
133
133
133
133
133
133
133
133
133
133
133
133
98
70
70
56
56
14
14
13
133
35
12
65
132
132
132
132
132
132
132
132
132
132
132
132
132
132
132
132
132
125
83
83
69
83
69
83
55
62
55
62
34
27
27
27
27
10
113
11
132
132
131
131
131
131
131
131
131
131
131
131
131
131
131
131
131
131
124
117
96
61
54
61
47
33
26
135
40
131
103
41
130
130
130
130
130
130
130
130
130
130
130
116
53
46
46
32
32
54
132
129
129
129
129
129
129
129
129
129
129
129
129
122
115
66
66
31
38
24
119
129
205
128
128
128
128
128
128
128
128
128
128
128
128
128
128
128
128
128
128
121
100
51
37
44
30
44
30
30
38
178
30
127
127
127
127
127
127
127
127
127
127
127
127
127
127
120
120
71
64
57
43
36
36
29
99
127
126
126
126
126
126
126
126
126
126
126
49
63
63
28
21
119
125
125
125
125
125
125
125
125
125
125
125
125
125
125
118
118
55
62
41
41
34
119
193
138
124
124
124
124
124
124
124
124
124
124
124
124
124
124
124
124
124
117
82
61
40
19
26
61
123
123
123
123
123
123
123
123
123
123
123
123
123
123
109
102
88
81
46
46
25
39
25
124
133
62
122
122
122
122
122
122
122
122
122
122
122
122
122
122
122
122
122
122
122
115
59
38
45
17
17
59
104
121
121
121
121
121
121
121
121
121
121
121
121
121
121
121
121
121
44
44
51
44
37
37
30
37
30
23
23
31
120
120
120
120
120
120
120
120
120
120
120
120
120
120
120
120
57
50
57
22
29
22
30
29
120
96
119
119
119
119
119
119
119
119
119
119
119
119
119
119
119
119
119
84
84
56
28
35
42
35
53
118
118
118
118
118
118
118
118
118
118
118
118
118
118
118
118
118
118
118
118
118
118
118
118
55
90
34
34
27
20
41
20
119
132
72
117
117
110
110
117
117
117
117
117
117
117
117
117
117
117
117
117
117
117
117
110
103
103
103
103
96
96
89
54
68
54
54
54
40
40
115
117
110
116
116
116
116
116
116
116
116
116
116
116
116
116
102
95
46
46
32
46
25
18
25
39
103
130
115
115
115
115
115
115
115
115
115
115
115
115
115
115
115
115
115
115
115
108
115
115
115
73
66
31
52
31
45
45
31
45
24
24
31
17
101
101
108
147
114
114
114
114
114
114
114
114
114
114
114
114
114
114
114
114
114
114
114
114
114
114
114
114
114
114
107
114
93
51
51
44
16
118
115
37
107
113
113
113
113
113
113
113
113
113
113
113
113
113
113
113
113
113
106
106
99
99
29
36
22
22
15
114
115
112
112
112
112
112
112
112
112
112
112
112
112
112
112
112
112
112
112
112
112
112
49
49
35
28
35
21
28
28
105
111
111
111
111
111
111
111
111
111
111
111
111
111
111
111
111
111
111
111
111
111
104
90
48
34
41
116
114
115
110
110
110
110
110
110
110
110
110
110
110
110
110
110
110
110
103
110
110
110
110
103
103
103
96
61
40
47
19
26
19
129
109
109
109
109
109
109
109
109
109
109
109
109
109
109
109
109
95
102
95
81
39
46
25
25
25
25
25
18
18
34
95
109
92
108
108
108
108
108
108
108
108
108
108
108
108
108
108
108
108
108
108
101
31
38
31
45
24
24
24
17
17
24
88
109
24
94
107
107
107
107
107
107
107
107
107
107
107
107
107
107
107
107
107
107
107
107
107
65
44
23
44
37
23
30
23
30
44
16
16
30
44
46
79
106
106
99
106
106
106
106
106
106
106
106
106
106
106
106
106
106
106
106
106
106
99
92
85
36
43
43
36
22
29
29
22
22
121
100
105
105
105
105
105
105
105
105
105
105
105
105
105
105
105
105
105
105
105
105
98
84
84
42
28
35
105
104
104
104
104
104
104
104
104
104
104
104
104
104
104
97
97
69
41
41
27
27
27
13
20
104
103
103
103
103
103
103
103
103
103
103
103
103
103
103
103
103
103
103
103
103
103
96
103
103
103
103
89
61
61
40
19
19
19
19
19
19
103
130
102
102
102
102
102
102
102
102
102
102
102
102
102
102
102
102
102
102
102
102
102
102
102
102
102
102
95
74
39
39
39
25
25
25
46
39
25
32
18
18
18
18
18
102
101
101
101
101
101
101
101
101
101
101
101
101
101
101
101
101
101
101
101
101
101
101
101
101
101
101
101
101
24
38
24
31
17
24
17
94
101
98
100
100
100
100
100
100
100
100
100
100
100
100
100
100
100
100
100
100
100
100
100
100
100
100
100
100
100
93
72
79
72
37
72
23
37
16
16
23
23
37
23
23
101
93
87
100
31
99
99
99
99
99
99
99
99
99
99
99
99
99
99
99
99
99
99
92
29
22
29
29
36
22
22
22
15
22
15
22
22
17
96
98
98
98
98
98
98
98
98
98
98
98
98
98
98
98
98
98
98
98
84
84
63
35
35
35
28
35
21
35
28
21
21
28
21
92
92
92
21
84
98
97
97
97
97
97
97
97
97
97
97
97
97
97
97
97
97
97
97
97
97
97
97
97
97
97
83
83
90
62
34
27
55
20
20
20
20
27
13
20
20
34
20
20
27
20
13
109
35
96
96
96
96
96
96
96
96
96
96
96
96
96
96
96
96
96
96
89
89
33
33
26
19
19
19
19
19
12
12
19
12
16
69
19
113
95
95
95
95
95
95
95
95
95
95
95
95
95
95
95
95
95
95
95
95
95
95
95
95
95
95
95
95
88
88
32
32
60
32
25
18
18
18
25
25
11
25
18
25
18
11
89
33
89
16
83
71
18
88
25
94
94
94
94
94
94
94
94
94
94
94
94
94
94
94
94
94
94
94
94
94
94
94
94
87
87
80
73
80
73
52
31
31
24
31
31
24
24
17
31
17
17
17
24
17
10
17
59
16
93
93
93
93
93
93
93
93
86
93
93
93
93
93
93
93
93
72
58
30
30
23
23
30
30
23
23
23
16
23
23
16
30
16
16
16
23
16
16
23
16
23
23
92
92
92
92
92
92
92
92
92
92
92
92
92
92
92
92
92
92
92
92
92
85
92
92
92
85
29
29
29
29
43
29
22
15
15
22
29
15
22
15
15
22
15
15
15
15
100
32
22
91
91
91
91
91
91
91
91
91
91
91
91
91
91
91
84
91
84
77
28
21
28
28
14
21
28
93
90
90
90
90
90
90
90
90
90
90
90
90
90
90
90
90
90
90
90
90
90
90
90
90
83
69
27
27
27
20
20
20
13
13
13
27
13
27
13
13
83
89
89
89
89
89
89
89
89
89
89
89
89
89
89
89
89
89
89
89
89
89
89
75
61
54
26
19
19
19
26
19
19
12
19
19
19
19
19
12
26
89
26
88
88
88
88
88
88
88
88
88
88
88
88
88
88
88
88
88
88
88
88
88
88
88
74
60
25
18
18
18
18
25
18
25
25
11
11
11
11
11
18
11
27
81
89
87
87
87
87
87
87
87
87
87
87
87
87
87
87
87
87
87
87
87
87
87
87
87
87
87
87
87
87
87
87
87
87
87
87
87
87
87
87
87
87
66
66
59
24
24
24
17
24
17
10
10
24
10
17
17
10
10
10
77
89
20
10
86
86
86
86
86
86
86
86
86
86
86
86
86
86
86
86
86
86
86
86
86
86
86
86
86
86
72
23
23
23
16
16
16
16
16
23
16
23
23
16
23
16
16
54
107
16
16
12
85
85
85
85
85
85
85
85
85
85
85
85
85
85
85
85
85
85
85
85
85
85
78
71
22
22
15
15
15
15
15
15
22
15
15
22
15
15
22
15
22
15
15
15
23
85
15
22
84
84
84
84
84
84
84
84
84
84
84
84
84
84
84
84
84
84
84
84
84
84
77
56
21
14
14
14
21
14
14
14
14
14
21
21
14
14
21
14
14
70
83
83
83
83
83
83
83
83
83
83
83
83
83
83
83
83
83
83
83
83
83
76
69
20
20
20
20
13
20
13
13
13
13
20
20
13
20
13
13
20
20
13
83
70
82
82
82
82
82
82
82
82
82
82
82
82
82
82
82
82
82
82
82
82
82
82
82
82
82
82
82
82
82
54
19
19
19
19
19
19
19
19
12
19
12
12
19
12
19
12
19
19
19
12
12
12
19
19
12
12
19
12
12
12
76
44
15
75
82
42
81
81
81
81
81
81
81
81
81
81
81
81
81
81
81
81
81
81
81
46
39
18
18
18
18
18
18
11
11
11
11
18
11
18
18
11
11
11
11
80
80
80
73
80
80
80
80
80
80
80
80
80
80
80
80
80
80
80
80
73
73
73
73
17
17
17
17
17
17
17
17
17
17
10
10
17
17
17
10
10
10
17
10
10
10
10
10
79
79
79
79
79
79
72
79
79
79
79
79
79
79
79
79
79
79
79
79
79
79
79
79
58
58
16
16
16
16
16
16
16
16
16
16
16
16
16
16
16
16
16
16
16
16
16
16
16
16
16
16
16
79
78
78
78
78
78
78
78
78
78
78
78
78
78
78
78
78
78
78
78
78
78
78
78
78
78
78
78
71
64
15
15
15
15
15
15
15
15
15
15
15
15
15
15
15
15
15
15
75
71
15
33
95
77
77
77
77
77
77
77
77
77
77
77
77
77
77
77
77
77
77
77
77
77
77
77
70
70
70
49
14
14
14
14
14
14
14
14
14
14
14
14
14
14
14
14
14
14
14
14
14
14
14
14
14
14
14
14
14
14
14
14
14
14
78
14
76
76
76
76
76
76
76
76
76
76
76
76
76
76
76
76
76
76
76
76
76
76
76
76
69
76
76
76
76
55
13
13
48
13
13
13
13
13
13
13
13
13
13
13
13
13
13
13
13
13
13
13
13
13
13
17
70
75
75
75
75
75
75
75
75
75
75
75
75
75
75
75
75
75
75
75
75
75
75
75
61
12
12
12
12
12
12
12
12
12
12
12
12
12
12
12
12
12
12
12
12
12
12
12
12
12
12
12
12
12
26
12
47
74
74
74
74
74
74
74
74
74
74
74
74
74
74
74
74
74
74
74
74
74
74
74
74
74
74
74
74
74
74
74
74
74
67
67
53
11
11
11
11
11
11
11
11
11
11
11
11
11
11
11
11
11
11
11
11
11
11
11
11
11
11
11
11
11
11
11
11
11
24
14
11
11
77
73
73
73
73
73
73
73
73
73
73
66
73
73
73
73
73
73
73
73
73
73
73
73
73
73
73
73
10
10
10
10
10
10
10
10
10
10
10
10
10
10
10
10
10
10
10
10
10
10
10
10
10
10
10
23
59
21
72
72
72
72
72
72
72
72
72
72
72
72
72
72
72
72
72
72
72
72
72
72
72
72
72
72
72
72
72
72
72
72
72
72
72
72
72
72
72
72
72
72
58
73
19
10
71
71
71
71
71
71
71
71
71
71
71
71
71
71
71
71
71
71
71
71
71
71
71
71
71
71
71
71
71
71
71
71
71
71
71
71
64
57
16
17
71
57
64
70
70
70
70
70
70
70
70
70
70
70
70
70
70
70
70
70
70
70
70
70
70
70
15
13
13
70
12
69
69
69
69
69
69
69
69
69
69
69
69
69
69
69
69
69
69
69
69
69
69
69
69
69
69
69
69
69
69
69
69
69
62
13
13
11
12
68
68
68
68
68
68
68
68
68
68
68
68
68
68
68
68
68
68
68
68
68
68
68
68
68
68
68
68
68
68
68
68
68
68
68
68
61
68
61
54
68
67
67
67
67
67
67
67
67
67
67
67
67
67
67
67
67
67
67
67
67
67
67
67
67
67
67
67
67
67
67
67
67
67
67
67
67
67
67
67
67
60
60
66
66
66
66
66
66
66
66
66
66
66
66
66
66
66
66
66
66
66
66
66
66
66
66
66
66
66
66
66
66
66
66
66
66
59
59
45
65
65
65
65
65
65
65
65
65
65
65
65
65
65
65
65
65
65
65
65
65
65
65
65
65
65
65
58
65
65
58
64
64
64
64
64
64
64
64
64
64
64
64
64
64
64
64
64
64
64
64
64
64
64
64
64
64
64
64
64
64
64
64
64
64
64
64
64
64
64
64
64
50
63
63
63
63
63
63
63
63
63
63
63
63
63
63
63
63
63
63
63
63
63
63
63
63
63
63
63
63
63
63
63
63
63
63
63
63
63
63
63
63
63
63
63
63
63
63
63
56
71
62
62
62
62
62
62
62
62
62
62
62
62
62
62
62
62
62
62
62
62
62
62
62
62
62
62
62
62
62
62
62
62
62
62
62
62
41
61
61
61
61
61
61
61
61
61
61
61
61
61
61
61
61
61
61
61
61
61
61
61
61
61
61
61
61
61
61
61
61
61
61
61
54
54
56
60
60
60
60
60
60
60
60
60
60
60
60
60
60
60
60
60
60
60
60
60
60
60
60
60
60
60
60
60
60
60
60
60
60
60
60
60
60
60
60
59
59
59
59
59
59
59
59
59
59
59
59
59
59
59
59
59
59
59
59
59
59
59
59
59
59
59
59
59
59
59
59
59
59
59
59
59
59
59
59
59
59
59
59
52
52
58
58
58
58
58
58
58
58
58
58
58
58
58
58
58
58
58
58
58
58
58
58
58
58
58
58
58
58
58
58
58
58
58
58
58
58
58
58
58
58
58
52
57
57
57
57
57
57
57
57
57
57
50
57
57
57
57
57
57
57
57
57
57
57
57
57
57
57
57
57
57
57
57
57
57
57
57
57
57
57
57
57
57
57
57
57
57
57
56
56
56
56
56
56
56
56
56
56
56
56
56
56
56
56
56
56
56
56
56
56
56
56
56
56
56
56
56
56
56
56
56
56
56
42
56
48
55
55
55
55
55
55
55
55
55
55
55
55
55
55
48
55
55
55
55
55
55
55
55
55
55
55
55
55
55
55
55
55
48
55
55
55
48
55
54
54
54
54
54
54
54
54
54
54
54
54
54
54
54
54
54
54
54
54
54
54
54
54
54
54
54
54
54
54
54
54
54
54
33
53
53
53
53
53
53
53
53
53
53
53
53
53
53
53
53
53
53
53
53
53
53
53
53
53
53
53
53
53
53
53
53
71
52
52
52
52
52
52
52
52
52
52
52
52
52
52
52
52
52
52
52
52
52
52
52
52
52
52
52
52
52
52
52
52
51
51
51
51
51
51
51
51
51
51
51
51
51
51
51
51
51
51
51
51
51
51
51
51
51
51
51
51
50
50
50
50
50
50
50
50
50
50
50
50
50
50
50
50
50
50
50
50
50
50
50
50
50
50
50
50
50
50
50
50
50
50
50
43
52
49
49
49
49
49
49
49
49
49
49
49
49
49
49
49
49
49
49
49
49
49
49
49
49
49
49
49
49
49
49
49
49
49
49
49
48
48
48
48
48
48
48
48
48
48
48
48
48
48
48
48
48
48
48
48
48
48
48
48
48
48
48
48
48
48
48
48
48
48
48
41
47
47
47
47
47
47
47
47
47
47
47
47
47
47
47
45
46
46
46
39
46
46
46
46
46
46
46
46
46
46
46
46
46
46
39
39
45
45
45
45
45
45
45
45
45
45
45
45
45
45
44
44
44
44
44
44
44
44
44
44
44
44
44
44
44
44
37
43
43
43
43
43
43
43
43
43
43
43
43
43
43
43
43
43
39
42
42
42
42
42
42
42
42
42
42
42
42
37
41
41
41
41
41
41
41
41
41
40
40
40
40
40
40
40
40
40
39
39
39
39
39
39
39
39
39
38
37
37
37
37
36
36
35
35
35
35
35
35
34
15
33
17
26
23
52
21
20
16
51
33
11
