107
221726
88581
64235
49422
24217
22741
687
21463
21106
17807
17943
16116
16402
15761
13666
13249
13048
11089
11444
10418
9546
8863
8886
8724
8685
8607
8401
8253
8312
8086
7706
7368
7203
7095
3153
6977
6843
6883
6715
6469
2251
6593
6402
6256
6185
6056
6132
5904
5963
5890
5870
5540
5626
5586
5752
5496
2339
5429
5404
5330
5226
5240
5164
5054
4853
4734
4797
283
4662
4741
4670
523
4601
4678
4731
4514
158
4509
4462
4478
4449
3247
4212
4184
4222
4187
4071
4176
392
1474
4154
3965
1541
3850
3755
634
3738
2070
3597
3387
3594
3548
234
3521
3493
3526
3359
3353
3348
3387
3293
3409
3287
3186
3172
3211
195
3169
3206
3089
3083
3124
3036
3029
3017
2986
2960
2992
2950
2949
2902
2961
2858
2900
2836
2797
2841
2791
346
2747
2788
2731
2806
2709
2749
2697
2668
2700
2715
2656
2680
2621
2576
226
2530
2544
2522
2528
2492
2501
2462
2478
2431
2416
238
2403
2423
2407
2374
2379
2360
2337
2323
2254
2296
2312
2264
2281
2253
2244
2221
2211
2243
2214
2166
2164
2117
304
2109
2111
2079
2141
2113
2155
2085
2080
2068
2065
2081
73
2065
2030
2047
1990
1973
1983
1966
1946
1974
1957
1944
1946
714
1971
1936
646
1910
1910
1914
1906
1883
1879
1909
1889
1870
1830
519
1834
1897
1902
1824
1830
1835
1804
1796
1831
1384
1801
1786
1787
1776
1759
1774
1746
1739
1699
1720
1693
1691
1670
1668
1677
1679
1660
411
1696
1636
1626
1641
1611
1619
1597
1583
1580
1578
1600
1566
1575
1561
1576
1555
1541
1569
1531
1544
1542
904
1524
1508
1511
1519
1524
1498
1514
1493
320
1512
1467
1505
1464
1462
1461
1468
1476
1452
1467
1445
1447
1446
1429
567
1419
1475
1426
1415
1420
1406
192
1403
1391
1419
1374
1367
1382
1359
1372
1353
754
1361
1344
1343
1357
1332
506
1340
1326
1323
1314
1312
1318
1311
1323
1307
1300
1290
1291
1289
1274
387
1265
1287
1263
1265
1261
220
1254
1252
1252
1253
1254
1248
1241
1244
1237
1233
1236
1230
1230
1215
1210
1230
359
1207
1210
308
1210
323
107
100
1219
1206
1194
1217
1180
1181
1174
1185
1176
305
1196
1178
1175
1172
1178
1172
1164
1150
734
1144
1142
1140
1148
1149
1147
1143
1130
1139
1127
1127
1125
1125
1142
1143
1124
1120
1112
1115
201
1100
1094
1124
1093
1100
1080
1082
1097
1089
1103
1074
1066
1074
1064
336
1049
1045
1044
222
1027
1028
1039
1018
1020
1011
1004
579
1010
999
1004
996
994
1007
996
984
984
990
980
236
980
970
968
962
960
968
965
959
955
953
948
943
945
942
942
942
936
939
941
939
930
937
931
959
934
961
927
942
921
921
922
945
937
940
920
916
912
922
919
920
923
906
905
911
905
907
903
908
900
897
895
893
901
199
917
890
888
888
886
885
894
885
883
880
885
879
882
897
885
880
877
877
872
883
868
113
865
863
868
863
201
856
86
857
859
858
851
847
853
848
843
855
857
840
839
839
840
836
838
833
812
838
830
830
825
823
826
831
831
819
826
825
84
818
821
812
811
808
816
809
815
806
810
802
811
812
813
801
801
309
797
800
795
795
805
792
789
792
788
786
103
781
785
793
778
782
779
781
773
772
770
769
770
771
774
783
779
760
759
759
760
756
755
753
763
755
226
769
752
750
749
749
749
750
746
749
754
745
742
741
739
739
734
739
732
747
731
737
730
734
730
729
729
725
724
733
722
724
720
342
726
719
719
719
717
719
717
716
718
713
716
709
711
715
707
703
701
704
700
700
696
704
692
689
689
691
695
688
689
688
690
687
684
684
683
685
681
681
692
678
680
684
676
675
464
674
676
672
674
672
671
671
673
670
670
669
669
672
668
671
667
668
668
669
665
664
686
664
662
661
670
661
661
662
363
667
655
655
654
653
653
652
650
652
650
646
645
649
643
641
641
639
637
635
636
630
629
629
629
629
631
466
628
164
626
627
623
623
620
620
619
456
623
621
617
616
615
622
617
614
616
612
612
607
605
612
604
603
603
349
605
603
602
599
602
597
597
602
595
596
587
593
592
591
591
594
589
590
588
588
596
585
584
584
584
585
590
588
583
583
583
580
580
140
579
579
578
553
255
577
577
577
577
577
576
578
579
577
573
573
572
574
571
571
576
157
570
570
569
568
141
567
231
566
566
566
571
564
564
564
563
563
563
562
561
561
560
161
568
558
559
557
560
556
557
555
555
555
554
554
554
483
555
559
552
552
555
551
551
552
553
551
548
548
548
547
547
547
547
549
546
545
548
544
543
543
543
544
542
541
541
540
539
539
538
537
537
540
537
535
535
532
532
532
533
531
531
531
532
530
529
528
528
528
527
526
526
528
527
524
524
525
522
291
521
521
521
521
520
520
520
521
519
516
516
516
516
467
517
514
514
513
511
511
511
512
511
510
510
508
507
507
508
509
506
505
442
508
504
503
500
474
128
498
498
499
497
497
497
497
500
497
495
494
495
493
492
492
493
490
490
490
491
496
488
491
487
492
486
493
485
485
484
484
483
483
484
484
482
484
483
481
481
482
479
480
478
486
477
476
475
475
475
475
473
474
476
472
470
470
63
469
469
468
468
467
467
255
465
465
465
464
464
466
463
463
463
463
462
461
461
461
461
461
462
465
460
458
458
462
458
461
455
455
454
453
453
453
452
456
452
451
451
451
451
450
450
450
451
452
134
127
450
448
420
328
447
447
447
448
446
446
446
447
446
403
445
444
444
443
443
443
442
442
442
442
442
441
441
440
440
439
439
436
435
435
435
161
434
434
433
434
257
432
432
432
432
432
434
431
431
431
431
430
432
429
429
428
428
429
427
427
427
427
427
428
426
425
53
424
424
424
423
423
423
422
421
421
421
421
421
421
420
420
420
419
421
418
418
417
417
416
416
416
416
415
414
414
416
413
413
413
413
414
356
412
412
411
411
412
410
410
409
409
409
409
409
410
411
408
408
409
407
409
406
406
406
406
406
405
405
405
406
404
404
404
404
404
404
403
403
403
405
402
402
401
400
400
400
400
401
399
399
398
398
398
398
398
398
398
397
397
397
398
398
397
396
396
185
262
395
395
394
394
394
394
394
394
395
394
394
393
393
56
392
392
392
392
392
391
391
391
391
390
393
389
389
389
391
388
388
388
387
162
386
386
387
385
384
384
384
385
383
383
382
382
382
382
383
381
381
381
380
381
379
379
379
378
381
62
377
377
377
377
380
376
376
376
376
376
376
375
375
375
374
374
374
374
373
373
373
374
372
371
371
374
370
370
370
370
371
180
369
369
368
368
368
368
382
79
366
366
366
366
366
366
366
365
365
364
364
364
363
363
363
363
362
362
361
361
361
354
360
360
360
360
360
365
359
359
358
358
358
358
357
357
357
357
357
356
356
356
356
371
355
355
53
354
354
356
353
353
353
353
353
353
352
352
352
352
352
351
351
351
350
350
349
349
349
349
348
348
348
348
348
116
347
347
347
346
346
346
345
345
344
344
344
344
344
343
343
343
343
342
342
299
342
340
340
340
340
346
339
339
339
339
338
338
338
338
338
338
338
338
330
337
337
336
336
336
336
336
335
335
335
335
337
96
334
334
333
332
332
331
331
331
331
331
331
332
330
330
330
330
329
329
329
329
329
329
329
321
328
328
328
327
327
326
326
326
326
326
325
325
325
325
325
325
325
114
324
324
324
323
322
322
322
322
322
181
321
321
321
321
321
320
322
319
319
319
319
129
318
318
318
318
317
317
317
317
317
317
317
317
316
316
316
316
316
316
316
315
315
315
315
181
314
314
314
314
314
314
314
314
314
316
313
313
313
313
313
312
312
312
311
311
311
311
311
310
310
310
309
309
309
309
309
308
308
308
308
308
308
202
307
307
307
306
306
306
306
306
306
306
306
305
304
304
304
304
282
303
303
303
303
303
303
302
302
302
302
302
301
301
301
301
301
301
301
301
230
300
300
299
299
299
299
299
299
299
299
298
298
298
298
298
269
297
297
297
297
296
296
296
296
296
296
296
296
295
295
295
295
295
295
295
295
294
294
294
294
294
294
294
224
293
293
293
293
293
293
293
292
292
292
292
292
292
292
291
291
291
291
291
291
291
292
291
290
290
290
290
290
290
290
289
289
289
289
288
288
288
288
288
77
287
287
287
287
287
287
287
286
286
286
286
286
285
285
285
285
285
285
285
285
67
137
284
284
284
284
283
283
283
283
283
283
282
282
282
282
282
282
281
281
281
281
281
281
281
281
281
281
280
280
280
280
280
280
280
280
279
279
279
279
279
279
279
278
278
278
278
277
277
277
277
277
277
66
276
276
276
276
276
276
276
107
79
275
275
275
277
267
274
274
274
274
274
274
274
274
274
274
273
273
273
272
272
272
272
272
272
68
271
271
271
272
270
270
270
270
270
270
269
269
269
269
269
269
269
268
268
268
268
268
268
268
268
267
267
267
266
266
266
266
265
265
265
265
265
265
264
264
264
264
264
264
264
264
242
263
263
263
263
263
143
262
262
262
262
262
262
178
248
261
261
261
261
261
261
261
261
261
141
260
260
260
260
260
263
259
259
259
259
259
62
258
258
258
258
258
258
258
258
258
258
258
257
257
257
257
257
257
257
257
257
257
257
257
137
144
256
256
256
256
256
256
256
256
256
256
255
255
255
255
255
255
255
255
255
255
254
254
254
254
254
253
253
253
253
253
253
253
253
253
252
252
252
252
251
251
251
251
251
251
251
251
251
251
237
250
250
250
250
251
249
249
249
249
249
249
249
248
248
248
248
248
248
248
248
248
248
248
248
247
247
247
247
247
247
247
247
247
247
246
246
246
246
246
246
246
245
245
245
245
245
244
244
244
244
244
244
244
244
243
243
243
243
243
243
243
243
243
144
165
242
242
242
242
242
242
242
150
241
241
227
241
241
241
240
240
240
240
240
240
239
239
239
239
239
239
239
238
238
238
238
238
238
238
238
238
84
237
237
237
237
237
237
237
237
237
68
236
236
236
236
236
236
235
235
235
235
235
235
235
235
235
235
235
234
234
234
233
233
233
233
233
233
232
232
232
232
113
231
231
231
231
231
231
231
231
231
231
41
230
230
230
230
230
230
230
230
229
229
229
229
229
229
229
229
229
229
229
229
229
229
53
228
228
228
228
228
228
228
228
228
227
227
227
227
227
227
227
227
227
227
226
226
226
226
226
225
225
225
225
225
225
225
225
225
225
224
224
224
224
224
224
224
203
223
223
223
223
223
223
223
222
222
222
222
222
222
222
222
222
222
137
221
221
221
221
221
221
221
221
221
221
221
220
220
220
220
220
220
220
220
59
219
219
219
219
219
219
219
219
219
219
219
219
219
219
218
218
218
218
217
217
217
217
217
217
217
217
217
217
189
216
216
216
216
216
216
216
216
216
216
216
215
215
215
215
215
215
214
214
214
214
214
214
214
214
213
213
213
213
213
213
213
213
213
212
212
212
212
212
212
212
212
212
177
211
211
211
211
211
211
211
210
210
210
210
210
210
210
210
210
210
210
210
209
209
209
209
209
209
209
209
209
209
209
209
209
160
208
208
208
208
208
208
208
208
208
208
208
208
208
208
208
208
208
208
207
207
207
207
207
207
207
207
207
207
207
95
206
206
206
206
206
206
206
206
206
206
205
205
205
205
205
205
205
205
205
205
205
205
205
205
149
204
204
204
204
204
204
204
204
204
204
204
204
204
203
203
203
203
203
203
203
203
203
202
202
202
202
202
202
202
202
202
202
202
202
201
201
201
201
201
201
201
201
201
200
200
200
200
200
200
199
199
199
199
199
199
199
199
199
198
198
198
198
198
198
198
198
198
198
198
198
198
198
198
198
198
58
197
197
197
197
197
197
197
197
196
196
196
196
196
196
196
195
195
195
195
195
195
195
195
196
194
194
194
194
194
194
194
194
194
194
194
82
193
193
193
193
193
193
193
193
193
193
193
193
192
192
192
192
192
192
191
191
191
191
191
191
191
191
191
191
191
191
191
191
191
191
191
191
191
191
191
191
190
190
190
190
190
190
190
190
190
190
190
189
189
189
189
189
189
189
189
189
189
189
188
188
188
146
187
187
187
187
187
187
187
187
187
187
187
187
187
54
186
186
186
186
186
186
186
186
186
186
186
186
39
185
185
185
185
185
185
185
185
185
185
185
185
185
52
184
184
184
184
184
184
184
184
184
184
184
184
184
184
44
183
183
183
183
183
183
183
183
183
183
183
182
182
182
182
182
182
182
182
182
182
182
182
181
181
181
181
181
181
181
181
181
181
181
181
181
181
181
181
181
181
180
180
180
180
180
180
180
180
180
180
180
180
180
180
180
180
180
180
180
180
159
179
179
179
179
179
179
179
179
179
179
179
179
179
179
179
151
178
178
178
178
178
171
178
178
178
178
178
178
178
178
178
177
177
177
177
177
177
177
177
177
177
177
177
177
177
177
177
176
176
176
176
176
176
176
176
176
176
176
176
176
176
71
175
175
175
175
175
175
175
175
175
175
175
175
175
174
174
174
174
174
174
174
174
174
174
173
173
173
173
173
173
173
173
173
173
173
173
173
173
173
173
173
172
172
172
172
172
172
172
172
172
172
172
172
172
172
172
172
172
172
172
172
171
171
171
171
171
171
171
171
171
171
171
171
171
171
171
171
171
171
171
171
170
170
170
170
170
170
170
170
170
170
170
170
170
170
170
170
170
170
170
170
170
169
169
169
169
169
169
169
169
169
169
169
169
169
169
169
169
169
168
168
168
168
168
168
168
168
168
168
168
168
168
168
168
168
168
168
167
167
167
167
167
167
167
167
167
167
166
166
166
166
166
166
166
166
166
165
165
165
165
165
165
165
165
165
165
165
165
165
165
165
165
165
165
165
165
165
165
164
164
164
164
164
164
164
164
164
164
164
164
164
164
164
164
164
164
163
163
163
163
163
163
163
163
163
163
163
163
162
162
162
162
162
162
162
162
162
162
162
162
161
161
161
161
161
161
161
161
161
161
161
161
161
161
161
161
161
161
161
161
161
160
160
160
160
160
160
160
160
160
160
160
160
160
160
160
160
160
160
159
159
159
159
159
159
159
159
159
159
159
159
159
158
158
158
158
158
158
158
158
158
158
158
158
158
158
158
158
158
158
158
157
157
157
157
157
157
157
157
157
157
157
157
157
157
157
157
157
157
157
156
156
156
156
156
156
156
156
156
156
156
156
156
156
155
155
155
155
155
155
155
155
155
155
155
155
155
155
155
155
155
154
154
154
154
154
154
154
154
154
154
153
153
153
153
153
153
153
153
153
153
153
153
153
153
153
153
152
152
152
152
152
152
152
152
152
152
152
138
152
152
152
151
151
151
151
151
151
151
151
151
151
151
151
151
151
151
151
144
150
150
150
150
150
150
150
150
150
150
150
150
150
150
150
149
149
149
149
149
149
149
149
149
149
149
149
149
149
149
149
149
148
148
148
148
148
148
148
148
148
148
148
148
148
148
148
148
148
148
148
148
148
147
147
147
147
147
147
147
147
147
147
147
147
147
147
147
147
147
146
146
146
146
146
146
146
146
146
146
146
146
146
146
146
146
146
146
146
146
146
146
146
146
146
55
145
145
145
145
145
145
145
145
145
145
145
145
145
145
145
145
145
145
145
145
145
145
145
145
145
145
145
144
144
144
144
144
144
144
144
144
144
144
144
144
144
144
144
144
144
144
144
144
144
143
143
143
143
143
143
143
143
143
143
143
143
143
143
143
143
143
143
143
143
143
142
142
142
142
142
142
142
142
142
142
142
142
142
142
142
142
142
142
142
142
142
142
142
141
141
141
141
141
141
141
141
141
141
141
141
141
141
141
141
140
140
140
140
140
140
140
140
140
140
140
140
140
140
139
139
139
139
139
139
139
139
139
139
139
139
139
139
139
139
139
139
139
139
139
139
139
139
138
138
138
138
138
138
138
138
138
138
138
138
138
138
138
138
138
138
138
138
138
138
138
138
138
137
137
137
137
137
137
137
137
137
137
137
137
137
137
137
137
137
137
137
137
136
136
136
136
136
136
136
136
136
136
136
136
136
136
136
136
136
135
135
135
135
135
135
135
135
135
135
135
135
135
135
135
135
135
135
135
135
135
135
135
135
134
134
134
134
134
134
134
134
134
134
134
134
134
134
134
134
134
134
134
134
134
134
134
134
134
134
134
133
133
133
133
133
133
133
133
133
133
133
133
133
133
133
133
133
133
133
133
133
133
133
132
132
132
132
132
132
132
132
132
132
132
132
132
132
132
132
132
131
131
131
131
131
131
131
131
131
131
131
131
131
131
131
131
131
131
131
131
130
130
130
130
130
130
130
130
130
130
130
130
130
130
130
130
130
130
130
130
130
130
130
130
130
130
130
130
130
130
130
109
129
129
129
129
129
129
129
129
129
129
129
129
129
129
129
129
129
129
129
129
129
129
129
128
128
128
128
128
128
128
128
128
128
128
128
128
128
128
128
128
128
128
128
128
128
128
128
128
128
127
127
127
127
127
127
127
127
127
127
127
127
127
127
127
127
127
127
127
127
127
127
127
127
127
127
127
127
127
127
127
127
127
126
126
126
126
126
126
126
126
126
126
126
126
126
126
126
126
126
126
126
126
125
125
125
125
125
125
125
125
125
125
125
125
125
125
125
125
125
125
125
125
125
125
125
125
125
125
125
125
125
118
124
124
124
124
124
124
124
124
124
124
124
124
124
124
124
124
124
124
124
124
124
124
124
124
124
124
124
124
124
124
124
124
124
124
124
123
123
123
123
123
123
123
123
123
123
123
123
123
123
123
123
123
123
123
123
123
123
123
39
122
122
122
122
122
122
122
122
122
122
122
122
122
122
122
122
122
122
122
122
122
122
122
122
122
122
121
121
121
121
121
121
121
121
121
121
121
121
121
121
121
121
121
121
121
121
121
121
121
121
120
120
120
120
120
120
120
120
120
120
120
120
120
120
120
120
120
120
120
120
120
120
120
120
120
99
119
119
119
119
119
119
119
119
119
119
119
119
119
119
119
119
119
119
119
119
119
119
119
119
105
118
118
118
118
118
118
118
118
118
118
118
118
118
118
90
117
117
117
117
117
117
117
117
117
117
117
117
117
117
117
117
117
117
117
117
117
117
117
117
117
117
117
117
117
116
116
116
116
116
116
116
116
116
116
116
116
116
116
116
116
116
116
116
116
116
116
116
116
116
116
116
116
115
115
115
115
115
115
115
115
115
115
115
115
115
115
115
115
115
115
115
115
115
115
115
115
115
115
115
115
115
115
115
115
115
114
114
114
114
114
114
114
114
114
114
114
114
114
114
114
114
114
114
114
114
114
114
114
113
113
113
113
113
113
113
113
113
113
113
113
113
113
113
113
113
113
113
113
113
113
113
113
113
113
113
113
113
113
113
113
113
113
113
113
113
113
113
113
112
112
112
112
112
112
112
112
112
112
112
112
112
112
112
112
112
112
112
112
112
112
112
112
112
111
111
111
111
111
111
111
111
111
111
111
111
111
111
111
111
111
111
111
111
111
111
111
111
111
111
111
110
110
110
110
110
110
110
110
110
110
110
110
110
110
110
110
110
110
110
110
110
110
110
110
110
109
109
109
109
109
109
109
109
109
109
109
109
109
109
109
109
109
109
109
109
109
109
109
109
109
109
109
109
109
109
109
109
109
109
108
108
108
108
108
108
108
108
108
108
108
108
108
108
108
108
108
108
108
108
108
108
108
108
108
108
108
108
108
108
107
107
107
107
107
107
107
107
107
107
107
107
107
107
107
107
107
107
107
107
107
107
107
107
107
107
107
107
107
107
107
107
72
106
106
106
106
106
106
106
106
106
106
106
106
106
106
106
106
106
106
106
106
106
106
106
106
106
106
106
106
106
106
106
106
106
105
105
105
105
105
105
105
105
105
105
105
105
105
105
105
105
56
104
104
104
104
104
104
104
104
104
104
104
104
104
104
104
104
104
104
104
104
104
104
104
104
104
104
104
104
104
104
104
104
76
103
103
103
103
103
103
103
103
103
103
103
103
103
103
103
103
103
103
103
103
103
103
103
103
103
103
103
103
103
40
102
102
102
102
102
102
102
102
102
102
102
102
102
102
102
102
102
102
102
102
102
102
102
102
101
101
101
101
101
101
101
101
101
101
101
101
101
101
101
101
101
101
101
101
101
101
101
101
101
101
101
101
101
101
101
101
87
100
100
100
100
100
100
100
100
100
100
100
100
100
100
100
100
100
100
100
100
100
100
100
100
100
100
100
100
100
100
100
100
100
100
100
100
100
100
100
100
100
100
100
100
100
100
100
100
99
99
99
99
99
99
99
99
99
99
99
99
99
99
99
99
99
99
99
99
99
99
99
99
99
99
99
99
99
99
99
99
99
99
99
99
99
98
98
98
98
98
98
98
98
98
98
98
98
98
98
98
98
98
98
98
98
98
98
98
98
98
98
98
98
98
98
98
98
97
97
97
97
97
97
97
97
97
97
97
97
97
97
97
97
97
97
97
97
97
97
97
97
97
97
97
97
97
97
97
97
97
97
97
97
97
96
96
96
96
96
96
96
96
96
96
96
96
96
96
96
96
96
96
96
96
96
96
96
96
96
96
96
96
96
96
96
96
96
96
96
96
96
96
96
95
95
95
95
95
95
95
95
95
95
95
95
95
95
95
95
95
95
95
95
95
95
95
95
95
95
95
95
95
95
95
95
95
95
95
95
95
95
95
95
94
94
94
94
94
94
94
94
94
94
94
94
94
94
94
94
94
94
94
94
94
94
94
94
94
94
94
93
93
93
93
93
93
93
93
93
93
93
93
93
93
93
93
93
93
93
93
93
93
93
93
93
93
93
93
93
93
93
93
93
93
93
93
93
93
93
93
93
92
92
92
92
92
92
92
92
92
92
92
92
92
92
92
92
92
92
92
92
92
92
92
92
92
92
92
92
92
92
92
92
92
92
92
92
92
92
92
92
92
92
92
92
92
92
91
91
91
91
91
91
91
91
91
91
91
91
91
91
91
91
91
91
91
91
91
91
91
91
91
91
91
91
91
91
91
91
91
91
91
91
91
91
91
77
70
90
90
90
90
90
90
90
90
90
90
90
90
90
90
90
90
90
90
90
90
90
90
90
90
90
90
90
90
90
90
90
90
90
90
90
90
90
90
90
90
89
89
89
89
89
89
89
89
89
89
89
89
89
89
89
89
89
89
89
89
89
89
89
89
89
89
89
89
89
89
89
89
89
89
89
89
89
89
88
88
88
88
88
88
88
88
88
88
88
88
88
88
88
88
88
88
88
88
88
88
88
88
88
88
88
88
88
88
88
88
88
88
88
88
88
88
88
88
88
88
88
88
88
88
88
88
88
88
88
88
88
88
87
87
87
87
87
87
87
87
87
87
87
87
87
87
87
87
87
87
87
87
87
87
87
87
87
87
87
87
87
87
87
87
87
87
87
87
87
87
87
87
87
87
87
87
87
87
87
86
86
86
86
86
86
86
86
86
86
86
86
86
86
86
86
86
86
86
86
86
86
86
86
86
86
86
86
86
86
86
86
86
86
86
86
86
86
86
86
86
86
86
86
86
86
86
85
85
85
85
85
85
85
85
85
85
85
85
85
85
85
85
85
85
85
85
85
85
85
85
85
85
85
85
85
85
85
85
85
85
85
85
85
85
85
85
85
84
84
84
84
84
84
84
84
84
84
84
84
84
84
84
84
84
84
84
84
84
84
84
84
84
84
84
84
84
84
84
84
84
84
84
84
84
84
84
84
84
84
84
84
84
84
84
84
83
83
83
83
83
83
83
83
83
83
83
83
83
83
83
83
83
83
83
83
83
83
83
83
83
83
83
83
83
83
83
83
83
83
83
83
83
48
82
82
82
82
82
82
82
82
82
82
82
82
82
82
82
82
82
82
82
82
82
82
82
82
82
82
82
82
82
82
82
82
82
82
82
82
82
82
82
82
82
82
82
82
82
82
82
82
82
82
81
81
81
81
81
81
81
81
81
81
81
81
81
81
81
81
81
81
81
81
81
81
81
81
81
81
81
81
81
81
81
81
81
81
81
81
81
81
81
81
81
81
81
81
81
81
81
81
81
81
80
80
80
80
80
80
80
80
80
80
80
80
80
80
80
80
80
80
80
80
80
80
80
80
80
80
80
80
80
80
80
80
80
80
80
80
80
80
80
80
80
80
80
79
79
79
79
79
79
79
79
79
79
79
79
79
79
79
79
79
79
79
79
79
79
79
79
79
79
79
79
79
79
79
79
79
79
79
79
78
78
78
78
78
78
78
78
78
78
78
78
78
78
78
78
78
78
78
78
78
78
78
78
78
78
78
78
78
78
78
78
78
78
78
78
78
78
78
78
78
78
78
78
78
78
78
78
78
78
78
43
77
77
77
77
77
77
77
77
77
77
77
77
77
77
77
77
77
77
77
77
77
77
77
77
77
77
77
77
77
77
77
77
77
77
77
77
77
77
77
77
77
77
77
77
77
76
76
76
76
76
76
76
76
76
76
76
76
76
76
76
76
76
76
76
76
76
76
76
76
76
76
76
76
76
76
76
76
76
76
76
76
76
76
76
76
76
76
76
76
76
76
76
75
75
75
75
75
75
75
75
75
75
75
75
75
75
75
75
75
75
75
75
75
75
75
75
75
75
75
75
75
75
75
75
75
75
75
75
75
75
75
75
75
75
75
75
75
75
75
74
74
74
74
74
74
74
74
74
74
74
74
74
74
74
74
74
74
74
74
74
74
74
74
74
74
74
74
74
74
74
74
74
74
74
73
73
73
73
73
73
73
73
73
73
73
73
73
73
73
73
73
73
73
73
73
73
73
73
73
73
73
73
73
73
73
73
73
73
73
73
73
73
73
73
73
73
73
73
73
73
73
73
73
73
73
73
73
73
72
72
72
72
72
72
72
72
72
72
72
72
72
72
72
72
72
72
72
72
72
72
72
72
72
72
72
72
72
72
72
72
72
72
72
72
72
72
72
72
72
72
72
72
72
72
72
72
72
72
72
72
71
71
71
71
71
71
71
71
71
71
71
71
71
71
71
71
71
71
71
71
71
71
71
71
71
71
71
71
71
71
71
71
71
71
71
71
71
71
71
71
71
71
71
71
71
71
71
71
71
71
71
71
71
71
70
70
70
70
70
70
70
70
70
70
70
70
70
70
70
70
70
70
70
70
70
70
70
70
70
70
70
70
70
70
70
70
70
70
70
70
70
70
70
70
70
70
70
70
70
70
70
70
70
70
70
70
70
70
70
70
70
62
69
69
69
69
69
69
69
69
69
69
69
69
69
69
69
69
69
69
69
69
69
69
69
69
69
69
69
69
69
69
69
69
69
69
69
69
69
69
69
69
69
69
69
69
69
69
69
69
69
69
69
69
69
69
69
69
69
69
69
69
69
69
68
68
68
68
68
68
68
68
61
68
68
68
68
68
68
68
68
68
68
68
68
68
68
68
68
68
68
68
68
68
68
68
68
68
68
68
68
68
68
68
68
68
68
68
68
68
68
68
68
68
67
67
67
67
67
67
67
67
67
67
67
67
67
67
67
67
67
67
67
67
67
67
67
67
67
67
67
67
67
67
67
67
67
67
67
67
67
67
67
67
67
67
67
67
67
67
67
67
67
67
67
67
67
67
67
67
67
67
67
67
67
67
66
66
66
66
66
66
66
66
66
66
66
66
66
66
66
66
66
66
66
66
66
66
66
66
66
66
66
66
66
66
66
66
66
66
66
66
66
66
66
66
66
66
66
66
66
66
66
65
65
65
65
65
65
65
65
65
65
65
65
65
65
65
65
65
65
65
65
65
65
65
65
65
65
65
65
65
65
65
65
65
65
65
65
65
65
65
65
65
65
65
65
65
65
65
65
65
65
65
65
65
64
64
64
64
64
64
64
64
64
64
64
64
64
64
64
64
64
64
64
64
64
64
64
64
64
64
64
64
64
64
64
64
64
64
64
64
64
64
64
64
64
64
64
64
64
64
64
63
63
63
63
63
63
63
63
63
63
63
63
63
63
63
63
63
63
63
63
63
63
63
63
63
63
63
63
63
63
63
63
63
63
63
63
63
63
63
63
63
63
63
63
63
63
63
63
63
63
63
63
63
63
63
63
63
63
63
63
63
62
62
62
62
62
62
62
62
62
62
62
62
62
62
62
62
62
62
62
62
62
62
62
62
62
62
62
62
62
62
62
62
62
62
62
62
62
62
62
62
62
62
62
62
62
62
62
62
62
62
62
62
62
62
62
62
62
62
61
61
61
61
61
61
61
61
61
61
61
61
61
61
61
61
61
61
61
61
61
61
61
61
61
61
61
61
61
61
61
61
61
61
61
61
61
61
61
61
61
61
61
61
61
61
61
61
61
61
61
61
61
60
60
60
60
60
60
60
60
60
60
60
60
60
60
60
60
60
60
60
60
60
60
60
60
60
60
60
60
60
60
60
60
60
60
60
60
60
60
60
60
60
60
60
60
60
60
60
60
60
60
60
60
60
59
59
59
59
59
59
59
59
59
59
59
59
59
59
59
59
59
59
59
59
59
59
59
59
59
59
59
59
59
59
59
59
59
59
59
59
59
59
59
59
59
59
59
59
59
59
59
59
59
59
59
59
59
58
58
58
58
58
58
58
58
58
58
58
58
58
58
58
58
58
58
58
58
58
58
58
58
58
58
58
58
58
58
58
58
58
58
58
58
58
58
58
58
58
58
58
58
58
58
58
58
58
58
58
58
58
58
58
58
58
58
58
58
58
58
57
57
57
57
57
57
57
57
57
57
57
57
57
57
57
57
57
57
57
57
57
57
57
57
57
57
57
57
57
57
57
57
57
57
57
57
57
57
57
57
57
57
57
57
57
57
57
57
57
56
56
56
56
56
56
56
56
56
56
56
56
56
56
56
56
56
56
56
56
56
56
56
56
56
56
56
56
56
56
56
56
56
56
56
56
56
56
56
56
56
56
56
56
56
56
56
56
56
56
56
56
56
56
56
56
56
56
55
55
55
55
55
55
55
55
55
55
55
55
55
55
55
55
55
55
55
55
55
55
55
55
55
55
55
55
55
55
55
55
55
55
55
55
55
55
55
55
55
55
55
55
55
55
55
55
55
55
55
55
54
54
54
54
54
54
54
54
54
54
54
54
54
54
54
54
54
54
54
54
54
54
54
54
54
54
54
54
54
54
54
54
54
54
54
54
54
54
54
54
54
54
54
54
54
54
54
54
54
54
53
53
53
53
53
53
53
53
53
53
53
53
53
53
53
53
53
53
53
53
53
53
53
53
53
53
53
53
53
53
53
53
53
53
53
53
53
53
53
53
53
53
53
53
53
53
53
53
53
53
53
53
53
53
53
53
53
52
52
52
52
52
52
52
52
52
52
52
52
52
52
52
52
52
52
52
52
52
52
52
52
52
52
52
52
52
52
52
52
52
52
52
52
52
52
52
52
52
52
52
52
52
52
52
52
52
52
52
52
52
51
51
51
51
51
51
51
51
51
51
51
51
51
51
51
51
51
51
51
51
51
51
51
51
51
51
51
51
51
51
51
51
51
51
51
51
51
51
51
51
51
51
51
51
51
51
51
51
51
51
51
51
51
51
51
51
51
50
50
50
50
50
50
50
50
50
50
50
50
50
50
50
50
50
50
50
50
50
50
50
50
50
50
50
50
50
50
50
50
50
50
50
50
50
50
50
50
50
50
50
50
50
50
50
50
50
50
50
50
50
50
50
50
50
50
50
49
49
49
49
49
49
49
49
49
49
49
49
49
49
49
49
49
49
49
49
49
49
49
49
49
49
49
49
49
49
49
49
49
49
49
49
49
49
49
49
49
49
49
49
49
49
48
48
48
48
48
48
48
48
48
48
48
48
48
48
48
48
48
48
48
48
48
48
48
48
48
48
48
48
48
48
48
48
48
48
48
48
48
48
48
48
48
48
48
48
48
48
48
48
48
48
48
48
48
48
48
48
48
47
47
47
47
47
47
47
47
47
47
47
47
47
47
47
47
47
47
47
47
47
47
47
47
47
47
47
47
47
47
47
47
47
47
47
47
47
47
47
47
47
47
47
47
47
47
47
47
47
47
46
46
46
46
46
46
46
46
46
46
46
46
46
46
46
46
46
46
46
46
46
46
46
46
46
46
46
46
46
46
46
46
46
46
46
46
46
46
46
46
46
46
46
45
45
45
45
45
45
45
45
45
45
45
45
45
45
45
45
45
45
45
45
45
45
45
45
45
45
45
45
45
45
45
45
45
45
45
45
45
45
44
44
44
44
44
44
44
44
44
44
44
44
44
44
44
44
44
44
44
44
44
44
44
44
44
44
44
44
44
44
44
44
44
44
44
44
43
43
43
43
43
43
43
43
43
43
43
43
43
43
43
43
43
43
43
43
43
43
43
43
43
43
43
42
42
42
42
42
42
42
42
42
42
42
42
42
42
42
42
42
42
42
42
42
42
42
42
42
42
41
41
41
41
41
41
41
41
41
41
41
41
41
41
41
41
41
41
41
41
41
41
41
41
40
40
40
40
40
40
40
40
40
40
40
40
40
40
40
40
40
40
40
40
39
39
39
39
39
39
39
39
39
39
39
38
38
38
38
38
38
38
38
38
38
38
38
37
37
37
37
37
37
37
36
36
36
36
36
36
36
35
35
34
34
32
31
