96790
62790
27762
21290
13562
11408
9983
9825
9100
9076
8985
7831
7343
7341
6815
6192
5689
5409
4624
4588
4021
3813
3770
3739
3346
3333
3159
3149
3148
2970
2901
2896
2630
2574
2560
2494
2649
2340
2295
2238
1838
1830
1776
7079870
1691
1656
1641
1608
1559
1549
1544
1538
1532
1519
1512
1427
1423
1302
1273
1269
1242
1233
1179
1170
1149
1109
1105
1088
1077
1075
1068
1029
1020
990
955
917
913
910
860
810
806
2886396
778
777
771
766
732
721
715
714
710
698
695
692
679
666
659
652
648
644
643
642
636
633
630
624
623
622
616
606
606
6239
598
598
596
594
590
573
58235
551
551
548
545
541
519
510
509
505
500
495
494
484
482
481
466
455
439
435
437
430
424
416
412
411
409
408
403
401
398
397
396
389
389
385
383
382
363
361
350
350
348
465
340
338
337
336
336
331
329
327
326
326
321
321
319
319
319
311
311
300
300
18310
299
299
298
296
291
289
285
284
280
277
272
270
269
269
268
263
262
262
261
259
255
255
253
253
253
252
250
249
248
247
246
246
245
242
240
239
238
238
236
738
235
235
234
234
232
232
232
231
230
230
229
229
229
228
227
226
923565
225
224
224
224
224
223
223
221
220
219
219
215
215
215
214
213
213
212
211
209
209
208
206
206
203
203
199
198
197
194
193
192
191
190
188
187
186
184
183
183
679
182
181
181
179
178
177
175
175
174
174
174
173
173
172
171
171
170
169
169
167
166
166
166
165
164
163
163
163
161
161
160
159
158
158
157
156
154
154
152
151
150
150
150
149
149
149
149
148
148
147
144
144
142
140
139
139
137
135
135
134
133
132
131
131
131
130
130
129
129
128
128
128
127
127
126
126
125
287
124
124
123
123
123
123
121
119
116
116
116
115
114
113
113
112
112
112
111
110
109
108
107
107
106
106
103
103
3413
102
102
102
101
100
100
100
99
98
98
98
98
97
96
94
94
93
93
93
93
92
92
92
90
90
90
88
87
86
85
85
84
84
84
83
83
82
81
81
80
80
79
79
78
77
77
76
76
75
74
72
72
72
72
71
71
70
70
170
69
69
68
337
67
67
67
64
63
61
60
59
57
6867
50
50
61205
47
157290
44
438
105796
247
485
118890
99
47
73
79765
110
182
56794
62896
141
120
5645
111
60
47415
33
72
49477
49861
431
46
44572
37
120
45690
280
45258
48
52
45
44353
81
56
35538
49
28
12
38654
25139
88
54
25
39
27
35497
35294
33867
41
33188
59
31764
2739
11289
30364
79
144
36
32
55
49
26
35
33
17
49
59
56
23142
35
28
23
106
205
137
78
22448
98
169
11
65
56
12383
170
80
58
172
21344
35
30
19
39
70
29
27
26
24
23
20
17
16
15
10
22
91
18690
6543
65
17891
177
29
17
24
37
29
32
23
11
218
29
86
19
15299
37
23
27
32
27
18
18
17
13
12
15456
34
15638
110
7533
14077
14442
48
13
14161
41
13319
2440
50
57
119
49
39
21
58
25
15
12723
120
43
12493
36
99
102
16
78
72
51
43
27
23
23
34
40
37
37
36
26
19
30
30
30
23
26
19
23
22
22
22
21
21
20
11
17
16
15
14
12
12
11
41
114
10668
190
11718
74
10616
97
33
328
536
10840
10830
44
8036
55
1214
10439
10398
186
10312
33
79
66
826
30
60
33
64
9111
35
1350
9425
21
12
61
65
14
50
47
32
30
373
9193
9172
9158
40
69
43
44
33
32
72
22
100
73
10
64
55
40
37
39
36
30
30
28
24
23
21
17
8717
11
10
317
49
30
337
143
77
113
130
34
8289
12
12
12
10
14
11
64
54
52
47
48
47
46
46
45
8234
44
15
40
40
38
37
37
36
36
15
35
28
34
34
34
27
33
32
18
31
31
21
27
27
27
27
26
26
25
25
25
24
24
23
23
23
16
22
22
15
15
21
21
20
20
13
13
19
19
18
18
18
11
17
17
16
16
16
16
15
15
14
14
14
14
14
14
14
13
13
13
13
13
12
12
12
11
11
11
11
11
11
10
7068
240
8014
67
7883
302
346
5942
7321
7164
7140
7088
7054
241
579
6912
6904
6799
6764
22
54
52
4800
3922
110
48
43
6540
2457
3531
6332
76
6361
10
163
6339
6269
4230
6025
5694
6096
983
2380
6052
41
5900
160
33
5877
1704
47
3534
390
32
43
68
5753
61
41
5745
558
39
5710
5661
3973
50
5634
47
41
23
5635
5587
4330
287
5527
5182
5508
5003
37
44
23
5293
5276
5238
37
36
42
76
32
37
87
55
22
24
14
54
565
24
41
39
44
34
37
22
33
33
31
31
20
23
21
21
21
13
18
16
14
12
158
2902
3923
5004
195
5024
75
199
5033
4769
4181
3476
57
256
14
4810
4891
3821
50
776
45
53
619
76
138
4754
614
87
24
98
91
26
19
53
26
36
41
100
35
32
3355
15
27
19
11
11
79
16
58
55
55
54
53
48
47
40
38
44
43
553
42
28
41
39
32
37
29
22
35
27
26
543
32
25
31
30
30
30
29
29
29
22
28
28
21
27
235
24
24
24
24
30
23
23
16
22
22
22
22
22
21
21
20
20
20
19
19
19
19
12
18
18
507
17
17
16
16
16
15
14
14
14
14
14
14
13
13
12
12
12
11
500
10
10
10
4564
377
445
431
286
82
4403
298
4356
259
256
238
40
211
66
123
180
4288
45
116
1948
148
48
41
104
32
69
86
126
131
122
52
119
28
35
48
25
53
45
36
42
20
40
33
38
37
23
36
3533
19
30
29
22
4185
20
19
24
10
15
4179
84
21
19
18
18
18
17
10
10
31
12
10
10
4139
37
67
46
65
12
471
43
56
55
47
38
31
51
50
50
43
22
42
21
48
48
27
4135
47
40
46
46
39
32
11
45
45
38
38
38
38
17
44
44
30
23
23
43
43
43
36
36
36
22
42
42
42
42
42
42
42
35
35
41
41
41
41
41
41
34
34
34
40
40
40
40
33
26
39
39
39
39
39
39
39
39
32
32
32
25
38
38
38
38
38
38
38
38
31
31
31
24
37
37
37
37
37
30
30
23
36
36
36
36
36
29
29
29
15
35
35
35
35
35
35
35
35
28
28
28
21
14
14
34
34
34
34
34
27
13
33
33
33
33
33
33
33
33
33
33
19
19
19
12
32
32
32
32
32
32
32
32
32
32
25
31
31
31
31
31
31
31
31
31
31
31
31
31
31
31
31
31
31
31
31
31
31
31
31
31
31
24
24
24
24
24
17
30
30
30
30
30
30
30
30
30
30
30
30
30
30
30
30
23
29
29
29
29
29
29
29
29
29
29
29
29
29
29
22
22
22
15
28
28
28
28
28
28
28
28
28
28
28
28
21
14
27
27
27
27
27
27
27
27
27
27
27
27
27
27
27
27
20
13
13
13
26
26
26
26
26
26
26
26
26
26
26
26
19
25
25
25
25
25
25
25
25
25
25
25
25
25
25
18
18
18
18
11
11
24
24
24
24
24
24
24
24
24
24
24
24
24
17
17
17
17
10
23
23
23
23
23
23
23
23
23
23
23
23
16
16
16
16
16
22
22
22
22
22
22
22
22
22
22
22
22
22
22
22
22
22
22
22
22
15
15
15
15
15
15
21
21
21
21
21
21
21
21
21
21
21
21
21
21
21
21
21
21
21
21
21
14
14
14
14
20
20
20
20
20
20
20
20
20
20
20
20
20
20
20
20
20
20
20
20
20
20
20
13
19
19
19
19
19
19
19
19
19
19
19
19
19
19
19
19
19
19
19
19
19
19
19
12
12
18
18
18
18
18
18
18
18
18
18
18
18
18
18
18
18
18
18
18
18
11
11
17
17
17
17
17
17
17
17
17
17
17
17
17
17
17
17
17
17
17
17
17
17
17
17
17
17
10
10
10
10
10
16
16
16
16
16
16
16
16
16
16
16
16
16
16
16
16
16
16
16
16
16
16
16
16
16
16
16
16
16
16
16
15
15
15
15
15
15
15
15
15
15
15
15
15
15
15
15
15
15
15
15
15
15
15
15
15
15
14
14
14
14
14
14
14
14
14
14
14
14
14
14
14
14
14
14
14
14
14
14
14
14
14
14
14
14
13
13
13
13
13
13
13
13
13
13
13
13
13
13
13
13
13
13
13
13
13
13
13
13
13
13
13
13
4100
12
12
12
12
12
12
12
12
12
12
12
12
12
12
12
12
12
12
12
12
12
12
12
12
12
12
12
12
12
12
12
12
12
12
12
12
12
11
11
11
11
11
11
11
11
11
11
11
11
11
11
11
11
11
11
11
11
11
11
11
11
11
11
11
11
11
11
11
10
10
10
10
10
10
10
10
10
10
10
10
10
10
10
10
10
10
10
10
10
10
10
10
10
10
10
10
10
4019
94
3954
3918
3806
3832
3808
3759
2481
3700
3536
2417
17
3593
99
3566
3572
3134
43
428
3196
3416
3515
1834
3493
3479
3470
3456
2684
3389
3403
3357
3402
3396
112
3250
3317
3300
3277
3267
3258
3232
73
3159
44
3235
3113
3191
3177
31
33
3115
37
70
3099
2948
54
3048
3054
3050
3040
2200
3027
2992
2984
2977
206
2962
2918
2839
2890
2879
2874
35
313
2780
1142
2810
90
2603
2781
1431
127
52
2722
2692
1908
43
2652
96
2629
2400
2615
2605
18
37
2586
2576
280
2517
1842
2520
2509
2497
2490
299
2485
2459
1659
172
2453
2450
2422
2408
1688
32
2410
233
30
1810
2404
2397
2392
520
26
2362
2364
2359
425
2342
21
69
49
2309
2285
21
41
2287
1985
2285
2283
2276
2252
2257
2096
2171
2260
1209
2244
2062
2237
438
505
2215
2172
2212
2204
2141
2202
2193
2053
2160
32
2025
34
527
21
355
2133
2133
2125
2104
1509
2106
572
2100
2099
1431
43
25
2082
1759
37
1911
35
28
21
2070
19
23
18
479
16
14
2031
2050
2000
2033
108
60
2031
2022
118
2010
1991
368
1977
1429
1954
1952
1951
1947
1876
1013
786
82
39
1926
866
1915
211
1629
1892
583
64
1870
1870
848
1869
1853
1855
1321
210
1819
1847
1834
1751
173
1802
1799
60
1795
1790
663
1464
280
98
1740
1764
1600
34
1761
1757
78
1648
42
1736
266
34
1725
1723
48
1544
1716
1708
1703
1609
1692
1689
1655
1606
17
14
1656
67
1539
33
1668
1663
60
1536
202
96
1614
1606
1471
97
1580
1104
40
26
1124
21
477
1622
25
1617
1612
1598
16
1611
876
1538
60
43
53
522
94
35
85
1580
1356
971
40
25
1570
1561
34
1565
32
1536
17
1563
995
28
327
26
22
21
20
1496
1433
19
1551
151
16
15
56
14
13
12
12
10
1542
1542
252
361
1527
818
500
1520
1517
1514
1488
1487
1500
1500
1297
1386
1468
1495
18
1486
1478
112
1482
1480
1354
1419
1465
644
444
1451
1345
157
884
267
70
1454
1313
109
24
1406
1439
1438
104
1428
1316
1423
184
22
1420
1371
1418
1413
1070
1405
109
884
1401
1396
1387
1391
684
257
1375
1388
1379
1287
12
67
1305
1381
295
1378
91
1371
1354
1269
1366
1362
1361
1360
1353
1354
717
1352
1351
1349
1348
1345
146
772
1301
35
750
447
1074
1316
152
1310
1268
29
243
1306
1179
1296
85
488
1299
94
737
29
1180
59
1290
71
190
99
1279
120
1281
1259
45
1248
945
34
1258
1180
998
1270
1270
1116
17
1241
30
1265
96
1264
1248
695
1044
1176
1182
703
1255
1255
1255
1211
1252
74
39
932
156
225
1236
704
114
63
1224
1229
18
143
1220
1073
1001
28
1221
1220
1129
1205
708
50
615
1090
1213
20
1209
551
173
669
36
1198
22
49
1196
48
23
1191
22
1190
35
657
34
1186
1186
80
1185
1183
1176
1155
658
655
144
25
1046
17
1094
205
16
28
1168
45
79
72
16
14
1168
1168
783
20
1041
82
19
1165
1165
1144
1141
1161
1158
1157
100
1072
1155
1152
1046
626
1150
1086
1146
1125
627
213
38
38
1143
555
114
58
30
42
35
916
118
48
54
40
29
1134
49
28
1133
1131
1130
17
10
44
30
43
909
27
20
33
19
81
32
1088
1058
448
84
1111
1097
1116
31
24
415
16
1107
22
22
15
1113
1113
357
91
21
21
26
1110
88
1109
24
17
562
23
16
1099
20
12
1103
18
1081
17
17
17
15
1099
13
47
12
11
1087
876
547
1092
1088
1085
63
20
1083
992
53
359
1078
56
1070
139
48
488
1026
487
53
45
50
987
553
49
48
1048
47
1068
46
18
1067
521
24
40
40
33
26
1061
1060
94
24
37
37
36
36
22
35
1056
922
33
32
32
32
829
31
24
898
30
30
29
1022
1008
28
28
1049
27
27
1047
25
25
25
18
892
521
24
24
24
24
24
17
17
17
23
22
22
22
22
1001
21
21
21
21
14
1042
20
20
20
971
19
19
19
12
1040
18
18
18
18
18
18
11
11
1039
1004
507
17
17
17
17
16
16
16
16
974
15
15
15
15
15
15
1036
14
13
13
13
1034
152
12
12
12
1033
11
11
962
493
10
10
10
1003
1030
932
426
1025
374
888
501
1015
980
1014
1011
1011
500
1009
1007
62
845
1005
828
1002
857
981
992
992
897
245
551
474
970
151
465
982
933
981
979
459
975
854
972
930
39
969
968
749
210
951
964
964
960
932
148
760
955
955
773
817
947
946
946
937
943
942
410
941
940
296
267
938
510
426
935
914
920
932
876
197
931
917
929
929
921
414
922
915
914
410
38
919
919
65
917
616
588
125
831
376
276
912
393
344
190
880
906
906
890
50
903
291
885
898
814
386
812
364
315
356
327
369
304
891
891
380
890
791
640
36
371
873
858
830
878
220
875
875
840
874
13
339
276
373
868
770
98
256
864
297
344
246
36
858
752
322
853
853
851
850
743
267
127
308
783
845
845
817
844
843
841
826
77
629
838
320
774
599
829
745
507
828
814
310
687
825
804
831
830
739
506
651
817
662
298
808
190
819
819
784
41
215
557
268
177
100
812
721
301
809
802
739
807
288
133
727
545
803
292
222
795
662
794
737
65
798
797
271
103
794
206
793
706
789
270
276
199
164
786
779
274
253
784
770
776
629
594
258
782
781
781
633
779
758
261
778
267
64
29
777
777
756
503
775
117
774
158
773
773
93
771
624
229
767
332
758
240
177
231
762
664
181
761
761
299
242
95
759
37
757
596
740
33
683
179
752
738
234
31
736
701
232
749
735
161
202
216
40
26
165
745
199
744
723
702
86
743
211
29
742
741
124
739
137
60
738
409
199
737
702
583
736
463
734
27
733
642
19
732
200
151
74
32
731
717
730
730
728
161
28
28
727
132
684
551
558
75
54
54
193
18
724
206
185
198
141
15
721
721
546
84
56
692
202
62
719
719
719
193
74
59
17
716
715
694
120
714
161
713
573
97
27
711
256
165
137
18
710
633
178
709
198
708
707
700
704
172
116
703
639
121
498
99
684
628
593
697
695
618
121
652
693
693
651
691
47
68
109
689
689
17
688
679
161
48
40
40
683
172
95
682
681
611
583
79
680
106
43
43
679
679
679
98
573
677
677
579
19
676
676
375
81
39
639
37
30
51
23
673
666
120
672
553
161
14
671
20
670
159
26
669
151
32
25
18
654
227
667
576
659
148
658
21
21
657
622
83
139
27
20
61
26
19
662
662
662
25
18
136
24
660
646
597
555
149
23
23
659
148
120
651
133
21
650
146
19
655
18
584
646
652
652
652
652
134
113
112
133
63
49
650
650
97
13
649
642
124
75
12
648
648
634
578
67
11
647
647
647
325
122
646
534
58
58
63
643
174
125
642
124
641
38
38
597
282
107
85
106
57
119
63
636
559
146
635
61
634
634
270
116
60
633
549
52
632
373
121
114
631
134
120
99
50
43
630
630
560
629
629
41
600
117
110
557
109
53
46
46
39
626
584
290
45
45
38
625
37
624
624
343
42
622
622
622
552
552
48
41
621
551
47
33
585
109
39
619
549
101
45
38
38
31
30
617
617
92
36
29
616
609
70
42
35
35
28
28
14
41
41
20
103
103
82
12
613
613
606
522
81
39
25
521
409
94
38
38
38
611
604
541
23
561
533
36
36
609
609
609
609
595
35
28
21
21
594
97
97
34
34
34
27
13
607
593
96
33
19
606
599
32
25
25
605
507
94
31
31
31
24
24
24
17
604
93
86
79
30
30
30
15
574
532
28
28
28
28
28
601
90
27
27
48
20
593
593
54
26
19
19
19
599
88
74
25
25
25
18
598
24
24
24
17
17
17
86
79
65
65
23
23
23
596
22
22
22
22
22
22
15
595
595
21
21
21
594
20
20
20
20
13
68
19
19
19
19
592
592
585
81
81
18
18
18
18
18
584
521
17
10
590
576
527
72
16
16
16
589
43
15
15
15
588
483
14
14
14
14
587
587
580
573
510
76
13
13
586
75
12
12
12
585
585
578
74
39
11
11
11
11
11
577
500
66
10
10
10
10
583
583
583
583
569
548
456
581
574
427
70
202
62
579
341
40
578
67
67
570
570
556
59
59
44
575
57
57
574
546
497
448
63
42
21
573
573
573
566
440
572
565
551
488
334
61
40
46
570
570
59
45
31
569
149
58
51
44
568
50
567
553
497
392
56
49
566
566
510
244
55
55
41
564
32
32
563
563
45
562
44
44
547
50
50
43
43
29
49
559
237
48
48
34
488
33
26
46
46
39
430
80
38
38
38
10
429
23
554
554
344
43
43
43
43
43
36
553
553
42
35
35
35
111
41
41
41
34
551
551
551
40
33
33
39
39
39
39
32
32
25
25
18
18
38
38
38
38
31
31
24
17
548
548
471
37
37
37
37
37
37
30
30
23
547
540
36
36
36
29
29
546
525
35
35
35
35
28
28
28
28
28
28
14
545
545
531
412
34
34
34
34
34
34
34
27
20
13
544
544
530
33
33
33
33
33
33
33
26
26
19
543
32
32
32
32
32
32
32
32
32
32
32
32
32
32
25
18
472
31
31
31
31
31
31
31
31
24
24
24
17
10
534
527
506
30
30
30
30
30
30
30
30
30
30
23
23
23
23
23
16
540
519
29
29
29
29
29
29
29
29
29
29
29
29
22
22
539
532
476
28
28
28
28
28
28
28
28
28
28
28
28
28
28
28
28
28
28
28
28
28
21
21
21
21
21
21
14
14
538
538
538
412
27
27
27
27
27
27
27
27
27
27
27
27
27
27
27
27
20
20
20
20
13
13
26
26
26
26
26
26
26
26
26
26
26
26
26
26
19
19
12
354
333
130
25
25
25
25
25
25
25
25
25
25
25
25
25
25
25
25
18
18
18
18
18
24
24
24
24
24
24
24
24
24
24
24
24
24
24
24
24
24
24
24
24
24
24
17
17
10
534
387
23
23
23
23
23
23
23
23
23
23
23
23
23
23
23
23
23
23
23
23
23
23
23
23
23
23
16
16
16
16
16
16
428
22
22
22
22
22
22
22
22
22
22
22
22
22
22
22
22
22
22
22
22
22
22
22
22
22
22
22
22
22
22
15
15
15
15
15
532
462
483
455
91
21
21
21
21
21
21
21
21
21
21
21
21
21
21
21
21
21
21
21
21
21
21
21
21
21
21
21
21
21
21
14
14
14
20
20
20
20
20
20
20
20
20
20
20
20
20
20
20
20
20
20
20
20
20
20
20
20
20
20
20
20
20
20
20
20
13
13
13
13
13
13
13
530
19
19
19
19
19
19
19
19
19
19
19
19
19
19
19
19
19
19
19
19
19
19
19
19
19
19
19
19
19
19
19
19
19
19
19
19
19
12
12
12
529
529
529
529
466
18
18
18
18
18
18
18
18
18
18
18
18
18
18
18
18
18
18
18
18
18
18
18
18
18
11
11
11
528
451
17
17
17
17
17
17
17
17
17
17
17
17
17
17
17
17
17
17
17
17
17
17
17
17
17
17
17
17
17
17
17
17
17
17
17
17
17
17
17
10
10
527
394
16
16
16
16
16
16
16
16
16
16
16
16
16
16
16
16
16
16
16
16
16
16
16
16
16
16
16
16
16
16
16
16
16
16
16
16
16
16
16
16
526
15
15
15
15
15
15
15
15
15
15
15
15
15
15
15
15
15
15
15
15
15
15
15
15
15
15
15
15
15
15
15
15
15
15
15
15
15
15
15
15
15
15
525
525
525
14
14
14
14
14
14
14
14
14
14
14
14
14
14
14
14
14
14
14
14
14
14
14
14
14
14
14
14
14
14
14
14
14
14
14
14
14
14
14
14
14
14
14
14
524
524
524
524
524
13
13
13
13
13
13
13
13
13
13
13
13
13
13
13
13
13
13
13
13
13
13
13
13
13
13
13
13
13
13
13
13
13
13
13
13
13
13
13
13
13
13
13
13
13
13
13
13
13
13
13
13
13
13
13
13
13
13
13
13
13
390
12
12
12
12
12
12
12
12
12
12
12
12
12
12
12
12
12
12
12
12
12
12
12
12
12
12
12
12
12
12
12
12
12
12
12
12
12
12
12
12
522
522
11
11
11
11
11
11
11
11
11
11
11
11
11
11
11
11
11
11
11
11
11
11
11
11
11
11
11
11
11
11
11
11
11
11
11
11
11
11
11
11
11
11
11
11
11
11
11
11
11
11
11
11
11
11
11
11
11
11
11
11
11
11
11
11
11
11
11
11
11
11
11
11
11
11
11
11
521
521
514
514
10
10
10
10
10
10
10
10
10
10
10
10
10
10
10
10
10
10
10
10
10
10
10
10
10
10
10
10
10
10
10
10
10
10
10
10
10
10
10
10
10
10
10
10
10
10
10
10
10
10
10
10
10
10
10
10
10
10
10
10
520
513
86
519
519
176
518
517
517
482
440
515
515
514
325
511
406
510
510
510
475
509
509
508
507
505
505
449
442
504
504
503
503
454
362
208
501
501
501
501
424
500
500
493
430
325
45
499
499
324
51
379
476
385
495
432
439
390
494
493
423
108
491
491
491
484
92
490
490
490
413
489
468
488
488
488
313
487
486
402
402
353
471
386
469
294
482
440
460
313
480
473
410
479
479
465
437
450
477
456
469
469
475
454
412
474
446
390
383
473
466
396
472
415
219
470
281
469
469
343
364
454
467
467
460
466
466
466
452
396
410
368
465
402
59
380
463
449
385
461
391
321
452
452
458
458
451
387
324
51
456
456
449
295
455
453
390
383
320
452
451
451
451
360
450
450
450
450
450
450
450
219
449
449
449
449
365
446
446
439
320
257
445
444
444
437
416
360
373
435
441
349
432
368
361
430
353
331
434
420
433
433
433
426
216
431
431
30
428
428
386
106
399
301
419
425
425
425
355
264
424
424
417
199
171
422
408
359
380
352
421
421
421
420
419
356
258
403
409
408
394
275
191
414
414
316
246
413
119
412
412
411
390
341
410
410
410
403
389
409
408
338
407
407
393
267
336
336
405
405
405
405
384
349
314
404
397
397
341
403
396
193
402
402
402
402
402
402
401
394
400
393
316
309
399
399
399
385
301
189
98
398
397
397
397
376
334
257
396
395
374
199
394
331
338
393
330
120
392
392
392
392
378
63
49
391
390
390
362
348
306
68
389
389
388
388
387
387
386
385
371
252
384
377
383
313
299
382
382
368
381
381
381
381
381
311
297
380
380
380
282
379
379
379
379
358
190
169
378
364
343
266
314
314
376
369
313
306
375
375
375
270
193
60
81
374
374
374
353
297
303
351
267
162
134
357
343
49
370
363
363
356
349
342
342
258
216
362
243
368
368
368
368
361
367
367
367
367
367
290
366
359
338
219
93
365
365
288
274
246
364
364
364
364
364
350
56
363
363
363
356
362
82
361
347
340
326
291
262
234
359
359
359
352
72
358
358
358
260
357
343
329
105
356
356
355
355
355
355
320
271
33
354
353
346
52
352
352
289
212
351
218
71
350
350
280
273
349
349
349
348
348
285
347
347
326
270
346
346
339
297
213
345
345
198
170
30
344
344
337
281
43
343
280
266
342
342
342
335
314
272
341
341
327
320
257
250
339
339
339
338
310
275
275
261
191
184
337
337
337
337
323
274
336
336
321
314
272
334
334
327
264
333
333
333
326
319
270
332
332
311
311
311
304
269
331
331
317
205
219
191
330
330
330
323
309
329
294
259
42
328
328
328
314
97
327
299
319
305
263
256
242
325
318
87
324
324
310
107
323
323
316
232
322
315
259
321
321
321
321
300
195
306
243
319
319
319
319
186
207
318
318
304
192
73
247
316
316
316
316
316
295
295
315
315
315
315
238
231
196
314
314
307
279
251
251
313
313
313
313
285
243
312
312
298
291
311
311
199
38
310
310
310
296
247
309
309
309
309
246
232
232
183
308
217
307
307
265
237
223
306
306
271
208
166
131
228
88
304
304
304
304
234
206
303
303
303
296
282
268
233
302
302
302
302
288
239
141
78
301
301
301
294
238
238
231
245
175
189
154
84
300
300
293
237
160
118
299
299
299
299
292
243
33
298
298
284
88
297
297
297
297
227
248
220
296
296
296
296
205
295
295
260
294
294
294
294
287
182
126
293
293
293
279
209
292
292
292
278
229
194
221
221
144
290
290
290
290
283
276
213
150
164
115
289
226
23
288
288
287
287
280
217
203
35
286
286
286
286
286
286
279
272
265
188
41
285
285
278
278
138
33
284
284
284
284
277
277
214
214
158
60
32
283
241
213
178
282
282
282
282
282
282
282
30
281
281
281
281
155
280
280
280
280
280
182
119
279
279
279
216
216
174
167
146
55
278
278
278
187
19
33
277
277
277
53
262
24
87
275
275
275
275
275
268
254
240
121
274
274
267
267
239
239
134
113
273
273
273
245
210
203
272
272
272
272
258
223
125
55
271
271
271
257
270
270
263
130
151
269
262
206
268
261
219
184
163
267
267
253
253
120
266
266
266
196
42
42
265
265
265
139
83
264
264
257
257
194
194
138
263
263
263
263
263
263
200
179
74
74
262
262
262
262
262
261
261
261
261
254
240
58
260
260
260
246
113
259
259
259
259
259
238
258
258
258
258
251
62
257
257
257
257
257
257
256
256
256
256
256
256
256
249
242
207
123
144
255
255
255
255
241
157
254
254
240
233
226
191
184
163
253
253
253
141
252
252
252
252
252
238
231
189
154
63
251
244
244
237
188
243
180
249
249
249
249
109
248
248
248
227
220
213
171
115
247
247
226
184
156
30
246
246
246
246
127
245
245
245
245
245
238
175
175
244
244
244
244
244
244
244
223
153
118
243
243
236
180
242
214
144
109
241
241
241
241
178
171
150
240
240
240
240
198
184
128
239
239
239
218
169
162
148
238
238
238
175
161
105
91
237
237
223
174
167
181
111
27
236
236
236
222
117
235
235
235
207
165
165
137
234
234
234
234
234
213
164
150
233
233
233
233
226
219
128
100
58
232
232
232
225
127
64
43
231
231
231
231
231
224
217
168
70
230
230
223
209
160
153
69
83
229
152
138
26
228
228
228
228
193
158
144
144
137
130
130
53
220
164
143
143
17
226
226
226
226
226
226
226
219
212
205
205
163
163
184
149
225
225
225
225
225
218
218
197
155
155
148
92
22
224
224
224
224
161
161
161
182
84
223
223
223
216
216
153
146
69
27
27
20
222
222
124
124
221
221
221
214
158
158
88
11
25
220
220
220
220
220
206
136
73
31
219
219
93
23
218
218
218
218
218
218
211
197
176
141
217
217
217
217
154
147
119
105
28
216
216
216
216
216
209
202
132
55
27
27
208
208
152
33
214
214
214
214
207
207
186
144
137
158
123
74
39
60
213
213
213
213
206
150
143
143
59
212
212
212
212
212
212
121
121
51
23
44
211
211
211
211
204
204
197
141
134
57
22
210
196
196
196
182
140
140
140
140
133
56
209
209
202
139
132
125
76
20
208
208
208
145
110
82
47
40
207
207
207
207
207
207
207
200
193
109
206
143
136
150
66
45
17
205
205
205
205
205
198
198
170
142
135
135
204
204
197
197
197
183
120
106
203
203
203
203
203
196
196
196
182
175
140
140
119
105
202
202
195
195
139
139
125
69
27
201
201
201
201
201
201
201
201
187
180
173
117
75
40
200
200
200
193
193
186
179
137
137
137
123
102
95
199
199
199
199
192
192
136
129
38
10
198
191
184
135
156
128
128
128
107
197
197
197
197
127
127
120
113
99
196
196
196
196
196
196
189
182
133
126
98
70
77
28
195
195
195
195
195
195
195
195
132
132
48
194
194
180
173
124
40
193
193
193
186
179
130
130
130
123
192
192
192
192
178
115
191
191
191
191
191
191
191
191
191
128
114
190
190
190
190
183
176
176
127
127
127
120
113
113
43
36
189
189
189
189
189
189
189
189
161
126
126
126
119
105
56
42
28
188
188
188
188
174
125
125
90
187
187
180
145
103
61
186
186
186
186
186
186
186
172
172
123
116
116
116
109
88
185
185
185
171
150
122
115
115
108
101
87
184
184
184
177
177
177
121
183
183
183
183
183
183
183
183
183
176
176
176
169
43
182
182
182
182
182
175
175
175
119
119
98
112
56
181
181
181
181
132
69
180
180
180
180
180
180
180
166
117
117
103
103
47
89
179
179
179
179
179
179
179
116
116
178
178
178
178
171
101
94
87
45
177
177
177
177
177
177
163
114
107
100
93
37
72
23
176
176
176
176
176
169
169
162
162
113
106
106
43
57
175
175
175
161
154
105
42
35
28
174
174
174
174
111
111
41
173
173
173
75
47
40
33
172
172
172
172
165
165
109
102
88
171
171
171
171
171
171
171
171
171
157
150
150
136
108
108
101
101
87
87
31
170
170
170
170
86
79
93
37
37
169
169
169
169
162
106
78
92
36
168
168
168
168
168
168
168
161
105
105
98
91
91
77
63
28
42
42
167
167
167
167
167
167
167
167
167
160
104
104
97
111
76
69
69
41
34
166
166
166
166
166
166
159
131
61
165
165
165
165
165
165
165
158
88
81
81
11
53
164
164
164
164
157
73
38
17
163
163
163
163
163
163
163
163
156
149
93
23
16
162
162
162
162
162
162
162
162
162
162
155
92
85
85
85
78
78
64
36
36
29
22
161
161
161
154
154
154
98
98
77
21
21
160
160
160
153
97
97
90
83
83
83
76
34
27
41
159
159
159
152
152
145
145
138
138
96
75
33
26
158
158
158
158
88
88
81
53
157
157
157
157
150
150
150
136
94
87
87
80
80
31
24
24
45
156
156
156
156
156
156
93
93
23
155
155
155
155
155
85
78
64
64
29
154
154
154
154
154
154
154
154
147
140
126
63
28
28
70
21
42
14
153
153
153
153
153
153
153
139
104
27
27
27
152
152
152
152
152
152
152
145
145
138
131
89
89
89
89
82
82
68
26
26
26
26
19
19
151
151
151
151
151
151
137
130
74
74
74
53
53
25
25
18
150
150
150
150
150
150
150
150
143
129
87
80
59
24
24
24
149
149
142
142
79
79
23
23
148
148
148
148
148
148
148
148
148
141
85
85
64
22
43
147
147
147
147
147
147
147
147
147
147
147
147
147
147
133
84
70
21
21
21
21
146
146
146
146
146
146
146
146
146
139
132
55
55
20
20
145
145
145
145
145
145
145
145
145
138
82
75
68
19
19
47
144
144
144
144
144
144
137
137
137
130
81
81
81
102
74
74
18
18
11
32
143
143
143
143
143
143
143
143
143
143
143
143
136
136
80
73
66
59
17
17
17
142
142
142
142
142
142
142
142
142
135
79
79
72
72
65
16
16
141
141
141
141
141
141
141
134
134
78
78
78
71
64
57
15
36
29
140
140
140
140
140
140
133
63
14
14
14
35
35
139
139
139
139
139
139
139
139
139
139
139
139
139
125
125
104
69
69
69
13
138
138
138
138
138
138
124
124
96
61
54
54
54
47
47
137
137
137
137
137
137
137
130
123
123
67
46
11
11
11
136
136
136
136
136
136
136
136
136
136
136
129
129
122
94
66
59
10
135
135
135
135
135
135
135
135
128
128
72
72
72
72
65
51
44
37
30
134
134
134
134
134
134
127
127
120
106
99
71
71
57
36
133
133
133
133
133
133
133
133
133
133
133
119
70
63
63
49
42
56
132
132
132
132
132
132
132
132
132
132
132
132
125
125
97
69
62
48
131
131
131
131
131
131
131
117
117
110
68
89
54
47
130
130
130
130
130
130
130
123
123
116
102
67
67
67
67
60
60
39
129
129
129
129
129
129
129
129
129
129
129
129
129
122
122
115
108
66
66
87
59
52
24
128
128
128
128
128
128
128
128
128
128
128
121
121
121
107
65
65
65
86
58
51
51
44
127
127
127
127
127
127
127
127
127
127
127
64
50
43
22
126
126
126
126
126
126
126
126
126
119
119
63
63
56
49
42
125
125
125
125
125
125
125
125
125
118
118
111
104
62
62
55
48
124
124
124
124
124
124
124
124
124
117
117
117
61
61
33
123
123
123
123
123
123
53
53
32
32
122
122
122
122
122
122
115
59
59
59
52
31
121
121
121
121
121
121
121
121
121
58
51
120
120
120
120
120
120
113
113
113
106
57
50
29
119
119
119
119
119
119
119
119
119
112
56
56
70
118
118
118
118
118
118
118
118
118
118
111
111
111
55
55
55
48
41
41
41
117
117
117
117
117
117
110
110
54
54
54
54
47
47
33
116
116
116
116
116
116
116
116
116
116
116
109
53
53
53
115
115
115
115
115
115
115
115
115
115
115
115
115
115
80
52
52
52
31
31
17
114
114
114
114
114
114
107
100
51
51
51
51
44
44
37
37
37
30
113
113
113
113
113
113
113
113
113
106
106
99
50
50
50
43
43
36
36
29
29
112
112
112
112
112
112
112
112
112
112
112
112
105
98
49
49
49
35
111
111
111
111
111
111
111
111
111
111
111
111
104
48
48
41
41
41
41
41
34
34
110
110
110
110
110
110
110
110
110
110
110
110
110
103
47
47
40
33
26
109
109
109
109
109
109
109
109
88
46
46
39
32
32
108
108
108
108
101
101
94
80
45
66
38
24
107
107
107
107
107
44
44
44
44
44
44
44
37
37
37
37
30
30
30
106
106
106
106
106
106
106
106
106
106
106
106
106
106
99
99
99
99
92
43
43
43
43
36
105
105
105
105
105
105
105
105
105
98
70
42
42
42
42
35
35
35
28
28
28
104
104
104
104
104
104
104
104
104
104
104
104
97
97
69
41
41
34
34
27
27
20
20
103
103
103
103
96
96
89
40
40
40
40
33
33
26
102
102
102
102
102
102
102
102
102
88
81
74
39
39
39
39
32
25
101
101
101
101
101
101
101
101
101
101
101
101
101
94
94
38
38
38
31
31
31
31
17
100
100
100
100
100
100
100
100
37
37
37
30
30
51
23
23
23
23
23
99
99
99
99
99
99
99
99
99
99
92
92
36
36
36
36
29
29
29
22
22
98
98
98
98
98
91
91
84
35
35
28
21
97
97
97
97
97
97
97
97
34
34
34
34
34
34
27
13
96
96
96
96
96
96
96
89
89
89
33
33
26
26
26
26
26
26
19
95
95
95
95
95
95
95
95
95
95
95
95
95
95
95
88
32
32
32
25
25
25
25
25
25
18
18
94
94
94
94
94
94
94
94
94
87
59
31
31
31
24
24
24
24
24
24
24
24
17
93
93
93
93
93
93
93
93
93
93
93
93
93
93
30
30
30
51
23
23
23
23
23
23
92
92
92
92
92
92
92
92
92
85
64
29
29
29
29
29
22
22
22
22
22
22
15
91
91
91
91
91
91
91
91
28
28
28
28
28
28
28
28
28
21
21
90
90
90
90
90
90
90
90
90
83
27
27
27
27
20
20
20
20
89
89
89
89
89
89
89
89
89
89
89
89
89
89
89
82
75
68
26
26
26
26
26
26
26
19
19
19
19
19
19
19
19
19
88
88
88
88
88
88
88
88
88
88
88
81
81
25
25
25
25
25
25
25
25
25
18
18
18
11
87
87
87
87
87
87
87
87
87
87
59
24
24
24
24
24
24
24
24
17
10
10
86
86
86
86
86
86
86
86
86
86
86
79
79
23
23
23
23
16
16
16
16
16
16
16
16
85
85
85
85
85
85
85
85
85
85
78
78
78
22
22
22
22
22
22
22
22
22
22
22
22
15
15
15
84
84
84
84
84
84
84
84
84
84
77
77
21
21
21
21
21
21
21
21
21
21
21
21
14
14
14
14
14
83
83
83
83
83
83
83
83
69
20
20
20
20
20
20
20
20
20
20
20
20
20
13
13
13
13
13
13
82
82
82
82
82
82
75
75
75
19
19
19
19
19
19
19
19
19
12
12
12
12
12
81
81
81
81
81
81
81
81
81
81
81
81
81
81
81
81
81
81
74
18
18
18
18
18
18
18
18
18
18
18
18
18
18
18
18
11
11
11
80
80
80
80
80
80
80
80
80
80
80
73
66
17
17
17
17
17
17
17
17
17
17
17
17
17
17
17
17
17
17
17
17
17
17
17
10
10
10
79
79
79
79
79
79
79
79
79
79
79
79
72
72
16
16
16
16
16
16
16
16
16
16
16
16
16
16
16
16
16
16
16
16
16
16
16
16
78
78
78
78
78
78
78
78
78
78
71
71
15
15
15
15
15
15
15
15
15
15
15
15
15
15
15
15
15
15
15
15
15
15
15
15
15
15
15
15
77
77
77
77
77
77
77
77
77
77
77
77
70
70
63
14
14
14
14
14
14
14
14
14
14
14
14
14
14
14
14
14
14
14
14
14
14
14
14
14
14
14
14
14
76
76
76
76
76
76
76
76
76
76
76
76
76
76
76
76
13
13
13
13
13
13
13
13
13
13
13
13
13
13
13
13
13
13
13
13
13
13
13
13
13
13
13
13
13
13
13
13
75
75
75
75
75
75
75
75
75
75
75
75
75
75
12
12
12
12
12
12
12
12
12
12
12
12
12
12
12
12
12
12
12
12
12
12
12
12
12
12
12
12
12
74
74
74
74
74
74
74
74
67
11
11
11
11
11
11
11
11
11
11
11
11
11
11
11
11
11
11
11
11
11
11
11
11
11
11
11
11
11
11
11
11
11
11
11
11
73
73
73
73
73
73
73
73
73
73
73
73
10
10
10
10
10
10
10
10
10
10
10
10
10
10
10
10
10
10
10
10
10
10
10
10
10
10
10
10
10
10
10
10
10
72
72
72
72
72
72
72
72
72
72
72
72
65
71
71
71
71
71
71
71
71
71
71
71
71
71
64
57
57
70
70
70
70
70
70
70
70
70
63
69
69
69
69
69
69
69
69
69
69
69
69
69
69
69
69
62
68
68
68
68
68
68
68
68
68
68
61
54
67
67
67
67
67
67
67
67
67
67
67
67
67
60
53
46
39
66
66
66
66
66
66
66
66
66
66
66
66
66
66
66
66
66
66
66
66
66
66
65
65
65
65
65
65
65
65
65
65
65
65
65
65
65
58
23
64
64
64
64
64
64
64
64
64
64
64
64
64
64
64
63
63
63
63
63
63
63
63
63
63
63
63
63
63
63
63
56
62
62
62
62
62
62
62
62
62
62
62
62
48
61
61
61
61
61
61
61
61
61
61
61
61
61
61
61
61
61
61
47
60
60
60
60
60
60
60
60
60
60
60
60
60
60
60
60
53
59
59
59
59
59
59
59
59
59
59
59
59
59
59
52
58
58
58
58
58
58
58
58
58
58
58
58
58
58
58
58
58
58
58
58
58
58
58
51
37
57
57
57
57
57
57
57
57
57
57
57
57
57
57
57
57
57
57
57
57
57
57
50
50
56
56
56
56
56
56
56
56
56
56
56
56
56
56
56
56
56
56
56
56
56
56
49
21
55
55
55
55
55
55
55
55
55
55
55
55
55
55
55
55
55
55
41
54
54
54
54
54
54
54
54
54
54
54
54
54
54
54
54
54
54
47
47
53
53
53
53
53
53
53
53
53
53
53
53
53
53
53
53
52
52
52
52
52
52
52
52
52
52
52
52
52
52
52
51
51
51
51
51
51
51
51
51
51
51
51
51
51
51
51
51
51
50
50
50
50
50
50
50
50
50
50
50
50
50
50
50
50
50
50
49
49
49
49
49
49
49
49
49
49
49
49
49
42
48
48
48
48
48
48
48
48
48
48
48
48
48
48
48
48
48
48
48
48
48
48
41
47
47
47
47
47
47
47
47
46
46
46
46
46
46
46
46
45
45
45
45
45
45
45
45
45
44
44
44
44
44
44
44
44
43
43
43
43
43
43
42
42
42
42
42
42
42
41
41
41
41
41
40
40
39
39
39
39
32
32
38
38
37
37
36
35
33
33
31
