50105
47991
22410
19886
10494
10333
9319
8633
8412
7900
6912
6781
6463
5752
5239
4646
4631
4490
4241
4213
3874
3432
3290
3213
3061
2870
2512
2509
2482
3738
2307
2273
2237
2224
2101
2051
2028
2003
1922
1902
1804
1750
1705
1695
1605
1587
1530
1513
1419
1366
1322
1309
5321823
1288
1253
1245
1235
1234
1221
1213
1161
1150
1138
1108
1083
1058
1053
1042
1035
1013
1008
988
973
963
943
939
936
934
860
849
848
832
779
778
769
747
741
738
737
717
715
708
687
687
686
680
680
675
664
655
649
634
634
599
597
583
582
570
566
565
554
551
539
533
516
514
511
510
510
508
507
507
505
502
500
500
498
494
489
487
482
473
464
462
461
455
446
443
442
439
438
433
420
413
413
412
401
400
397
397
396
396
5286
387
380
377
371
364
355
354
354
346
346
344
343
343
341
339
337
337
336
335
334
331
331
329
328
1139543
323
318
311
311
310
309
308
308
305
304
300
295
294
294
294
293
290
294
289
1130127
285
284
283
276
275
274
272
4232
268
267
267
267
267
258
258
256
255
253
253
251
251
250
249
249
247
246
246
245
243
241
239
239
238
235
235
234
234
234
233
233
229
229
228
226
226
226
225
223
221
220
214
211
209
206
204
200
199
199
199
198
197
197
804766
196
195
194
193
191
190
189
189
188
186
185
393
182
181
181
180
180
178
178
178
178
768
177
176
175
174
173
173
173
173
172
171
170
169
169
169
168
168
167
167
167
166
166
166
165
165
164
164
164
162
161
161
160
160
158
157
156
156
156
155
155
152
152
150
148
147
146
146
146
145
145
143
143
142
140
140
139
138
137
136
135
135
133
133
131
127
127
126
125
125
124
124
123
122
121
121
120
120
117
117
116
116
116
115
115
114
114
113
113
113
113
112
111
111
111
111
111
111
110
109
108
108
108
107
107
107
106
106
575
105
105
104
104
104
103
103
252
102
101
101
100
100
100
100
105
99
99
99
98
98
98
97
96
95
93
93
93
92
92
91
91
90
90
89
89
88
88
87
86
85
85
84
290977
83
83
83
83
82
81
81
81
81
80
80
79
79
79
79
79
78
78
78
77
77
76
304423
74
73
71
70
70
69
68
204
66
66
66
94
100
65
65
722
1291
64
64
63
61
61
59
58
58
57
57
57
54
446
16415
372
51
49
48
5980
91509
115968
153
115531
122972
4531
96458
54517
75
69843
93
39
89
71
146
57612
50465
34970
42629
46337
45158
46
43652
43814
41334
40304
86
39442
333
31740
185
86
37354
225
59
128
52
35
41
174
95
34
226
32058
31692
31191
124
29409
78
19
28565
13
28046
26207
73
76
64
404
102
139
15
41
36
36
33
31
27
25
23
227
31
119
45
21664
101
39
29
13
97
43
44
29
20
18
17
20248
19549
9465
16596
25
40
78
13954
58
129
23
7926
14979
51
31
23
29
16
24
92
50
45
16
26
24
21
21
20
16
14
12
10
16253
16231
1932
11339
14974
14348
14903
10830
275
38
31
49
221
11
13954
12
29
99
13352
14
10709
43
116
31
49
39
15
12772
12437
2651
157
132
23
72
20
83
81
18
55
68
61
45
49
44
43
31
37
30
28
28
32
29
28
26
25
24
17
23
23
23
22
21
21
21
21
20
13
13
10
12274
9331
11911
12032
12026
33
11963
11954
25
507
11807
8213
9597
10868
10543
117
61
97
27
10280
87
65
74
207
58
173
9402
39
43
35
24
7355
17
9157
225
9088
106
92
96
41
87
23
65
41
38
36
36
22
21
17
10
16
15
12
8657
168
420
52
83
4869
588
16
16
69
23
37
23
71
18
15
32
38
68
60
59
59
43
56
13
53
25
43
45
44
35
21
26
19
39
39
32
24
37
37
37
36
36
36
21
34
33
12
31
30
16
16
29
29
29
28
28
21
27
27
27
26
19
25
24
24
23
23
23
22
22
22
22
21
14
20
20
19
12
18
18
17
17
17
16
16
16
15
15
15
14
14
13
13
13
12
12
12
12
11
11
11
11
10
10
10
96
7737
222
44
7700
7647
6682
6232
7406
99
6486
7117
7087
7005
6788
6779
2530
6726
28
10
6599
5967
6508
6463
723
378
5897
6403
39
6366
6345
52
1168
6250
23
78
39
42
18
6151
6144
6111
161
1947
6083
209
40
4031
6032
4661
3198
5886
102
74
352
3836
5693
29
5766
161
5706
99
5703
30
29
378
24
30
932
19
5634
140
5472
80
5412
5403
5392
102
5342
140
4346
55
45
48
43
46
38
16
5199
76
19
74
11
3000
5182
51
57
49
35
4659
46
35
33
46
146
39
29
20
19
31
30
27
16
17
339
5083
1299
78
873
55
262
4412
4901
44
4297
88
2917
4852
4697
4815
710
10
4749
4787
37
97
18
85
130
4732
112
583
43
47
4713
16
35
35
39
32
35
19
4690
50
14
26
4679
68
39
35
47
53
52
42
48
41
47
26
43
43
34
40
38
38
17
37
37
37
28
13
33
32
32
32
38
29
29
29
22
28
21
26
26
19
19
25
25
17
23
23
16
14
20
20
20
19
18
18
18
10
16
16
3431
15
15
13
12
12
10
479
4574
384
4520
120
53
4182
335
111
641
287
4429
271
222
43
34
43
115
109
42
55
90
4318
81
219
97
44
58
196
54
4280
59
87
143
148
79
16
4225
127
124
68
10
127
49
3821
12
105
49
56
54
39
45
44
37
50
43
49
97
38
44
42
42
41
40
39
66
31
30
23
34
27
4188
30
1184
20
11
87
24
17
23
15
21
19
19
10
79
16
16
16
48
12
11
11
10
10
10
63
42
26
67
53
49
46
59
52
56
27
40
24
51
51
37
43
36
36
22
49
35
35
41
34
47
46
39
32
45
31
10
10
44
43
43
43
36
36
15
42
42
42
42
42
21
4136
41
41
41
41
34
34
40
40
40
40
33
33
26
39
39
39
11
38
38
38
38
31
24
37
37
37
37
37
30
16
36
36
36
36
35
35
35
28
28
21
34
34
34
34
34
34
34
34
34
27
13
33
33
33
33
33
33
33
33
33
33
33
26
26
19
32
32
32
32
32
32
25
25
18
11
31
31
31
31
31
31
31
31
17
30
30
30
30
30
30
30
30
29
29
29
29
29
29
29
22
15
15
28
28
28
28
28
28
28
28
21
27
27
27
27
27
27
27
27
27
27
27
27
27
27
27
20
20
13
13
13
26
26
26
26
26
26
26
26
26
26
19
12
12
25
25
25
25
25
25
25
25
25
25
25
25
25
25
25
25
25
18
18
18
18
11
24
24
24
24
24
24
24
24
24
24
24
24
24
24
24
17
17
17
17
17
10
23
23
23
23
23
23
23
23
23
23
23
23
16
22
22
22
22
22
22
22
22
22
22
22
22
15
64
21
21
21
21
21
21
21
21
21
21
21
21
21
21
21
21
21
21
21
14
14
14
14
20
20
20
20
20
20
20
20
20
20
13
13
13
13
13
19
19
19
19
19
19
19
19
19
19
19
19
12
12
12
18
18
18
18
18
18
18
18
18
18
18
18
18
18
18
18
11
11
11
11
17
17
17
17
17
17
17
17
17
17
17
17
17
17
17
17
10
10
10
10
10
10
10
10
16
16
16
16
16
16
16
16
16
16
16
16
16
16
16
16
15
15
15
15
15
15
15
15
15
15
15
15
15
15
15
15
15
15
15
14
14
14
14
14
14
14
14
14
13
13
13
13
13
13
13
13
13
13
13
13
13
13
13
13
13
13
13
13
13
13
13
12
12
12
12
12
12
12
12
12
12
12
12
12
12
12
12
12
12
12
12
12
12
12
12
12
12
12
12
12
12
12
12
12
11
11
11
11
11
11
11
11
11
11
11
11
11
11
11
11
11
11
11
11
11
11
11
11
11
11
11
11
10
10
10
10
10
10
10
10
10
10
10
10
10
10
10
10
10
10
10
10
10
10
10
10
10
4102
3918
4094
4000
3957
3829
3884
3881
933
3836
121
167
3350
3159
3666
3665
3639
45
3588
3611
73
232
3355
3497
121
3451
3430
204
3341
3290
1729
128
3262
2860
3152
3196
42
3169
39
48
37
3069
3092
24
22
3074
3067
3063
3063
3051
2860
2881
3033
47
3022
3022
3014
2990
2983
2977
2969
2940
2935
2932
2911
60
494
2872
2221
2759
2861
2856
2839
2833
2829
2819
2229
2812
2762
2792
344
2779
1285
2725
2772
2763
25
2750
380
2729
2720
2718
2686
56
2662
2268
2639
2633
2591
2613
2599
31
797
2544
473
1165
2513
2506
2468
2473
2466
2445
544
2369
850
59
2423
2422
2411
2405
1969
2398
2385
2370
1845
1686
2347
27
2225
2315
2313
2310
2300
2298
2298
2130
2251
22
2275
2271
2265
1750
2260
2260
1693
2257
2250
148
2241
2246
2240
2240
41
35
21
2213
91
2211
2183
2183
2158
2156
34
268
2143
2138
2118
102
2105
2094
42
47
29
2086
2073
22
2068
22
1938
1771
10
947
2046
2046
2039
2038
2036
2002
1391
2013
273
2016
1323
2005
2003
770
1999
1914
1996
1991
1990
1970
1975
490
1958
1963
1085
1335
284
1948
84
1929
1230
1909
1331
1902
1896
1873
1893
64
83
1881
1881
1712
1543
1331
247
1854
1849
1821
1837
1830
1816
1797
1810
1806
1801
612
1771
1757
1699
1789
1747
1786
1784
1692
1780
49
1777
1251
1759
29
1764
1762
152
40
142
1758
1754
32
675
13
46
1718
1738
1717
1184
1733
1728
1727
320
96
1707
1699
1719
1585
31
1710
1705
1697
21
24
1604
22
1687
1174
1515
16
1499
486
93
1663
1658
1578
1653
47
40
26
1648
114
1401
1641
1099
1637
609
21
1581
1525
62
75
17
1625
22
1622
1480
19
1600
1613
1608
1605
1605
1538
1572
46
59
50
532
995
1372
489
54
1586
207
26
1579
1579
1537
1005
46
18
1576
1576
21
26
38
1570
1570
37
28
1567
34
31
23
1562
29
119
28
1560
27
20
24
17
17
1436
22
22
15
1554
1029
21
1553
20
20
1552
1551
1404
18
17
1380
1546
454
13
1543
1543
1466
168
549
340
1528
1526
1512
485
1518
1518
1439
406
1483
1409
859
1486
1471
91
1482
1481
1480
1480
1480
1438
1464
1447
700
1460
1239
99
938
378
1146
1207
234
1395
280
1441
1438
1343
1395
1276
1374
1087
1329
1418
179
51
1415
1415
1415
889
1322
1378
383
1404
830
1403
919
123
1394
1390
1369
872
1235
786
1301
1383
1380
105
314
1374
1331
1240
1065
743
490
1362
1355
1356
1229
1354
303
1296
1350
1285
1347
1346
1346
1327
1325
1297
135
1246
1335
1249
745
1332
1164
56
1308
1327
1241
1177
1022
1321
1202
1304
56
1314
1313
1285
1312
24
1122
1280
348
1306
1305
1304
1281
1287
1209
1299
1299
1298
1123
1185
1295
1294
1289
1288
1286
1284
1284
1186
1283
884
70
1280
1277
255
1194
51
1261
239
196
1153
740
1264
1243
1263
1087
1260
25
101
1171
743
139
1251
1202
1250
718
1068
1238
1236
1236
81
1226
526
1230
47
52
107
72
1225
1222
1136
989
1205
57
1113
1208
1213
58
1189
1130
1204
678
1202
1202
180
95
38
1197
38
43
1182
1126
34
628
40
1186
1177
64
1183
27
1177
1163
1175
124
1166
24
1171
1168
20
19
1130
618
1160
1158
1137
1032
1157
1157
56
544
38
1150
57
1148
49
1075
928
1143
1135
519
41
1139
1110
1137
1053
17
17
22
1029
49
1133
24
1129
1128
610
42
32
32
1123
1123
1123
101
30
1121
1120
35
97
27
32
24
17
1114
22
1113
28
28
978
19
19
1109
500
17
30
1072
302
14
13
922
1088
1060
1101
1101
961
72
16
1100
239
413
14
14
265
1097
12
12
12
1096
10
471
1093
518
70
28
1083
922
579
60
39
1087
49
55
61
1081
1081
1080
1072
1065
57
50
15
1078
35
922
1074
1074
1074
1074
17
1072
995
43
34
1062
47
1068
1068
45
1066
1066
1065
43
43
36
42
14
40
39
1060
1060
38
1024
37
23
1056
1056
27
1055
33
26
1026
515
32
31
24
24
24
1052
1052
23
1051
883
519
29
22
28
27
20
20
523
26
26
942
25
25
25
18
24
23
23
23
1023
169
22
22
1043
21
14
20
20
20
20
1041
19
19
19
12
18
18
18
18
18
1032
1025
374
17
17
10
149
16
16
16
16
16
16
16
16
16
16
71
15
15
15
15
15
14
14
14
14
13
13
13
13
13
13
12
12
12
11
11
11
11
10
10
10
10
10
1003
919
1029
1027
1027
1026
1024
988
1022
1021
1014
859
151
435
1010
989
989
1008
418
1005
1004
1003
343
977
997
997
996
450
895
963
669
480
472
989
93
986
909
985
907
115
982
981
960
959
910
846
976
976
976
955
332
975
975
835
974
897
456
400
966
287
971
971
898
965
963
906
919
863
156
959
958
432
418
949
858
913
954
953
875
950
949
949
948
402
436
945
944
944
937
825
942
942
919
931
412
927
933
924
930
811
929
852
341
899
402
923
923
908
921
228
311
380
875
906
871
912
912
912
912
372
909
907
856
393
798
901
383
900
239
861
894
893
892
892
891
652
372
881
887
880
859
817
47
886
375
885
885
864
863
36
882
48
880
369
879
878
332
296
876
757
127
875
861
874
355
841
867
790
866
33
865
830
809
193
347
864
864
862
861
860
838
285
858
326
255
786
758
770
700
846
328
852
851
851
851
837
291
311
848
309
763
119
230
838
844
18
31
842
842
107
750
36
840
840
819
329
839
636
838
838
836
43
833
175
55
831
831
530
306
44
281
148
826
762
810
823
592
717
758
820
588
818
657
293
817
816
816
493
814
814
37
85
812
98
811
783
810
810
159
809
59
807
806
141
805
804
776
286
802
731
708
798
721
56
762
278
767
760
501
794
283
283
709
792
190
42
278
166
25
647
771
99
43
36
195
48
16
777
91
776
775
740
670
40
774
774
123
773
773
710
107
37
771
771
687
770
707
203
769
48
26
767
767
634
192
765
764
764
750
624
763
763
762
209
250
759
640
17
79
757
757
757
57
22
754
565
166
89
12
46
743
749
727
55
747
236
32
423
737
345
36
105
168
741
741
734
230
41
740
656
670
187
739
39
737
219
735
734
734
706
83
733
733
642
432
40
732
732
200
123
731
723
149
701
728
707
196
726
698
704
662
682
143
164
247
722
624
197
714
49
14
208
131
718
193
703
716
716
702
667
457
694
57
713
55
684
711
655
710
710
668
185
709
708
708
687
91
706
706
706
705
54
82
704
669
703
695
51
701
113
693
699
699
699
685
698
698
698
592
696
514
38
576
289
58
51
44
680
693
49
678
664
181
691
684
677
690
689
689
689
682
654
87
45
24
513
156
79
673
666
617
428
330
22
602
496
684
677
607
26
683
683
669
669
46
46
682
38
38
31
646
554
169
43
651
678
608
677
40
33
592
39
18
500
297
101
31
17
674
674
674
674
604
58
93
93
30
673
673
652
36
434
161
28
671
20
670
33
33
669
662
634
32
32
668
591
108
59
59
31
31
24
667
149
128
79
30
666
666
547
155
134
665
28
664
664
83
27
145
26
648
599
529
81
660
492
79
659
36
658
63
21
657
643
146
146
20
110
12
102
53
654
654
633
100
141
651
581
126
650
111
649
635
124
12
26
648
130
116
39
647
136
73
646
646
135
100
65
58
127
57
644
644
49
42
573
118
642
26
641
410
465
108
639
639
632
625
93
638
624
637
112
636
629
62
55
635
600
124
61
634
487
633
633
619
122
52
38
632
548
51
51
44
30
631
631
631
57
36
623
56
48
606
501
116
53
591
563
185
44
44
624
113
43
49
622
111
614
614
75
47
620
494
612
108
87
618
72
44
37
617
92
43
43
22
616
609
91
42
42
35
615
615
349
83
614
537
523
103
33
39
32
32
612
605
38
611
450
100
65
16
610
36
29
29
98
63
35
35
28
28
608
587
34
34
34
34
34
55
27
27
607
586
96
68
33
12
606
606
599
81
32
32
584
80
73
31
604
604
604
513
23
50
15
602
602
602
28
28
21
21
580
580
90
27
27
27
27
20
20
600
600
89
82
26
26
599
81
25
25
25
18
598
535
311
24
24
17
65
23
23
23
23
23
16
596
589
78
57
22
22
22
22
22
22
595
546
84
21
21
21
14
76
20
20
481
432
68
19
19
19
12
592
18
18
18
18
11
11
80
17
17
17
17
10
422
16
16
16
16
16
15
15
15
15
15
15
15
588
588
560
70
42
14
14
14
14
587
587
587
566
13
13
13
13
13
13
558
12
578
515
53
11
11
542
178
73
66
10
10
24
583
51
71
64
57
462
70
70
63
49
42
62
55
48
558
467
68
53
46
46
577
570
563
66
59
59
65
71
64
448
266
63
63
56
56
49
49
49
42
42
14
552
62
62
62
572
61
570
451
59
52
52
555
51
568
316
36
469
301
56
566
412
41
565
565
509
54
54
47
564
564
53
53
535
325
52
45
562
562
51
51
51
37
561
561
561
50
36
22
560
560
560
476
49
49
42
48
425
47
40
33
536
46
39
45
38
38
31
37
554
547
43
43
15
119
42
42
42
552
41
41
41
41
41
41
34
27
20
13
551
551
40
19
39
39
39
39
32
18
38
38
38
38
38
38
24
534
37
37
37
37
37
37
37
30
30
547
435
36
36
36
36
29
29
29
546
546
546
35
35
35
35
35
35
35
28
28
34
34
34
34
34
34
34
34
34
34
27
27
544
544
544
33
33
33
33
33
33
33
33
33
33
33
12
543
543
543
515
32
32
32
32
32
25
25
542
395
31
31
31
31
31
31
31
31
31
31
31
31
24
17
30
30
30
30
30
30
23
23
16
16
540
540
29
29
29
29
29
29
29
29
22
22
15
15
539
28
28
28
28
28
28
28
28
28
28
21
21
14
510
426
27
27
27
27
27
27
27
27
27
27
27
27
13
439
432
61
131
26
26
26
26
26
26
26
26
26
26
26
26
26
26
19
19
12
12
536
536
445
438
256
25
25
25
25
25
25
25
25
25
25
25
25
25
25
25
18
18
18
535
521
24
24
24
24
24
24
24
24
24
24
24
24
24
24
24
24
24
24
24
17
534
23
23
23
23
23
23
23
23
23
23
23
23
23
23
23
23
23
23
23
23
23
23
23
16
16
16
16
16
526
246
22
22
22
22
22
22
22
22
22
22
22
22
22
22
22
22
22
22
22
22
22
22
22
22
22
22
22
22
22
22
22
15
15
15
15
532
532
21
21
21
21
21
21
21
21
21
21
21
21
21
21
21
21
21
21
21
21
21
21
21
21
14
14
14
14
14
531
531
20
20
20
20
20
20
20
20
20
20
20
20
20
20
20
20
20
20
20
20
20
13
13
13
13
13
530
390
19
19
19
19
19
19
19
19
19
19
19
19
19
19
19
19
19
19
19
19
19
19
19
19
19
12
12
12
12
12
18
18
18
18
18
18
18
18
18
18
18
18
18
18
18
18
18
18
18
18
18
18
18
18
18
18
11
11
11
11
11
528
514
437
17
17
17
17
17
17
17
17
17
17
17
17
17
17
17
17
17
17
17
17
17
17
17
17
17
17
17
17
17
17
17
17
17
17
17
17
17
17
17
17
17
17
17
17
17
17
17
10
10
10
10
527
16
16
16
16
16
16
16
16
16
16
16
16
16
16
16
16
16
16
16
16
16
16
16
16
16
16
16
16
16
16
16
16
16
16
16
16
16
16
16
16
16
16
16
16
16
16
16
16
16
526
15
15
15
15
15
15
15
15
15
15
15
15
15
15
15
15
15
15
15
15
15
15
15
15
525
14
14
14
14
14
14
14
14
14
14
14
14
14
14
14
14
14
14
14
14
14
14
14
14
14
14
14
14
14
14
14
14
14
14
14
14
14
14
14
14
14
14
14
14
14
14
14
14
14
524
524
524
13
13
13
13
13
13
13
13
13
13
13
13
13
13
13
13
13
13
13
13
13
13
13
13
13
13
13
13
13
13
13
13
13
13
13
13
13
13
13
13
13
13
13
13
13
13
13
13
13
13
13
13
13
13
13
13
13
13
13
13
13
13
523
523
523
523
124
12
12
12
12
12
12
12
12
12
12
12
12
12
12
12
12
12
12
12
12
12
12
12
12
12
12
12
12
12
12
12
12
12
12
12
12
12
12
12
12
12
12
12
12
12
12
12
12
12
12
12
12
522
11
11
11
11
11
11
11
11
11
11
11
11
11
11
11
11
11
11
11
11
11
11
11
11
11
11
11
11
11
11
11
11
11
11
11
11
11
11
11
11
11
11
11
11
11
11
521
10
10
10
10
10
10
10
10
10
10
10
10
10
10
10
10
10
10
10
10
10
10
10
10
10
10
10
10
10
10
10
10
10
10
10
10
10
10
10
10
10
10
10
10
10
10
10
10
10
10
10
10
10
10
275
519
519
519
519
518
518
516
516
516
509
432
327
445
284
514
507
444
513
506
506
352
505
511
504
469
364
510
433
502
508
508
508
508
256
506
470
456
503
426
502
495
411
145
501
501
501
333
500
409
499
414
393
496
496
496
384
495
495
495
495
495
488
383
494
494
493
423
491
490
476
489
489
489
467
446
487
486
486
479
451
381
59
464
484
483
455
482
482
454
440
481
481
481
474
480
473
403
479
478
478
477
476
469
413
475
475
160
474
271
187
473
473
452
396
165
472
458
471
471
471
471
470
470
449
204
56
468
447
467
467
467
467
467
460
453
397
411
466
466
466
466
459
465
464
464
464
464
463
463
449
462
462
392
364
461
398
132
152
459
459
437
437
367
255
422
456
456
456
456
330
288
455
455
455
455
385
406
454
454
440
384
384
76
355
320
452
452
451
381
450
450
394
449
449
449
421
351
448
308
412
370
377
446
418
47
445
445
445
445
445
410
444
444
437
381
443
303
414
372
441
364
439
438
424
437
437
436
247
435
435
435
428
393
351
406
433
432
432
432
432
320
54
431
430
367
367
367
353
429
429
415
324
428
428
421
414
365
239
92
427
357
426
426
286
279
83
425
425
425
425
425
425
425
215
424
389
318
422
422
240
421
421
400
330
78
406
147
419
419
405
418
418
348
341
292
403
416
402
415
415
408
414
393
406
399
350
412
34
404
306
410
403
277
409
402
388
24
408
373
337
337
239
406
385
252
273
405
405
405
405
335
404
404
404
390
403
403
403
396
402
395
164
401
400
400
400
393
337
316
267
36
399
399
399
385
378
364
398
398
384
335
349
397
397
397
390
396
396
298
81
395
66
394
331
261
246
385
252
28
391
377
307
216
76
390
390
390
327
389
389
389
263
270
388
388
367
73
387
386
385
280
238
384
384
377
321
69
383
299
381
380
380
303
379
379
379
379
379
379
309
378
378
378
378
357
308
377
377
335
376
376
376
250
82
47
375
374
374
374
304
248
352
372
365
288
253
71
308
56
370
370
370
293
55
369
369
355
355
306
368
368
347
305
367
367
367
367
283
52
359
93
365
260
183
364
363
363
363
152
361
361
298
312
165
360
227
31
359
352
358
358
358
358
358
358
351
351
344
330
357
231
307
355
355
355
271
257
250
229
354
354
354
354
354
354
333
39
353
353
290
352
352
352
352
324
324
219
23
344
281
71
350
350
350
308
349
349
97
125
348
271
271
347
347
346
346
311
269
52
345
338
205
344
344
344
344
344
253
22
343
343
266
342
342
342
335
153
41
341
341
341
341
341
215
201
26
340
340
326
277
339
339
332
255
338
338
338
338
331
324
261
254
337
337
337
316
232
197
336
322
272
272
251
20
334
334
89
333
333
242
332
332
332
332
332
325
318
269
331
331
324
289
254
44
330
218
218
50
329
329
301
105
328
328
328
188
327
327
327
319
256
325
325
325
318
248
52
324
324
261
247
323
323
322
322
322
182
321
244
320
320
320
320
320
320
320
292
257
243
270
318
318
318
318
318
318
318
311
24
317
317
317
317
317
317
317
317
310
58
316
316
246
225
315
315
315
315
314
314
230
202
313
313
313
306
306
299
250
312
312
249
311
311
311
52
310
310
247
219
37
309
302
295
232
232
190
308
308
301
294
307
307
237
188
306
306
306
299
292
264
305
305
305
305
305
298
263
256
304
304
304
304
304
276
255
303
219
212
302
302
302
162
92
301
301
301
287
280
300
300
300
300
300
300
300
293
265
237
69
27
299
299
292
110
298
298
298
298
298
298
214
297
297
297
297
297
262
296
289
142
65
295
295
295
294
294
231
293
293
293
292
292
292
292
292
292
33
291
270
270
270
214
200
186
290
290
290
290
276
220
234
289
289
289
289
261
288
288
288
253
120
287
287
287
287
287
287
287
189
28
286
286
286
286
279
258
223
216
216
97
34
69
285
285
285
285
278
278
208
26
284
277
249
283
283
276
269
282
282
219
212
205
142
281
281
281
281
274
218
85
280
280
280
280
280
273
217
224
182
279
279
279
279
202
153
69
278
278
278
271
277
277
116
60
67
276
255
213
199
192
275
275
261
254
212
79
246
273
273
272
272
272
272
258
202
271
271
271
271
271
264
264
180
110
19
19
270
270
270
263
249
25
269
269
269
66
268
268
268
268
191
170
267
267
267
267
267
267
267
260
232
183
266
266
266
266
266
266
266
266
252
238
210
56
112
84
265
265
264
264
264
264
264
264
250
243
229
263
263
263
263
263
221
255
192
87
261
261
261
261
261
261
247
100
30
260
260
260
260
253
246
246
183
113
259
259
259
259
259
196
258
258
251
195
188
195
160
76
257
194
194
68
256
256
256
207
255
255
255
255
255
248
192
178
66
254
247
247
233
212
79
51
253
253
253
253
232
218
190
252
252
252
252
252
238
140
63
251
251
251
251
230
188
250
250
250
250
250
250
250
243
103
40
54
242
235
186
179
179
165
67
248
248
248
227
199
247
247
163
135
30
246
246
246
239
183
176
134
71
29
245
245
245
245
182
35
244
244
174
174
41
20
243
243
243
243
243
236
180
152
54
242
242
165
151
46
53
241
241
227
38
240
240
240
240
233
163
44
37
239
239
239
239
238
238
238
238
210
154
42
237
237
236
236
229
215
201
166
166
159
235
235
235
235
235
235
235
228
221
158
81
123
234
234
234
234
234
234
108
52
233
233
233
233
219
212
163
232
232
232
232
225
169
92
231
231
231
231
161
154
154
154
154
77
230
230
230
230
230
230
209
139
160
229
229
222
222
166
228
228
228
228
228
214
207
158
109
39
60
227
226
226
226
226
226
226
156
51
225
225
225
225
225
225
218
218
211
162
148
224
224
224
224
224
224
224
224
223
223
223
223
216
209
153
34
41
222
222
222
222
222
222
215
215
145
54
26
221
221
214
207
172
130
95
116
25
39
220
220
220
220
213
206
157
136
87
219
219
205
135
30
218
218
218
218
183
162
92
15
217
217
217
217
203
28
216
216
216
216
216
216
209
139
83
215
215
215
215
215
215
215
201
138
26
19
214
214
214
214
207
144
213
213
213
213
213
129
24
24
212
212
212
212
212
212
212
212
212
212
86
58
37
211
211
211
204
148
141
85
78
210
210
210
203
196
133
70
91
209
209
209
209
209
202
195
181
160
69
69
20
208
208
159
124
82
207
207
207
207
207
207
207
207
207
193
186
144
144
206
206
206
192
192
143
66
205
205
205
205
191
58
204
204
204
204
204
204
204
197
120
203
203
203
203
203
182
133
77
202
202
202
202
202
202
202
202
118
139
201
201
201
201
201
201
138
131
124
117
200
200
200
200
130
11
199
199
199
199
199
199
185
178
136
136
150
45
198
198
198
198
198
198
198
198
191
184
135
197
197
197
197
197
197
190
183
183
120
113
50
196
196
196
189
182
126
112
63
195
195
195
195
125
125
194
194
194
194
194
194
187
180
68
19
193
193
193
165
116
95
116
192
192
192
192
185
178
115
87
80
191
191
191
191
191
184
163
121
190
190
190
190
190
183
127
127
120
92
57
78
99
43
36
189
189
189
189
182
182
175
119
119
98
63
188
188
188
188
188
188
167
160
125
118
62
187
187
187
187
180
89
61
47
61
186
186
179
123
116
39
25
185
185
185
185
185
45
184
184
177
156
121
121
121
114
37
37
183
183
183
183
183
120
113
113
106
71
92
182
182
182
182
182
182
182
175
119
126
98
56
49
35
28
21
181
181
181
174
146
76
62
34
20
180
180
180
180
180
180
180
180
180
180
180
166
159
117
117
110
103
179
179
179
179
172
165
116
88
46
46
39
178
178
178
178
178
178
178
178
178
171
164
150
115
108
101
87
38
31
177
177
177
177
177
177
177
170
170
163
156
114
107
79
79
44
30
176
176
176
176
176
176
176
141
78
175
175
175
175
175
175
175
175
98
42
174
174
174
174
167
153
153
76
27
173
173
173
173
173
166
124
96
96
89
82
33
172
172
172
172
172
172
172
172
165
109
102
88
81
171
171
171
171
171
171
171
157
150
143
108
87
45
66
38
170
170
170
170
170
170
170
170
170
170
163
163
107
107
100
37
30
30
23
169
169
169
169
169
162
134
106
106
106
92
43
64
36
168
168
168
133
70
42
84
35
56
28
167
167
167
167
146
97
90
83
83
34
27
27
27
166
166
166
166
166
166
166
166
166
33
165
165
165
165
151
81
32
164
164
164
164
164
164
157
157
101
101
24
163
163
163
163
163
163
163
156
135
100
100
93
86
37
162
162
162
162
162
162
162
162
162
127
99
36
29
161
161
161
161
161
161
161
147
112
84
84
35
35
28
28
35
160
160
160
160
160
160
160
160
160
153
90
34
34
27
27
48
20
159
159
159
159
159
159
159
159
152
96
96
96
75
26
26
158
158
158
158
158
158
144
144
88
81
32
32
157
157
157
157
157
157
157
150
143
143
94
31
17
59
156
156
156
156
156
93
114
30
37
155
155
155
155
155
155
148
92
85
85
71
71
57
29
154
154
154
154
154
154
154
154
154
154
147
133
91
91
77
28
28
28
21
153
153
153
153
153
153
153
153
153
153
146
90
83
83
27
27
27
20
152
152
152
152
152
152
152
152
152
145
145
138
68
89
26
26
26
47
151
151
151
144
25
18
11
32
150
150
150
129
87
24
17
149
149
149
149
149
149
149
142
142
128
107
79
23
23
148
148
148
148
148
148
148
148
134
78
78
78
99
71
71
64
22
22
147
147
147
147
147
147
147
147
147
147
147
147
140
140
133
133
77
70
63
21
21
146
146
146
146
146
146
146
146
146
146
139
132
83
83
76
69
62
62
55
20
20
13
13
145
145
145
145
145
145
138
75
68
54
19
19
144
144
144
144
144
144
144
144
144
144
137
130
81
81
74
60
46
46
18
18
143
143
143
143
143
143
143
136
129
73
17
17
17
17
142
142
142
142
142
142
135
79
72
65
65
16
16
16
141
141
141
141
141
141
141
141
141
134
134
78
78
71
71
64
64
15
15
140
140
140
140
140
140
140
140
119
70
14
14
139
139
139
139
139
139
139
139
139
139
76
76
69
62
55
55
55
13
138
138
138
138
138
138
138
138
138
138
138
131
124
75
54
137
137
137
137
137
137
137
137
137
137
137
130
74
74
74
67
60
60
53
46
46
67
32
136
136
136
136
136
136
136
136
136
136
136
136
129
129
122
108
73
73
59
52
52
52
52
38
135
135
135
135
135
135
135
121
72
72
65
58
58
51
51
44
37
134
134
134
134
134
134
134
134
134
134
134
127
71
71
64
64
57
50
43
133
133
133
133
133
133
126
119
98
70
70
63
84
56
21
42
132
132
132
132
132
132
132
132
132
132
132
132
125
125
97
131
131
131
131
131
131
131
131
131
117
61
61
61
54
54
40
40
130
130
130
130
109
95
60
32
129
129
129
129
129
129
129
129
129
129
129
129
129
129
129
129
129
129
115
66
59
45
38
38
31
31
128
128
128
128
128
128
128
128
128
121
65
65
58
44
30
127
127
127
127
127
127
127
127
127
127
127
120
113
64
57
43
57
29
22
126
126
126
126
126
126
126
126
126
126
126
126
126
126
126
126
126
126
119
119
112
63
56
49
35
125
125
125
125
125
125
125
125
125
125
118
118
97
62
62
62
62
41
27
124
124
124
124
124
124
124
124
117
117
110
103
61
61
54
47
40
33
33
123
123
123
102
60
53
122
122
122
122
122
122
122
122
108
108
108
108
101
59
59
52
52
38
31
121
121
121
121
121
121
121
121
114
114
58
58
79
51
51
44
44
37
120
120
120
120
120
113
113
57
50
43
64
119
119
119
119
119
119
119
119
119
119
119
56
49
42
42
42
35
35
118
118
118
118
118
118
118
118
118
118
118
118
118
118
118
118
118
118
118
111
111
104
55
55
41
41
20
20
117
117
117
117
117
117
117
117
117
117
117
117
117
117
110
110
103
47
40
40
33
33
33
116
116
116
116
116
116
116
116
116
116
109
109
102
53
53
46
39
39
39
25
115
115
115
115
115
115
115
115
115
87
45
38
31
114
114
114
114
114
114
114
114
114
114
114
114
114
114
114
114
107
107
44
44
44
37
30
113
113
113
113
113
113
113
113
113
113
50
50
50
36
36
50
22
112
112
112
112
112
112
112
112
112
105
84
49
49
49
49
49
49
42
42
42
35
35
28
28
111
111
111
111
111
111
111
111
111
104
104
48
48
48
48
41
27
110
110
110
110
110
110
110
110
110
110
110
110
110
110
110
110
110
103
82
75
75
47
47
40
40
40
26
19
109
109
109
109
109
109
109
109
109
109
102
95
46
39
39
39
32
32
25
108
108
108
108
108
108
108
108
108
101
45
38
38
31
31
31
31
31
24
24
17
107
107
107
107
107
107
107
107
107
100
100
72
72
44
44
37
37
37
37
30
30
23
106
106
106
106
106
106
106
106
106
106
43
43
43
43
64
29
29
29
29
22
105
105
105
105
105
105
105
105
105
105
105
105
98
42
35
28
28
21
14
104
104
104
104
104
97
41
41
41
41
41
41
34
55
103
103
103
103
103
103
103
89
40
40
33
33
33
33
26
26
26
26
26
19
102
102
102
102
102
102
102
102
102
102
102
39
39
39
32
32
101
101
101
101
101
101
101
101
101
101
101
101
101
94
38
31
31
31
31
24
17
100
100
100
100
100
100
100
100
100
100
100
100
100
100
100
100
93
65
37
37
37
37
30
30
30
30
30
23
23
16
99
99
99
99
99
99
99
99
99
99
36
29
29
29
22
98
98
98
98
98
98
98
98
98
98
98
98
91
84
84
84
35
35
35
35
35
35
35
28
28
28
42
97
97
97
97
97
97
97
97
97
97
97
97
90
90
90
90
83
34
27
27
27
20
20
20
96
96
96
96
96
96
96
96
96
96
96
96
96
89
33
33
33
33
33
26
26
26
19
19
19
19
19
19
95
95
95
95
95
95
95
95
95
95
88
32
32
25
25
25
18
18
18
94
94
94
94
94
94
94
94
94
94
94
94
94
94
94
80
31
31
31
31
31
31
31
24
24
24
24
24
24
17
17
17
93
93
93
93
93
93
93
93
86
86
86
72
30
30
30
30
23
23
23
23
23
23
23
23
16
16
92
92
92
92
92
92
92
92
92
92
92
92
92
29
29
29
29
29
29
29
22
22
22
22
22
15
15
91
91
91
91
91
91
91
91
91
91
91
91
91
91
91
91
91
91
91
28
28
28
28
28
28
28
28
21
21
21
21
21
42
90
90
90
90
90
90
90
90
90
90
90
90
83
76
27
27
27
27
27
20
20
20
20
89
89
89
89
89
89
89
89
89
89
89
82
82
75
75
68
26
19
19
19
40
12
12
88
88
88
88
88
88
88
88
88
88
88
88
88
81
25
25
25
25
25
25
25
25
18
18
18
18
87
87
87
87
87
87
87
87
87
87
87
87
24
24
24
24
24
24
17
17
17
17
10
86
86
86
86
86
86
86
86
86
86
86
86
86
86
86
86
86
86
86
79
23
23
23
23
23
23
23
23
16
16
16
16
16
16
16
16
16
16
16
16
85
85
85
85
85
85
85
85
85
85
85
85
78
78
78
71
22
22
22
22
22
22
22
22
22
15
15
15
15
15
15
15
15
84
84
84
84
84
84
84
84
84
84
84
84
84
21
21
21
21
21
21
21
21
21
14
14
14
14
14
83
83
83
83
83
83
83
83
83
76
76
76
20
20
20
20
20
20
20
20
20
20
20
13
13
13
13
13
13
82
82
82
82
82
82
82
82
82
82
82
82
82
82
75
19
19
19
19
19
19
19
19
19
19
19
19
19
19
19
19
19
19
12
12
12
12
12
81
81
81
81
81
81
81
81
81
81
81
81
81
81
81
81
81
81
81
74
18
18
18
18
18
18
18
18
18
18
18
18
18
11
11
80
80
80
80
80
80
80
80
80
80
80
73
73
66
17
17
17
17
17
17
17
17
17
17
17
17
17
17
17
17
17
17
10
10
10
10
10
10
79
79
79
79
79
79
79
79
79
79
79
79
79
79
79
79
72
72
65
16
16
16
16
16
16
16
16
16
16
16
16
16
16
16
16
16
16
16
16
16
16
16
16
16
16
16
16
78
78
78
78
78
78
78
78
78
78
78
78
78
78
71
15
15
15
15
15
15
15
15
15
15
15
15
15
15
15
15
15
15
15
15
15
15
15
15
15
15
15
77
77
77
77
77
77
77
77
77
77
77
77
77
77
70
14
14
14
14
14
14
14
14
14
14
14
14
14
14
14
14
14
14
14
14
14
14
14
14
14
14
14
14
14
14
14
14
14
14
76
76
76
76
76
76
76
76
76
76
69
69
13
13
13
13
13
13
13
13
13
13
13
13
13
13
13
13
13
13
13
13
13
13
13
13
13
13
13
75
75
75
75
75
75
75
75
75
75
75
68
68
12
12
12
12
12
12
12
12
12
12
12
12
12
12
12
12
12
12
12
12
12
12
12
12
12
12
12
12
12
12
12
33
74
74
74
74
74
74
74
74
74
74
74
74
74
74
74
74
74
67
11
11
11
11
11
11
11
11
11
11
11
11
11
11
11
11
11
11
11
11
11
11
11
11
11
11
11
11
11
11
73
73
73
73
73
73
73
73
73
73
73
73
73
73
73
73
73
66
66
66
10
10
10
10
10
10
10
10
10
10
10
10
10
10
10
10
10
10
10
10
10
10
10
10
10
10
10
10
10
10
10
10
10
10
10
10
10
10
10
10
72
72
72
72
72
72
72
72
72
72
72
72
72
72
72
72
72
72
72
72
72
72
72
72
72
65
71
71
71
71
71
71
71
71
71
71
71
71
71
71
71
71
71
71
71
71
71
71
64
70
70
70
70
70
70
70
70
70
70
70
70
70
56
69
69
69
69
69
69
69
69
69
69
69
69
62
68
68
68
68
68
68
68
68
68
68
68
68
68
61
61
47
67
67
67
67
67
67
67
67
67
67
67
67
67
66
66
66
66
66
66
66
66
66
66
66
66
66
66
66
66
66
66
59
65
65
65
65
65
65
65
65
65
65
65
65
65
65
65
65
65
65
65
65
65
65
65
65
58
58
64
64
64
64
64
64
64
64
64
64
64
64
64
50
63
63
63
63
63
63
63
63
63
63
63
63
63
63
63
63
63
63
63
63
63
63
62
62
62
62
62
62
62
62
62
62
62
62
62
62
62
62
55
61
61
61
61
61
61
61
61
61
61
61
61
61
61
61
61
61
61
61
61
61
61
61
61
61
61
61
61
54
54
60
60
60
60
60
60
60
60
60
60
60
60
60
60
60
60
60
60
53
53
59
59
59
59
59
59
59
59
59
59
59
59
59
59
59
59
59
59
59
59
59
59
59
59
59
59
59
59
59
59
59
52
58
58
58
58
58
58
58
58
58
58
58
58
58
58
58
58
58
58
58
58
58
58
58
58
58
58
58
58
58
58
58
58
58
58
58
51
51
44
57
57
57
57
57
57
57
57
57
57
57
57
57
57
57
57
57
57
57
57
57
57
57
57
57
57
57
57
57
57
56
56
56
56
56
56
56
56
56
56
56
56
56
56
56
56
56
56
56
56
56
56
56
56
55
55
55
55
55
55
55
55
55
55
55
55
55
55
55
55
55
55
55
55
48
54
54
54
54
54
54
54
54
54
54
54
54
54
54
54
54
54
54
54
54
54
54
54
53
53
53
53
53
53
53
53
53
53
53
53
53
53
53
53
53
53
53
53
53
53
53
53
53
53
53
39
52
52
52
52
52
52
52
52
52
52
52
52
52
52
52
52
52
52
52
52
52
52
52
52
52
52
52
52
52
52
52
51
51
51
51
51
51
51
51
51
51
51
51
51
51
51
51
51
51
51
51
51
51
51
51
51
51
51
51
51
50
50
50
50
50
50
50
50
50
50
50
50
50
50
50
50
50
50
50
50
50
50
50
50
50
50
50
43
43
43
49
49
49
49
49
49
49
49
49
49
49
49
49
49
49
49
49
49
49
49
35
48
48
48
48
48
48
48
48
48
48
48
48
48
48
48
27
47
47
47
47
47
47
47
47
47
47
47
47
47
47
47
47
47
47
47
47
40
46
46
46
46
46
46
46
46
46
46
39
45
45
45
45
45
45
45
45
45
45
45
45
45
45
45
45
45
45
45
44
44
44
44
44
44
44
44
44
44
44
44
44
44
44
44
44
44
44
44
44
43
43
43
43
43
43
43
43
43
42
42
42
42
42
42
42
41
41
41
41
41
41
41
41
41
40
40
40
40
40
40
40
39
39
39
39
39
39
39
39
39
38
38
38
38
38
37
37
37
36
36
35
35
35
34
30
