181051
29818
33620
15850
15065
13449
11212
10014
9848
9786
9624
8498
7423
6767
6630
6284
6003
5848
5836
5100
4815
4603
4139
4080
4070
3634
3632
3585
3498
3398
3338
2947
2691
2587
2486
2484
2219
2069
2065
2061
2162
1997
1989
1942
7373901
1801
1725
1661
1525
1524
1492
1487
1475
1471
1435
1414
1406
1397
1362
1294
1293
1241
1239
1204
1127
1110
1094
1081
1075
1071
987
922
3295794
899
2624
849
844
824
817
815
787
773
763
750
745
742
737
730
721
708
705
696
693
676
667
77008
707
640
634
631
617
614
8154
580
580
578
559
554
553
553
551
537
536
534
530
518
511
509
501
496
476
474
466
464
459
458
458
450
444
443
442
433
432
428
426
404
402
399
397
392
35094
621
380
379
378
375
373
372
370
367
367
361
357
351
346
346
342
339
337
333
331
326
326
322
321
319
318
312
312
311
310
304
302
301
295
295
295
294
294
294
294
290
290
288
286
286
285
283
281
281
279
278
277
274
273
272
271
270
1211
264
264
264
263
262
261
260
258
258
258
258
257
256
256
256
255
249
249
244
244
243
989483
241
240
240
240
237
236
310
234
231
231
230
230
229
228
228
228
225
225
223
222
220
218
216
216
213
211
211
209
209
209
206
205
205
201
200
200
199
199
198
197
197
196
976
194
191
190
190
189
189
293
187
183
183
183
182
182
182
181
180
178
178
178
177
177
175
174
173
385
170
170
169
168
167
166
166
165
163
163
163
162
162
160
159
159
159
159
159
158
158
157
156
156
155
155
154
154
154
153
153
152
152
152
151
150
150
150
150
149
149
148
148
146
145
144
144
144
143
143
142
142
141
140
140
139
138
137
136
136
136
134
134
134
132
132
130
130
129
129
128
128
127
127
126
126
125
125
124
123
123
123
122
122
121
121
121
120
120
120
119
119
118
117
117
117
113
113
112
111
111
111
111
110
110
109
108
108
108
107
107
11450
105
105
105
104
103
100
99
99
99
98
98
96
95
95
94
94
94
93
92
91
91
91
91
91
90
90
90
88
88
88
88
88
87
87
86
85
85
85
84
84
84
84
83
83
82
81
81
81
80
76
76
76
75
75
74
74
172
72
71
70
70
70
70
69
69
67
66
66
66
65
65
64
64
61
61
61
61
61
60
60
60
60
59
59
58
58
58
57
55
55
51
16684
50
49
298
48
120710
130209
221
45
33233
282
128868
79
88
205
66
104
62
272
105
155
99
70
84484
448
114
100
103
13332
84
263
54
86
66220
989
53524
42563
832
53573
45
52285
27
46551
49351
47245
32
29
301
51
104
41
43
32
84
37448
97
16
67
55
54
36
32
36273
455
27852
35201
34466
7330
29
26
11
31
40
51
26
14
32669
110
16
26761
42
104
51
67
38
39
29
12
94
422
27
51
6237
56
43
29
57
42
35
37
33
35
18
26
22
19
16
58
24153
24012
50
22983
10
19
1888
43
56
129
75
26
27
42
31
48
42
37
31
25
13
19
19
11
1369
20309
83
88
16506
65
46
49
31
33
42
45
16013
40
16129
18
61
96
35
49
28
35
19
2144
110
16
123
29
126
52
50
49
38
33
32
29
29
29
27
26
25
24
23
23
14
20
19
18
18
18
12
12
11
10
2929
501
72
16
15396
13739
335
14525
167
14452
370
13213
35
101
13876
49
13579
10620
25
53
53
13290
42
26
30
121
31
30
16
74
53
11
43
35
31
21
19
12
12509
236
100
37
96
41
101
21
90
50
64
24
51
54
54
53
141
49
49
41
26
46
43
40
31
36
35
34
34
33
33
31
24
30
30
22
13
25
24
23
23
23
22
22
22
22
15
21
20
18
17
16
16
15
15
15
15
13
13
13
12
11
1907
57
11896
6009
38
123
245
45
20
5839
83
10413
25
70
61
7597
46
119
54
9923
25
87
45
42
9640
8607
17
64
110
27
30
74
48
9254
35
22
35
9017
6540
358
8905
8875
74
586
23
40
69
35
43
42
41
39
30
34
33
31
16
28
14
14
8236
25
25
16
21
19
14
13
13
12
19
140
2857
276
10
7389
63
32
41
27
27
25
16
72
15
76
69
72
56
68
67
58
64
64
56
336
58
42
20
54
54
32
51
44
30
29
49
49
48
41
45
44
43
35
35
41
41
41
41
13
40
39
38
38
38
31
37
37
36
21
34
20
25
25
31
17
30
30
23
29
28
21
27
26
26
19
19
25
25
25
25
24
24
10
10
23
23
23
16
16
22
22
22
22
22
22
21
21
20
20
20
19
19
19
12
18
18
18
17
17
10
10
16
16
16
16
15
15
15
15
14
14
13
13
13
13
13
13
13
13
13
12
12
12
12
12
12
11
10
10
10
10
8161
8111
8102
4746
7675
439
7515
137
282
143
7360
7429
7264
103
115
7125
7123
6541
3869
7101
7023
7020
6991
68
24
6784
1515
34
5709
71
36
41
6684
6684
4136
6572
6565
2261
6434
40
78
6202
6196
6169
6150
2839
6080
82
352
6026
74
38
250
83
151
99
80
71
5761
31
39
29
53
5687
45
48
22
13
5566
199
339
72
4291
5068
112
5397
147
245
3026
58
56
45
36
5322
72
64
35
37
28
5277
23
133
61
36
17
4379
79
79
61
425
43
42
62
60
52
50
53
52
52
31
22
34
30
29
29
28
25
24
24
24
17
23
22
21
19
19
18
17
10
5098
436
158
5028
806
164
245
321
627
96
4876
108
179
178
45
20
68
667
4522
84
13
74
69
4747
75
56
50
53
31
47
33
39
16
43
82
37
34
27
15
28
89
61
4694
21
20
19
82
18
16
15
13
68
62
60
50
53
51
51
51
28
48
45
45
38
44
44
30
43
43
43
36
35
41
38
38
37
30
23
36
36
15
545
34
20
33
32
32
32
25
25
52
31
31
31
31
24
24
30
30
30
30
23
29
29
28
14
27
26
26
26
25
25
23
23
23
23
23
23
16
22
22
13
19
18
17
10
16
16
15
14
14
14
13
12
12
12
12
12
12
10
4609
200
2463
484
4525
4536
4530
400
4498
327
111
290
289
326
303
137
36
4335
315
233
198
217
35
4290
59
127
127
139
183
4239
34
41
15
66
17
16
85
74
66
48
53
18
57
105
69
57
110
54
58
34
53
53
46
35
48
107
44
36
27
40
38
38
31
24
37
23
36
29
35
35
21
69
34
27
11
31
30
23
436
22
26
26
19
25
18
18
11
24
17
16
22
77
21
14
12
81
18
17
13
11
11
10
50
43
53
58
57
43
63
54
52
38
57
22
55
34
54
54
53
46
51
30
50
43
43
49
42
35
35
48
41
34
47
47
47
47
47
46
39
32
45
10
44
44
44
44
44
37
43
36
36
22
42
42
42
42
42
42
28
28
28
41
41
41
41
41
41
34
27
13
40
40
40
33
33
19
19
39
39
32
32
25
38
38
38
38
38
38
17
37
37
37
37
37
37
37
37
37
37
37
37
37
37
37
37
23
23
36
36
36
36
36
36
36
36
29
35
35
35
35
35
35
35
35
35
35
35
35
35
35
35
35
35
28
28
28
34
34
34
34
34
34
34
34
34
34
34
34
34
34
27
27
27
27
20
33
33
33
33
33
33
33
33
33
33
33
33
33
33
33
26
26
19
12
12
32
32
32
32
32
32
32
32
32
32
32
32
32
32
32
32
32
32
32
25
25
31
31
31
31
31
31
31
31
31
31
31
31
31
31
31
31
31
31
24
24
30
30
30
30
30
30
30
30
30
30
30
30
30
30
30
30
30
30
30
23
16
29
29
29
29
29
29
29
29
29
29
29
29
29
22
22
15
29
28
28
28
28
28
28
28
28
28
28
28
28
28
28
28
21
21
21
21
14
27
27
27
27
27
27
27
27
27
27
27
27
27
27
27
27
27
27
27
20
20
20
20
13
13
26
26
26
26
26
26
26
26
26
26
26
26
26
26
19
19
25
25
25
25
25
25
25
25
25
25
25
25
25
25
25
25
25
25
25
25
25
25
25
25
25
25
25
25
25
18
18
18
18
18
18
18
24
24
24
24
24
24
24
24
24
24
24
24
24
24
17
17
17
10
23
23
23
23
23
23
23
23
23
23
23
23
23
23
23
23
23
23
23
23
23
23
23
23
16
16
16
16
22
22
22
22
22
22
22
22
22
22
22
22
22
22
22
22
22
22
15
15
15
15
21
21
21
21
21
21
21
21
21
21
21
21
21
21
21
21
21
21
21
21
21
21
21
21
21
21
21
21
21
21
14
14
14
14
14
14
20
20
20
20
20
20
20
20
20
20
20
20
20
20
20
20
20
20
20
20
20
20
19
19
19
19
19
19
19
19
19
19
19
19
19
19
19
19
19
19
19
19
19
12
12
12
12
26
18
18
18
18
18
18
18
18
18
18
18
18
18
18
18
18
18
18
18
18
18
18
18
11
11
11
17
17
17
17
17
17
17
17
17
17
17
17
17
17
17
17
17
17
17
17
17
17
17
10
10
10
10
16
16
16
16
16
16
16
16
16
16
16
16
16
16
16
16
16
16
16
16
16
16
16
16
16
16
15
15
15
15
15
15
15
15
15
15
15
15
15
15
15
15
15
15
15
15
15
15
15
15
15
15
15
15
15
15
15
15
15
15
14
14
14
14
14
14
14
14
14
14
14
14
14
14
14
14
14
14
14
14
14
14
14
14
14
13
13
13
13
13
13
13
13
13
13
13
13
13
13
13
13
13
13
13
13
13
13
13
13
13
13
13
13
13
13
13
13
13
13
13
13
13
13
13
13
13
12
12
12
12
12
12
12
12
12
12
12
12
12
12
12
12
12
12
12
12
12
12
12
12
12
12
12
12
12
12
12
12
12
12
12
12
12
12
12
12
12
12
12
12
11
11
11
11
11
11
11
11
11
11
11
11
11
11
11
11
11
11
11
11
11
11
11
11
11
11
11
11
11
11
11
11
11
11
11
11
11
11
11
11
11
11
11
11
11
11
11
10
10
10
10
10
10
10
10
10
10
10
10
10
10
10
10
10
10
10
10
10
10
10
10
10
10
10
10
10
10
10
10
10
10
10
10
10
10
10
10
10
10
10
10
10
10
10
4087
3938
3931
3201
71
3790
3756
3849
3846
3796
3794
3317
68
3770
3711
3654
3601
381
3567
3481
3549
3530
3500
3498
3479
3406
129
3372
3366
3327
3295
3272
3264
44
1501
3229
3195
3189
33
3162
3148
162
3125
2841
30
3090
3071
3071
3050
2587
2356
3044
491
3023
324
3005
154
2993
139
2963
2959
1292
2912
2911
2917
2600
2910
36
2793
2780
2734
40
33
2740
2740
160
187
79
2691
35
2679
2650
48
2545
25
2579
2573
2092
2530
932
2499
2504
1589
2467
2465
1942
2427
618
2409
2415
2408
2200
2372
2322
2388
2351
2385
2367
2355
2354
2331
1596
2350
36
2203
2111
498
71
2242
154
539
582
2275
24
2264
1682
2260
2258
2159
346
2189
1537
2138
759
72
2198
147
2155
2189
2193
2105
1507
558
1366
2169
39
30
109
33
18
2138
93
28
2096
1360
2104
2086
82
2096
2081
16
2063
32
1967
18
18
17
1976
1967
2025
2032
2032
1965
2000
1995
93
1970
99
1936
1976
1965
1346
270
137
113
213
44
1911
1909
1860
1766
1874
217
90
1882
1875
1776
65
54
1872
166
1544
1821
1833
975
1835
154
1827
1826
1804
1814
55
61
1038
1714
1787
1800
1793
1796
1793
1784
1251
1782
120
910
32
27
1565
1751
1754
1754
1753
1749
677
51
1450
1636
690
1362
1732
1661
646
620
785
22
1372
1693
1175
53
51
1705
45
22
1669
79
14
1672
1594
52
1668
1666
1661
1660
1659
1657
37
1646
92
36
1616
1638
1541
1630
1630
20
18
1627
1611
22
12
11
1074
10
1599
1605
1550
1573
1473
57
1287
1566
48
48
45
1562
1575
40
24
1570
36
28
27
26
32
31
338
22
1560
89
26
19
1558
11
24
1556
1556
23
16
22
14
1552
1454
17
1549
1547
840
14
14
12
11
1521
1534
1502
1528
1512
889
1503
1468
1479
1496
1487
1480
17
1357
1148
21
1458
947
1226
895
1440
1452
902
809
1427
839
168
909
184
154
1412
1409
828
857
1283
811
1396
1394
820
42
62
1384
1194
109
1345
763
1377
1362
1367
1332
1365
1334
1360
324
135
82
54
1355
1353
1350
187
773
108
1343
1334
1295
742
1327
1327
164
1331
1329
1026
1325
1288
1321
767
1317
729
1307
1310
1162
1303
64
1163
211
111
768
120
1286
1283
68
1227
114
36
882
1140
48
1243
711
249
1180
1255
1149
41
738
1184
735
693
35
1245
1241
1233
15
22
70
1234
16
1229
1219
64
1224
1222
1212
1217
1153
101
1212
27
180
58
1204
26
997
626
10
660
1191
1163
1190
98
1196
33
1177
88
1109
1163
22
1181
33
648
17
1178
1178
1177
78
1176
637
1167
655
53
151
1170
587
18
79
1163
1135
638
1120
237
530
12
1096
592
11
1158
65
1149
750
97
48
1153
117
1147
1140
1145
1145
270
30
1142
43
1140
965
1006
607
32
625
16
50
979
48
1131
39
32
1129
58
99
28
1126
265
27
621
40
12
1123
37
1050
21
27
33
1095
17
1045
16
22
1113
1001
21
27
27
13
1111
24
17
16
1107
15
13
19
144
18
17
16
14
14
62
1062
11
1095
1011
1023
463
41
1076
537
68
57
1084
1084
62
1083
565
61
40
557
59
561
1078
559
54
47
116
53
32
1052
436
1072
1058
50
50
50
50
511
46
11
24
37
30
43
43
1064
40
33
33
25
38
1052
37
30
36
35
34
1055
33
32
25
25
25
892
31
31
31
30
30
23
29
29
29
29
29
29
15
28
28
21
27
27
26
19
12
12
25
25
25
25
1046
24
24
24
24
17
23
23
16
22
21
21
21
21
21
503
20
20
20
13
13
19
19
19
18
18
18
18
11
696
17
17
17
17
16
16
16
16
1023
15
14
14
14
14
14
972
13
13
13
13
1034
89
12
12
12
12
1026
508
11
11
11
11
11
1032
10
10
10
1028
1025
500
1024
358
397
1019
1003
989
777
483
1007
160
1006
985
1005
998
493
1002
973
1000
994
993
993
160
991
18
38
23
988
113
979
985
978
474
115
982
666
977
976
976
934
975
408
380
974
973
895
97
957
901
962
929
958
957
950
109
438
318
77
951
950
949
948
332
45
938
875
369
934
927
722
924
812
28
873
213
914
35
390
907
906
903
896
812
377
48
901
893
898
800
890
379
888
755
311
24
891
889
378
885
245
699
32
332
877
765
876
685
873
873
625
170
622
587
859
733
33
354
863
862
253
225
861
861
860
853
236
801
773
856
779
855
846
852
851
184
323
756
413
839
845
845
845
837
843
535
331
246
833
301
839
797
307
837
836
835
834
834
316
448
308
832
831
166
828
303
539
27
823
795
814
296
51
309
819
819
231
313
229
306
52
296
813
232
809
151
116
114
804
384
165
801
787
730
798
286
27
236
795
277
793
793
786
450
275
792
791
203
790
614
787
751
785
785
764
701
36
784
714
781
774
18
554
260
777
41
761
774
774
172
772
758
30
771
770
770
188
151
752
626
255
681
37
750
442
176
57
763
105
433
251
761
698
760
760
759
44
757
246
225
755
153
754
565
131
753
753
751
750
750
750
742
14
748
748
237
621
103
40
33
718
745
31
744
37
742
742
742
21
740
725
737
737
198
79
37
736
733
33
19
662
74
668
220
213
590
191
51
714
727
517
61
725
725
711
724
73
94
632
527
212
722
715
204
720
202
719
719
691
718
718
717
178
10
709
142
141
714
630
510
194
711
704
193
710
709
191
706
705
194
704
704
704
46
115
156
561
77
42
699
615
153
125
179
60
150
695
674
100
183
162
141
693
651
182
692
678
691
621
81
39
689
612
115
44
686
406
161
685
75
641
165
25
682
45
681
44
15
77
97
27
26
676
641
39
32
25
25
164
157
38
31
674
674
597
149
149
30
673
672
35
671
657
153
62
34
20
75
33
33
109
25
570
31
24
667
667
653
506
86
30
666
106
29
322
664
664
83
27
663
663
663
648
25
24
660
660
23
16
16
16
148
85
651
84
77
657
657
657
146
20
656
656
362
117
12
634
403
18
653
652
15
651
651
644
650
67
11
647
562
645
567
573
642
117
564
67
640
640
633
59
639
639
128
121
44
512
64
637
511
636
634
634
571
123
116
633
633
626
618
590
51
44
414
78
120
106
630
630
56
21
629
510
104
48
537
627
613
53
39
626
115
52
45
611
604
513
114
624
36
29
42
35
14
622
594
559
454
20
621
110
103
47
46
39
25
584
241
45
38
31
618
555
107
72
37
617
92
71
43
36
29
36
616
35
21
103
96
40
40
33
26
613
613
578
39
32
39
31
31
37
37
30
540
36
36
29
29
560
98
28
545
90
34
34
34
27
13
607
607
607
26
26
606
606
599
487
67
32
32
32
32
32
605
283
31
31
24
24
604
534
51
23
23
23
29
29
29
29
22
602
602
532
28
28
21
601
27
27
27
27
20
20
600
481
75
61
26
26
26
26
19
12
599
599
599
557
88
25
25
25
25
25
18
11
528
87
24
597
513
23
23
23
23
23
22
22
15
595
21
21
21
21
21
21
14
594
594
587
587
566
559
76
76
69
20
13
13
13
13
13
82
19
19
19
19
19
19
19
19
592
592
81
18
18
18
18
11
11
591
591
591
59
17
17
17
17
17
17
17
17
590
569
555
79
16
16
16
589
582
15
77
77
56
14
14
14
14
14
14
14
14
580
76
76
13
13
13
13
13
586
523
12
12
585
11
11
11
584
10
10
10
10
583
64
57
581
581
70
70
63
63
580
580
475
48
48
495
159
54
578
578
242
67
67
577
66
59
52
64
43
574
574
203
56
28
573
510
48
41
41
54
12
571
557
60
53
39
339
52
38
562
58
44
568
568
561
57
57
50
43
567
567
565
47
40
564
424
53
563
563
45
24
562
149
51
51
51
561
50
50
29
560
546
511
448
49
538
531
41
41
41
34
34
20
558
481
40
557
466
277
249
46
507
437
38
555
555
555
443
387
44
44
44
37
37
30
30
23
547
540
43
43
43
36
36
36
36
553
441
42
42
35
28
21
552
538
41
34
27
40
40
40
40
40
40
40
33
33
550
550
550
39
39
39
32
32
32
25
549
507
451
38
38
38
38
38
38
38
38
31
31
31
24
17
548
37
37
37
30
30
23
547
547
547
36
36
36
36
36
36
36
36
36
36
29
22
15
546
161
98
35
35
35
35
28
28
34
34
34
34
34
34
34
34
27
20
33
33
33
33
33
26
26
19
543
543
543
543
32
32
32
32
32
32
32
32
32
32
32
25
25
25
25
542
388
31
31
31
31
31
31
31
31
31
31
31
24
24
24
24
30
30
30
30
30
30
30
30
30
30
30
16
540
540
526
29
29
29
29
29
29
29
29
29
29
29
29
29
29
29
29
29
29
29
29
29
29
29
22
22
22
22
22
539
518
28
28
28
28
28
28
28
28
28
28
28
28
21
21
21
14
538
27
27
27
27
27
27
27
27
27
27
27
27
27
27
27
20
20
20
537
537
537
537
481
26
26
26
26
26
26
26
26
26
26
26
26
26
26
26
26
19
19
19
19
12
12
536
473
25
25
25
25
25
25
25
25
25
25
25
25
25
25
25
25
25
25
25
25
25
25
18
18
535
24
24
24
24
24
24
24
24
24
24
24
24
24
24
24
24
24
24
24
24
24
24
24
24
24
17
17
17
534
527
23
23
23
23
23
23
23
23
23
23
23
23
23
23
23
23
23
23
23
23
23
23
23
23
23
23
23
23
23
23
23
23
23
23
16
16
16
16
16
16
533
470
22
22
22
22
22
22
22
22
22
22
22
22
22
22
22
22
22
22
22
22
22
22
22
22
15
15
15
15
476
448
21
21
21
21
21
21
21
21
21
21
21
21
21
21
21
21
21
21
21
21
21
21
21
21
21
14
14
14
14
14
14
14
531
20
20
20
20
20
20
20
20
20
20
20
20
20
20
20
20
20
20
20
20
20
20
20
20
20
20
20
20
20
20
20
20
20
20
20
20
13
13
530
467
19
19
19
19
19
19
19
19
19
19
19
19
19
19
19
19
19
19
19
19
19
19
19
19
19
19
19
19
19
19
19
19
19
19
19
19
19
19
19
19
19
19
19
19
12
12
12
12
12
12
12
529
529
18
18
18
18
18
18
18
18
18
18
18
18
18
18
18
18
18
18
18
18
18
18
18
18
18
18
18
18
18
18
18
18
18
18
18
18
18
11
11
11
11
276
17
17
17
17
17
17
17
17
17
17
17
17
17
17
17
17
17
17
17
17
17
17
17
17
17
17
17
17
17
17
17
17
17
17
17
17
17
17
17
17
17
17
17
17
17
17
17
17
17
17
17
17
17
17
17
10
10
10
10
10
10
10
10
520
513
499
366
16
16
16
16
16
16
16
16
16
16
16
16
16
16
16
16
16
16
16
16
16
16
16
16
16
16
16
16
16
16
16
16
16
16
16
16
16
16
16
16
16
16
526
519
463
15
15
15
15
15
15
15
15
15
15
15
15
15
15
15
15
15
15
15
15
15
15
15
15
15
15
15
15
15
15
15
15
15
15
15
15
15
15
15
15
15
15
15
15
15
15
15
15
15
15
15
15
15
15
15
525
511
14
14
14
14
14
14
14
14
14
14
14
14
14
14
14
14
14
14
14
14
14
14
14
14
14
14
14
14
14
14
14
14
14
14
14
14
14
14
14
14
14
14
14
14
14
14
14
14
524
524
524
524
524
13
13
13
13
13
13
13
13
13
13
13
13
13
13
13
13
13
13
13
13
13
13
13
13
13
13
13
13
13
13
13
13
13
13
13
13
13
13
13
13
13
13
13
13
13
13
13
13
13
13
13
13
13
13
13
13
13
13
13
13
13
13
13
13
509
432
306
12
12
12
12
12
12
12
12
12
12
12
12
12
12
12
12
12
12
12
12
12
12
12
12
12
12
12
12
12
12
12
12
12
12
12
12
12
12
12
12
12
12
12
12
12
12
12
12
12
12
12
12
12
12
12
12
12
12
12
12
12
12
12
12
12
12
12
522
508
11
11
11
11
11
11
11
11
11
11
11
11
11
11
11
11
11
11
11
11
11
11
11
11
11
11
11
11
11
11
11
11
11
11
11
11
11
11
11
11
11
11
11
11
11
11
11
11
11
11
11
11
11
11
11
11
11
11
11
507
479
10
10
10
10
10
10
10
10
10
10
10
10
10
10
10
10
10
10
10
10
10
10
10
10
10
10
10
10
10
10
10
10
10
10
10
10
10
10
10
10
10
10
10
10
10
10
10
10
10
10
10
10
10
10
10
10
10
10
10
10
10
10
10
10
10
10
10
478
519
519
50
518
497
441
517
510
516
432
515
513
513
408
512
505
511
497
510
510
510
510
426
509
509
501
507
422
58
505
498
491
477
477
141
504
497
84
503
503
503
503
482
223
502
502
501
501
424
361
284
499
492
498
498
497
497
496
496
496
495
495
488
418
418
494
494
492
485
471
491
421
490
482
488
488
467
299
445
417
486
381
429
142
484
484
407
483
482
482
468
349
293
319
479
388
478
477
470
414
379
476
475
398
474
411
369
459
438
333
472
472
472
458
450
331
470
470
316
162
462
462
441
378
468
467
467
466
158
423
464
464
464
457
450
443
463
448
371
460
439
397
418
459
459
459
459
459
459
459
67
458
318
457
457
456
456
449
442
323
385
287
453
432
75
452
452
449
386
441
447
447
447
433
439
432
445
438
444
444
443
443
303
296
198
442
442
442
372
344
302
378
119
440
433
439
439
306
438
431
437
437
430
423
436
435
435
435
435
421
365
358
274
434
434
210
433
433
342
174
432
432
418
430
423
415
401
428
358
427
406
350
426
426
342
335
425
425
425
425
425
425
54
347
416
52
422
420
420
420
413
419
349
216
418
418
418
404
341
320
152
396
416
367
269
199
122
415
415
156
414
414
414
344
330
413
413
252
412
398
55
411
411
390
410
410
396
375
409
409
409
381
59
408
408
58
407
267
197
406
406
406
406
385
329
336
273
154
405
405
405
272
293
404
404
390
327
403
403
375
402
402
402
395
332
401
401
394
394
310
400
71
399
329
329
301
398
377
370
300
397
397
383
313
396
354
326
395
395
395
395
395
395
388
304
255
394
387
380
331
261
121
330
351
392
371
384
377
370
250
389
381
360
304
372
323
385
385
385
308
91
384
384
377
383
383
383
382
382
193
137
381
381
381
374
374
304
101
317
379
379
379
274
57
378
377
314
376
376
376
348
292
375
375
297
276
136
373
366
268
372
372
281
371
343
287
370
370
349
286
265
237
369
110
103
368
368
368
354
172
367
367
360
366
366
365
358
358
281
364
364
224
363
363
363
363
286
251
223
160
362
362
362
355
361
361
298
200
186
360
360
353
332
359
359
359
352
282
121
358
358
351
232
357
357
357
357
357
287
356
349
286
139
27
355
355
355
348
306
354
354
354
354
354
333
284
242
207
46
353
346
346
346
283
352
338
289
261
149
72
351
218
350
350
315
279
272
146
62
348
341
341
285
278
347
347
270
346
346
346
346
87
345
345
345
345
261
344
274
343
343
266
287
259
252
342
342
342
342
321
279
202
341
341
110
340
340
340
305
277
270
214
339
199
338
338
331
337
337
337
267
253
336
336
336
336
35
335
335
335
335
307
307
265
223
181
334
334
264
333
333
270
263
249
325
318
262
330
330
309
329
252
328
328
328
321
237
202
327
326
326
123
325
325
325
150
324
324
121
93
323
323
323
323
316
316
302
295
232
259
231
217
63
321
321
300
286
244
216
320
319
319
319
298
318
255
255
227
129
24
317
254
79
316
316
316
316
309
253
127
315
315
301
161
314
314
41
313
285
229
208
138
312
312
312
39
311
311
311
311
248
310
310
310
310
296
275
184
176
301
301
301
307
307
306
299
222
82
305
305
305
305
298
304
304
304
262
108
303
303
303
303
303
303
240
302
302
302
302
302
204
301
301
294
217
161
140
300
300
300
195
41
299
292
131
298
298
298
298
277
270
207
165
297
297
297
297
297
283
269
227
296
296
282
107
295
281
225
78
294
294
294
294
161
105
293
293
279
272
265
223
216
202
291
291
291
291
291
284
200
151
290
213
72
288
281
274
253
127
99
287
287
224
217
210
286
286
265
216
34
285
285
222
284
284
270
270
186
283
283
220
241
206
282
282
275
261
212
156
149
281
281
169
280
280
280
273
217
210
196
279
279
279
279
272
272
258
202
90
20
278
278
264
96
277
277
277
277
207
276
276
255
213
213
206
206
275
275
261
233
205
51
274
274
274
260
204
211
162
273
273
273
273
273
259
252
272
272
272
265
188
209
76
271
271
271
271
271
271
250
201
173
270
270
270
270
270
249
200
172
137
123
60
269
269
269
248
220
192
178
268
268
268
267
267
267
267
267
260
260
260
190
259
259
203
203
175
265
251
48
264
264
264
250
263
263
263
263
263
263
249
200
137
88
262
262
262
255
248
136
66
261
261
261
261
254
191
198
170
156
51
260
260
260
246
134
148
71
259
259
196
196
168
154
258
258
258
258
188
188
97
34
257
257
257
257
250
250
194
131
256
256
256
256
193
193
186
179
123
255
255
255
185
185
254
254
254
254
254
254
254
191
170
253
253
253
253
253
183
169
252
252
252
210
147
251
251
237
188
250
250
250
250
236
187
159
124
61
249
249
221
165
248
234
185
73
247
240
219
184
121
51
246
246
232
204
162
245
245
245
245
245
245
217
161
105
63
244
244
244
244
181
202
174
174
62
243
243
236
236
166
166
138
54
242
242
242
242
235
214
179
200
241
241
241
241
101
101
94
73
80
240
240
240
212
177
163
114
239
239
239
239
218
148
238
217
168
133
98
35
237
237
230
167
97
97
69
236
236
236
236
236
229
166
145
19
19
235
235
235
235
235
235
221
214
234
234
234
234
234
234
234
234
206
171
122
87
233
233
233
233
233
233
156
156
58
232
232
232
169
134
231
231
231
231
210
154
84
230
230
230
216
167
160
153
139
229
229
222
215
166
173
145
228
228
228
221
221
137
81
227
220
136
94
226
226
226
156
225
225
225
225
225
225
225
211
155
155
99
224
112
223
223
216
216
160
104
76
222
222
222
222
222
222
222
222
215
201
124
75
33
47
221
179
151
123
32
220
220
220
220
220
94
31
45
219
219
219
219
219
212
212
149
149
142
142
121
218
218
218
197
85
99
92
15
217
217
217
217
217
91
21
216
209
181
153
41
215
215
152
138
138
131
26
214
207
200
200
151
81
213
213
213
143
52
212
212
212
212
212
212
212
205
58
211
211
211
204
148
120
120
210
210
210
210
189
147
168
126
119
49
209
209
209
209
209
209
195
139
111
83
76
208
208
208
208
201
19
207
207
207
207
207
207
200
137
116
74
206
206
206
206
206
206
206
199
80
66
205
205
205
205
205
205
191
184
142
142
135
204
204
197
197
141
99
203
203
203
203
182
140
91
202
202
202
202
202
202
202
195
188
132
139
76
34
201
201
194
194
138
138
200
200
200
200
200
193
137
123
81
199
199
199
199
199
199
199
199
192
136
198
198
135
128
128
114
197
197
197
197
197
197
197
197
190
183
169
71
106
196
196
196
189
63
195
195
195
195
48
194
194
194
180
180
124
96
26
193
193
193
193
192
192
192
192
185
115
59
45
45
80
191
191
191
191
191
191
184
177
128
107
190
190
190
190
183
64
189
189
189
126
119
126
49
42
188
188
174
125
118
111
104
48
90
187
187
187
187
187
187
187
187
187
187
180
124
117
110
103
96
89
186
186
172
158
151
46
185
185
185
185
185
185
122
122
87
59
73
94
52
184
184
170
121
121
72
183
183
183
162
155
120
99
85
57
182
182
182
182
182
182
182
175
161
147
119
49
181
181
174
167
160
104
76
48
62
180
180
180
180
180
180
180
180
180
180
180
173
166
159
152
117
110
19
179
179
179
179
179
172
109
81
46
39
178
178
178
178
178
178
178
171
164
108
80
52
94
31
24
177
177
177
100
176
176
176
162
99
92
175
175
175
175
168
168
168
174
167
160
153
139
104
97
69
41
173
173
173
173
173
173
152
152
103
103
19
172
172
172
165
151
144
102
102
39
171
171
171
171
171
171
171
171
171
164
164
157
157
108
80
45
170
170
170
170
170
163
149
107
93
44
169
169
169
169
169
169
169
169
162
99
99
92
168
168
168
168
168
168
168
168
168
161
154
147
105
105
91
77
63
167
167
167
104
34
166
166
166
166
96
54
26
165
165
151
95
164
164
164
164
164
164
164
157
157
136
94
31
45
163
163
163
163
163
163
156
128
100
100
86
107
58
162
162
162
162
162
162
155
99
92
92
71
64
22
161
98
84
56
49
14
42
160
160
160
160
83
83
34
34
27
27
159
159
159
159
159
145
138
89
75
26
19
158
158
158
158
151
95
116
88
74
67
32
25
157
157
157
157
157
157
87
80
59
31
17
52
156
156
156
156
93
79
30
30
30
16
155
155
155
141
92
92
85
29
22
43
154
147
91
28
21
21
153
153
153
153
153
146
139
139
152
152
152
152
152
152
138
82
82
82
82
19
19
12
151
151
151
151
151
88
53
25
150
150
150
150
150
143
24
24
149
149
149
149
149
149
149
65
65
51
44
37
148
148
148
148
148
148
148
148
141
141
113
85
22
22
22
22
15
147
147
147
147
147
140
56
21
14
14
35
146
146
146
146
139
83
76
55
20
20
20
20
145
145
145
117
82
68
68
47
40
12
144
144
144
144
144
137
137
130
102
74
74
60
81
18
18
18
11
143
143
143
143
143
143
143
143
143
143
80
80
45
17
142
142
142
142
142
142
142
142
142
72
65
65
51
16
16
16
37
141
141
141
141
141
141
120
78
78
78
36
140
140
140
77
70
63
14
14
14
139
139
139
139
139
118
104
76
76
55
138
138
138
138
138
131
75
75
61
12
137
137
137
137
137
137
116
102
74
74
67
67
67
60
60
11
11
11
136
136
136
136
136
136
136
136
129
129
73
66
135
135
135
135
135
135
135
128
128
72
72
65
51
51
44
134
134
134
134
134
134
134
127
120
64
64
43
36
133
133
133
133
133
133
133
133
133
133
91
132
132
132
132
132
132
132
132
132
132
132
125
125
118
62
48
41
131
131
131
131
131
131
131
131
131
124
68
54
54
130
130
130
130
130
130
130
123
67
60
53
53
39
32
129
129
129
129
129
129
129
122
115
66
66
66
52
128
128
128
128
128
121
121
93
65
58
51
30
127
127
127
127
127
127
127
127
120
113
106
92
64
64
64
50
43
29
126
126
126
126
126
126
126
56
56
125
125
125
125
125
125
125
125
125
125
118
111
62
62
55
48
124
124
124
124
124
117
61
61
54
54
54
47
40
33
33
123
123
123
123
123
123
116
116
88
60
60
60
53
53
122
122
122
122
122
122
122
122
122
115
108
59
52
38
121
121
121
121
114
58
58
58
37
120
120
120
120
120
120
120
120
120
120
120
120
113
57
43
36
22
119
119
119
119
119
119
119
119
119
119
119
112
49
49
118
118
118
111
55
48
41
34
34
117
117
117
117
117
117
117
117
117
117
110
110
54
54
54
54
75
40
33
33
33
26
116
116
116
116
116
116
116
116
116
116
116
109
109
95
53
53
46
46
46
46
39
32
25
115
115
115
108
108
101
52
52
45
38
114
114
114
114
114
114
114
114
107
100
51
51
37
30
113
113
113
113
113
113
113
113
113
50
50
43
43
36
36
36
29
29
29
50
22
112
112
112
112
112
112
112
112
112
112
105
105
77
49
49
49
42
63
35
35
35
21
21
111
111
111
111
111
111
111
111
111
104
104
104
83
48
41
34
34
110
110
110
110
110
110
110
40
40
40
33
33
109
109
109
109
109
109
109
102
95
46
46
32
32
32
46
108
108
108
108
108
108
101
73
45
45
38
38
38
24
45
107
107
107
100
93
93
44
44
44
44
44
37
37
23
106
106
106
106
106
106
99
99
92
43
43
43
43
43
36
36
105
105
105
105
105
105
105
105
105
98
98
98
84
42
42
42
35
35
21
21
104
104
104
104
104
41
41
41
34
34
27
103
103
103
103
103
103
103
96
96
82
40
40
40
33
33
26
19
12
102
102
102
102
102
102
95
95
95
39
39
32
32
32
32
32
25
18
101
101
101
101
94
94
87
73
38
38
38
38
31
24
24
24
24
24
24
24
17
100
100
100
100
100
100
100
100
93
93
37
37
30
30
23
23
23
23
99
99
99
99
99
99
99
99
99
36
36
36
36
36
29
22
22
43
98
98
98
98
98
98
98
98
98
98
35
35
35
35
35
35
35
28
28
28
35
97
97
97
97
97
90
90
83
34
34
34
27
27
27
20
20
96
96
96
96
96
96
96
96
96
96
96
96
96
96
89
89
89
33
33
26
26
26
26
26
26
19
19
19
19
33
95
95
95
95
95
95
95
88
88
88
88
32
32
32
32
25
25
25
25
18
94
94
94
94
94
94
94
94
94
94
87
31
31
24
24
24
17
17
17
17
93
93
93
86
65
30
30
30
30
23
23
23
23
16
16
16
92
92
92
92
92
92
92
92
85
29
29
29
29
29
22
22
91
91
91
91
91
91
91
91
91
84
28
28
21
21
21
21
21
21
90
90
90
90
90
90
90
90
83
76
27
27
27
27
27
27
27
20
20
20
20
20
20
20
13
89
89
89
89
89
89
89
89
89
89
89
89
89
82
82
82
82
75
26
26
26
26
26
19
19
19
19
40
88
88
88
88
88
88
88
88
88
88
88
81
81
25
25
25
25
25
25
25
25
25
18
18
18
18
18
11
87
87
87
87
87
87
87
87
80
24
24
24
24
24
24
24
24
17
17
17
17
17
17
17
17
17
10
10
86
86
86
86
86
86
86
86
86
79
79
23
23
23
23
23
23
23
23
16
16
16
16
16
16
85
85
85
85
85
85
85
85
85
85
85
85
85
71
22
22
22
22
22
22
22
22
22
22
22
22
22
22
15
15
15
15
15
15
15
15
84
84
84
84
84
84
84
84
84
84
84
84
84
77
21
21
21
21
21
21
21
21
21
21
21
21
21
21
21
21
21
14
14
14
14
83
83
83
83
83
83
83
76
69
20
20
20
20
20
20
20
13
13
13
13
13
13
82
82
82
82
82
82
82
82
82
82
82
75
75
19
19
19
19
19
19
19
19
19
19
19
12
12
12
81
81
81
81
81
81
81
81
81
81
81
81
74
18
18
18
18
18
18
18
18
18
18
18
18
18
18
18
18
18
18
18
18
18
18
18
18
18
18
11
11
11
32
80
80
80
80
80
80
80
80
80
80
80
73
73
17
17
17
17
17
17
17
17
17
17
17
17
17
17
17
17
17
17
17
17
17
17
10
10
10
79
79
79
79
79
79
79
79
79
79
79
79
79
72
16
16
16
16
16
16
16
16
16
16
16
16
16
16
16
16
16
16
16
16
16
16
78
78
78
78
78
78
78
78
78
78
78
78
71
64
15
15
15
15
15
15
15
15
15
15
15
15
15
15
15
15
15
15
15
15
15
15
15
15
15
15
15
15
15
15
29
77
77
77
77
77
77
77
77
77
70
70
70
42
14
14
14
14
14
14
14
14
14
14
14
14
14
14
14
14
14
14
14
14
14
14
14
14
14
14
14
14
14
14
14
14
14
14
14
14
14
14
14
14
14
76
76
76
76
76
76
76
76
41
13
13
13
13
13
13
13
13
13
13
13
13
13
13
13
13
13
13
13
13
13
13
13
13
13
13
13
13
13
13
13
13
13
13
75
75
75
75
75
75
75
75
75
68
12
12
12
12
12
12
12
12
12
12
12
12
12
12
12
12
12
12
12
12
12
12
12
12
12
12
12
12
12
12
12
12
12
74
74
74
74
74
74
74
74
74
74
74
74
74
60
11
11
11
11
11
11
11
11
11
11
11
11
11
11
11
11
11
11
11
11
11
11
11
11
11
11
11
11
11
11
11
11
11
11
11
73
73
73
73
73
73
73
73
73
73
66
52
10
10
10
10
10
10
10
10
10
10
10
10
10
10
10
10
10
10
10
10
10
10
10
10
10
10
10
10
10
10
10
10
10
10
10
10
10
72
72
72
72
72
72
72
72
72
72
72
72
71
71
71
71
71
71
71
71
71
71
64
64
64
70
70
70
70
70
70
70
70
70
70
70
70
69
69
69
69
69
69
69
69
69
69
69
69
69
68
68
68
68
68
68
68
68
61
61
61
54
67
67
67
67
67
67
67
66
66
66
66
66
66
66
66
66
66
66
66
66
59
65
65
65
65
65
65
65
65
65
65
65
65
65
65
65
65
64
64
64
64
64
64
64
64
64
64
64
64
64
64
64
64
64
64
64
64
63
63
63
63
63
63
63
63
63
63
63
63
62
62
62
62
62
62
62
62
62
62
62
62
62
62
62
55
55
55
61
61
61
61
61
61
61
61
61
61
61
61
61
61
54
60
60
60
60
60
60
60
60
60
60
60
60
60
60
60
60
60
60
60
60
60
53
53
59
59
59
59
59
59
59
59
59
59
59
59
59
52
52
58
58
58
58
58
58
58
58
58
58
58
58
58
51
37
57
57
57
57
57
57
57
57
57
57
57
57
57
57
50
56
56
56
56
56
56
56
56
56
56
56
56
56
56
55
55
55
55
55
55
55
55
55
55
55
55
55
55
48
54
54
54
54
54
54
54
54
54
54
54
54
54
54
54
53
53
53
53
53
53
53
53
53
53
53
53
53
52
52
52
52
52
52
52
52
52
52
52
52
52
52
52
45
51
51
51
51
51
51
51
51
51
51
51
44
44
50
50
50
50
50
50
50
50
50
50
50
50
50
50
50
50
43
49
49
49
49
49
49
49
49
49
49
42
35
48
48
48
48
48
48
48
47
47
47
47
47
47
40
46
46
46
46
45
45
45
45
38
44
44
44
44
44
44
44
44
43
43
43
43
43
43
42
42
42
42
35
41
41
41
41
41
40
40
40
40
40
39
39
39
39
39
38
38
38
37
37
37
36
35
35
34
33
33
