297
111
111
96
425047
92
66
64
62
50
142753
80784
51764
51450
38449
34228
34083
32945
32747
956
28152
27290
27811
26666
26211
22437
149
20194
20263
16468
18979
16155
15168
15694
15518
14664
13005
12873
12319
5573
12193
1480
11524
11998
11701
11282
10178
9981
10199
196
110
9466
9350
9034
8820
8689
3751
500
8282
8390
8215
7907
7977
7951
7885
135
760
7745
3094
7554
274
7592
7369
7527
7171
7073
6858
6974
6702
6805
6784
3439
6452
6377
433
94
5963
5986
5879
6137
5900
6012
6068
5773
5685
5688
5614
5755
5576
5573
5697
5495
5413
5436
5338
4155
5475
5300
5220
5322
1118
262
5097
431
5071
4937
75
318
4980
4813
5186
4699
4240
108
4687
4672
4746
4668
4727
4527
4500
4582
4354
4466
4502
4309
4307
4271
4344
4442
4342
4256
4213
4226
4141
4166
4051
4069
4048
4004
4083
3942
3984
764
4023
777
3734
3801
3770
3935
183
3707
3706
3680
3728
3604
3579
3613
3567
3440
3470
317
3440
1340
3379
3368
3371
3361
3198
3284
3246
3151
3137
3184
3132
3094
3074
3005
3066
3089
712
3068
3003
2969
2947
2976
2902
54
2904
748
2830
2797
1467
2764
2786
2812
2775
2769
2746
2855
2765
2763
2659
2700
908
2657
2652
2659
2612
2607
2592
2629
2592
2676
2440
2564
2545
1172
1957
2550
2527
2555
2534
2564
2544
2541
2483
2495
1172
2494
2493
2444
1576
2465
2400
2488
2369
603
2496
2404
246
2395
2331
2325
2350
2304
2377
902
2380
216
2302
2288
2320
1182
2271
2318
2300
2325
2356
2364
2270
2245
2233
2248
2230
2216
2244
898
2189
2193
2166
2153
2159
2121
2133
2173
2106
2106
2170
2104
332
2094
2094
2100
2055
2055
2056
2071
2041
2042
2020
2009
2020
2039
2031
1979
1974
2088
2033
2000
1982
1990
1935
1963
1939
1959
1964
1929
1938
1900
1910
1900
1899
1870
65
1920
176
1604
1874
1868
1852
1863
1866
1865
1890
1848
1852
1847
1839
1823
1834
1838
1847
1817
1790
1840
1814
294
1767
661
1764
1768
1782
1749
1758
1726
1752
1765
1719
1725
1708
1712
1713
1694
1713
1722
1718
1668
1687
1702
1660
1662
1664
1666
1729
1629
1622
308
1626
1621
1612
1622
1629
1607
1612
1620
1638
1593
1588
1594
1575
1577
429
1581
549
1577
1565
1571
1573
1556
1572
1573
1580
165
1546
1522
1529
1511
375
1506
1490
1162
1495
1519
1531
432
545
1473
1499
379
1425
1443
1433
1425
694
1464
1458
1436
1422
1427
1420
1402
1409
1422
1405
1408
1438
1412
1390
1425
1427
1401
1390
820
1381
1372
725
1416
1386
1402
1362
1369
1357
1370
1361
109
1360
1396
1362
1382
1348
1344
1352
1349
1334
1321
1321
1335
1326
1306
1304
1310
1307
1317
1291
1304
1290
1310
1274
1285
1275
1290
1268
1273
1285
1261
1261
1258
1250
1245
1261
1263
914
1248
1254
1248
1234
1264
1246
1258
157
1251
1225
1228
1230
1233
1230
1215
1215
1223
1230
1217
1223
1213
1215
1206
1208
1196
1225
1186
1195
1194
1179
1166
1176
1171
1163
1174
1164
1159
1179
1166
1160
1171
1151
1146
1145
1157
1138
1141
1131
1143
1136
1141
820
1121
1125
1115
1125
1008
1063
222
1107
1103
1114
1117
1109
1120
1132
1097
1103
1091
1098
1090
1094
1096
1087
1098
1091
1085
1083
1095
1124
1130
1074
1093
1105
1081
1074
1068
1059
1067
1061
1065
1050
1056
1054
1062
1046
1052
1050
1046
1066
1035
1037
31
1041
1042
154
1028
1030
998
1035
1018
1028
1023
1022
1011
1018
1023
998
1072
1013
1001
997
996
988
983
1007
974
1011
982
999
995
984
360
974
991
991
975
987
971
986
970
348
965
969
967
971
960
973
962
964
954
371
42
953
953
959
949
967
959
469
947
948
953
812
952
949
959
941
960
940
956
955
932
931
253
908
269
916
926
921
947
914
913
914
921
911
910
313
912
906
907
912
903
914
909
900
904
902
911
895
907
901
899
894
901
890
888
892
916
891
302
881
887
880
110
883
910
878
878
879
881
874
479
875
868
876
866
864
883
867
857
871
855
868
385
857
850
847
856
846
846
852
852
843
844
840
846
856
845
848
683
850
841
835
378
833
847
847
831
832
832
835
824
823
821
821
830
816
819
814
811
95
830
813
808
813
813
811
806
93
807
812
814
806
803
801
86
801
799
803
798
798
153
802
796
818
794
339
798
233
801
789
799
790
787
786
345
789
790
785
783
785
781
782
542
778
148
780
781
776
276
777
774
776
785
773
766
465
776
770
765
762
771
762
765
763
764
770
770
763
764
757
756
753
751
757
750
745
558
65
750
747
248
742
748
740
739
744
736
741
753
734
738
728
727
728
725
725
725
729
723
735
575
721
722
718
722
716
720
725
111
713
709
708
210
710
723
712
709
707
707
715
705
705
703
562
702
703
705
701
702
699
699
700
697
699
698
696
694
693
694
692
700
691
691
692
693
618
695
691
687
686
686
686
685
695
686
684
685
689
683
684
683
681
679
687
694
678
678
679
676
676
675
675
677
681
674
675
676
675
673
674
670
453
682
669
670
668
670
618
667
667
668
676
667
182
667
664
664
663
662
667
661
660
660
665
659
658
659
661
657
656
657
656
654
653
660
652
658
650
651
649
579
649
650
650
646
658
179
643
643
642
645
641
641
653
644
640
661
639
639
634
634
635
633
658
632
631
633
631
626
626
627
625
625
607
634
626
630
624
623
623
621
633
629
621
621
617
623
616
616
616
625
613
613
615
613
617
612
611
611
620
610
372
609
610
613
608
76
611
609
607
606
606
608
479
610
604
604
605
239
603
605
606
602
601
600
600
600
600
599
599
598
598
598
606
597
597
602
598
600
596
596
596
596
599
595
594
594
593
592
592
593
592
594
592
590
597
594
589
594
591
590
591
596
594
82
586
586
586
466
586
611
585
583
586
582
581
581
583
580
589
581
580
577
577
575
576
574
574
575
575
138
572
459
571
571
578
570
575
570
570
572
571
566
566
576
564
566
563
79
562
562
561
562
70
91
98
559
559
561
559
558
558
562
557
556
555
555
557
337
554
555
555
555
553
553
553
555
69
552
555
551
550
549
548
549
552
549
558
120
547
547
546
546
546
549
547
545
542
546
541
542
540
542
541
538
517
540
539
535
536
513
539
541
533
540
532
531
533
532
530
549
529
529
533
529
532
66
528
527
527
526
527
525
525
525
527
104
524
524
524
529
523
522
515
522
523
520
520
520
520
526
519
519
518
519
519
517
517
517
519
515
520
517
514
514
516
517
513
512
512
512
512
512
252
511
511
511
511
511
511
510
510
510
510
511
124
509
509
509
508
417
509
510
507
506
513
505
506
63
504
504
504
504
504
503
503
501
501
360
500
499
499
499
499
498
497
496
496
499
495
495
495
494
494
504
493
492
492
491
491
491
491
491
491
490
490
490
491
489
489
488
488
489
249
487
487
490
486
486
487
485
484
484
91
483
483
483
482
483
479
480
478
478
477
477
476
476
476
476
300
475
475
476
474
475
474
473
479
59
472
472
476
86
121
471
470
471
469
469
456
468
468
468
470
466
466
466
465
467
464
466
464
463
463
463
464
462
462
462
449
461
461
460
460
460
460
81
459
459
459
459
458
458
457
457
457
456
456
456
462
140
455
455
455
455
454
454
454
458
96
432
404
452
452
453
451
451
451
451
450
450
465
452
449
449
448
448
447
447
446
446
446
446
446
445
445
445
444
444
310
443
443
443
443
443
443
442
441
441
441
83
104
440
440
355
397
439
439
438
438
443
437
437
437
437
440
436
436
435
435
435
435
420
433
432
432
432
333
431
430
430
430
430
430
430
429
429
429
428
428
428
427
427
426
426
428
425
425
425
425
425
425
424
424
424
424
423
422
422
422
421
421
421
406
420
420
420
349
419
419
419
421
419
418
418
417
418
417
416
416
416
416
409
419
149
415
415
414
413
413
413
412
412
412
411
411
411
411
411
410
410
409
408
408
408
408
408
407
407
407
406
406
406
406
405
405
405
96
404
404
130
403
403
403
403
403
402
402
72
401
401
400
400
399
399
399
399
399
118
398
398
398
406
397
396
396
396
396
396
396
396
396
395
395
394
394
395
395
393
393
392
392
394
391
117
390
390
390
390
390
390
391
256
389
389
389
388
128
387
387
387
387
387
387
387
387
389
386
386
386
386
390
349
384
384
386
82
383
383
383
383
385
383
382
382
382
213
381
381
382
386
380
380
380
381
379
379
380
379
378
378
378
378
377
377
377
376
376
376
376
376
376
376
377
375
375
375
375
375
375
374
373
372
372
98
371
371
371
371
371
370
370
370
370
370
370
369
369
369
369
369
369
369
369
369
369
370
46
123
368
368
367
367
367
366
366
366
366
365
365
365
365
364
364
364
363
363
363
89
362
362
362
362
355
242
361
361
361
361
361
360
360
360
365
303
310
359
359
359
359
359
359
358
358
358
358
358
359
358
105
357
357
357
356
356
356
356
356
358
355
355
355
67
88
354
354
354
353
353
353
353
107
352
352
352
99
351
351
351
351
351
351
351
351
351
351
350
350
350
349
349
349
349
349
349
152
348
348
348
348
348
348
347
347
347
347
73
346
346
346
346
345
345
344
344
344
344
344
345
84
343
343
343
345
342
342
341
341
341
341
102
81
340
340
340
340
340
136
339
339
339
339
339
339
339
339
338
338
338
338
340
337
337
337
337
336
336
336
336
336
342
335
335
335
335
335
335
335
335
334
334
334
334
334
337
335
116
333
333
333
333
333
333
332
332
332
331
331
331
331
331
331
331
330
330
330
330
330
330
330
330
330
331
330
63
329
329
181
328
328
328
332
89
327
327
327
327
327
327
327
327
332
46
109
326
326
326
326
326
326
326
325
325
324
324
324
324
324
324
325
325
323
323
323
323
323
323
323
323
322
322
322
322
324
322
322
321
321
321
321
321
321
321
320
320
320
320
320
320
320
320
319
319
319
319
319
319
319
318
318
318
318
312
317
317
317
316
316
316
315
315
315
315
315
315
315
314
314
314
314
316
313
313
313
313
313
313
312
312
312
312
312
312
164
311
311
311
311
311
311
312
247
310
310
310
310
310
310
309
309
309
309
308
308
307
307
307
307
306
306
306
306
306
306
158
305
305
305
304
304
304
304
304
304
304
303
303
303
303
303
303
303
303
302
302
302
302
302
301
300
300
300
300
201
299
299
299
299
299
299
299
299
299
299
298
298
298
298
297
297
297
297
297
297
297
297
297
297
297
297
297
297
297
296
296
296
296
297
78
155
295
295
295
295
295
295
295
294
294
294
294
294
294
294
295
293
293
293
293
293
292
292
292
292
292
285
88
291
291
291
291
291
291
290
290
290
290
290
290
289
289
289
289
289
289
267
288
288
288
288
112
287
287
287
287
287
287
286
286
286
286
286
286
286
286
286
103
208
285
285
285
285
285
285
285
285
284
284
284
284
284
283
283
283
283
283
283
282
282
282
282
282
282
282
282
282
282
282
281
267
281
281
281
224
280
280
280
280
280
280
279
279
279
279
279
279
279
279
279
279
279
280
280
117
236
278
278
278
278
278
278
278
278
278
278
278
277
277
277
277
277
277
277
277
277
66
276
276
276
276
276
276
275
275
275
275
275
275
275
275
275
274
274
274
274
274
70
273
273
273
273
273
76
272
272
272
272
272
272
272
272
272
271
271
271
271
272
270
270
270
270
269
269
269
269
269
269
269
270
268
268
268
268
268
268
268
92
267
267
266
266
266
266
266
266
266
266
266
266
266
265
265
265
265
265
265
265
265
264
264
264
264
264
264
264
264
256
263
263
263
263
263
263
263
263
263
263
263
263
59
241
262
262
262
262
262
262
262
262
262
261
261
261
261
261
261
261
260
260
260
260
260
260
260
259
259
259
259
259
259
258
258
258
258
258
258
257
257
257
257
257
257
250
257
260
256
256
256
256
256
256
256
256
256
256
255
255
255
255
255
255
255
254
254
254
254
254
254
254
254
218
253
253
253
253
253
253
253
253
253
253
253
253
254
253
49
77
252
252
252
252
252
251
251
251
251
251
251
251
251
251
250
250
250
250
250
250
250
250
250
46
249
249
249
249
249
199
248
248
248
248
248
248
248
248
248
247
247
247
247
247
247
247
50
246
246
246
246
246
246
246
246
246
246
246
246
246
197
245
245
245
245
245
245
245
245
245
245
245
245
153
244
244
244
244
244
244
244
244
244
244
244
243
243
243
243
243
243
243
243
242
242
242
242
242
242
242
242
242
242
241
241
241
241
241
241
241
241
241
241
241
241
241
240
240
240
240
240
240
240
240
240
240
240
240
240
240
244
239
239
239
239
239
239
239
238
238
238
238
238
238
238
237
237
237
237
237
237
237
236
236
236
236
236
236
236
236
236
236
236
236
236
236
236
236
194
238
67
235
235
235
235
235
235
235
235
234
234
234
234
234
234
235
233
233
233
233
233
233
232
232
232
232
232
232
232
232
232
232
231
231
231
231
231
231
230
230
230
230
230
230
230
230
230
230
230
230
54
229
229
229
229
229
229
229
229
229
228
228
228
228
228
228
228
228
228
230
227
227
227
227
227
227
227
227
226
226
226
226
226
226
226
226
226
226
226
225
225
225
225
225
225
225
225
225
225
224
224
224
224
224
224
224
224
224
224
224
223
223
223
223
223
223
223
223
223
223
223
223
47
222
222
222
222
222
222
222
222
222
222
222
222
222
222
222
222
221
221
221
221
221
221
221
221
221
221
221
221
220
220
220
220
220
220
220
220
220
220
220
220
220
220
220
212
219
219
219
219
219
219
219
219
219
219
219
219
219
218
211
218
218
218
218
218
218
217
217
217
217
217
217
217
217
217
217
210
217
217
217
217
217
216
216
216
216
216
216
216
216
216
216
216
125
215
215
215
215
215
215
215
215
215
215
215
215
215
214
214
214
214
214
214
214
214
214
214
214
214
214
214
150
213
213
213
213
213
213
213
213
213
213
213
213
184
212
212
212
212
212
212
212
212
212
212
212
212
212
212
212
212
156
211
211
211
211
211
211
211
211
211
211
211
211
77
210
210
210
210
210
210
210
210
210
210
210
210
210
210
210
210
209
209
209
209
209
209
209
209
209
209
209
209
209
209
209
209
201
96
208
208
208
208
208
208
208
208
208
208
208
208
208
208
208
208
208
208
208
208
207
207
207
207
207
207
207
207
207
207
207
206
206
206
206
206
206
206
206
206
206
206
206
206
206
206
206
206
199
205
205
205
205
205
205
205
205
205
205
205
205
205
205
205
205
205
205
204
204
204
204
204
204
204
204
204
204
204
204
203
203
203
203
203
203
203
203
203
202
202
202
202
202
202
202
202
202
202
202
202
202
201
201
201
201
201
201
201
201
201
201
201
201
201
201
201
200
200
200
200
200
200
200
200
200
199
199
199
199
199
199
199
199
199
199
199
199
199
199
199
199
199
199
199
199
199
198
198
198
198
198
198
198
198
198
198
198
198
198
198
198
198
198
198
198
198
198
198
197
190
197
197
197
197
197
197
197
197
197
197
197
197
197
182
196
196
196
196
196
196
196
196
196
196
196
196
196
196
133
195
195
195
195
195
195
195
195
195
195
195
194
194
194
194
194
194
194
194
194
194
194
194
194
194
194
194
194
193
193
193
193
193
193
193
193
193
193
193
193
193
193
193
193
193
192
192
192
192
192
192
192
192
192
192
108
191
191
191
191
191
191
191
191
191
191
191
191
114
190
190
190
190
190
190
190
190
190
190
190
190
190
190
190
190
190
43
189
189
189
189
189
189
189
189
189
189
189
189
189
189
189
189
189
63
188
188
188
188
188
188
188
188
188
188
188
188
188
188
188
188
188
188
188
188
187
187
187
187
187
187
187
187
187
187
187
187
187
187
187
187
187
187
187
187
187
173
186
186
186
186
186
186
186
186
186
186
186
186
186
186
186
186
185
185
185
185
185
185
185
185
185
185
185
185
185
185
185
185
185
185
184
184
184
184
184
184
184
184
184
184
184
184
184
184
184
184
184
184
184
184
184
184
184
183
183
183
183
183
183
183
183
183
183
183
183
183
183
183
183
183
183
183
176
182
182
182
182
182
182
182
182
182
175
181
181
181
181
181
181
181
181
181
181
181
181
181
181
181
181
181
181
181
181
104
180
180
180
152
180
180
180
180
180
180
180
180
180
159
179
179
179
179
179
179
179
179
179
179
179
179
179
179
179
179
179
179
179
179
179
179
179
178
178
178
178
178
178
178
178
178
178
178
178
178
178
101
177
177
177
177
177
177
177
177
177
177
177
177
177
177
177
177
177
177
177
177
177
177
177
176
176
176
176
176
176
176
176
176
176
176
176
176
176
176
175
175
175
175
175
175
175
175
175
175
175
175
175
174
174
174
174
174
174
174
174
174
174
174
174
167
174
174
174
174
174
173
173
173
173
173
173
173
173
173
173
173
173
173
173
173
173
173
173
173
173
173
173
173
173
173
172
172
172
172
172
172
172
172
172
172
172
171
171
171
171
171
171
171
171
171
171
171
171
171
170
170
170
170
170
170
170
170
170
170
170
170
170
170
170
170
170
170
170
170
170
170
170
170
169
169
169
169
169
169
169
169
169
169
85
168
168
168
168
168
168
168
168
168
168
168
168
168
168
167
167
167
167
167
167
167
167
167
167
167
167
167
167
167
167
69
166
166
166
166
166
166
166
166
166
166
166
166
166
166
166
166
166
54
165
165
165
165
165
165
165
165
165
165
165
165
165
165
165
165
165
165
165
164
164
164
164
164
164
164
164
164
164
164
164
164
164
164
163
163
163
163
163
163
163
163
163
163
163
163
163
163
163
163
163
162
162
162
162
162
162
162
162
162
162
162
162
162
162
161
161
161
161
161
161
161
161
161
161
161
161
161
161
161
161
161
161
161
161
161
161
161
161
161
161
161
161
160
160
160
160
160
160
160
160
160
160
160
160
160
160
160
160
160
160
160
160
160
160
160
159
159
159
159
159
159
159
159
159
159
159
159
159
159
159
159
159
159
159
158
158
158
158
158
158
158
158
158
158
158
158
158
158
158
158
158
158
158
158
158
158
158
157
157
157
157
157
157
157
157
157
157
157
157
157
157
157
157
157
157
157
156
156
156
156
156
156
156
156
156
156
156
156
156
156
156
156
156
156
135
155
155
155
155
155
155
155
155
155
155
155
155
155
155
155
155
155
155
155
155
43
154
154
154
154
154
154
154
154
154
154
154
154
154
154
154
154
154
154
154
154
154
154
154
154
154
153
153
153
153
153
153
153
153
153
153
153
153
153
153
153
153
153
153
153
153
153
153
153
118
152
152
152
152
152
152
152
152
152
152
152
152
152
152
152
152
152
152
152
151
151
151
151
151
151
151
151
151
151
151
151
151
151
151
151
151
151
151
151
151
151
150
150
150
150
150
150
150
150
150
150
150
150
150
150
150
150
150
150
150
150
150
150
150
115
149
149
149
149
149
149
149
149
149
149
149
149
149
149
149
149
149
149
149
149
149
149
149
149
149
149
149
149
148
148
148
148
148
148
148
148
148
148
148
148
148
148
148
148
57
147
147
147
147
147
147
147
147
147
147
147
147
147
147
147
147
147
147
147
147
147
105
63
146
146
146
146
146
146
146
146
146
146
146
146
146
146
146
146
146
146
146
146
146
146
146
146
146
146
146
146
146
146
146
145
145
145
145
145
145
145
145
145
145
145
145
145
145
145
145
145
145
145
145
145
145
145
145
145
145
145
145
145
145
145
145
145
145
144
144
144
144
144
144
144
144
144
144
144
144
144
144
144
144
144
144
144
144
144
144
144
144
144
144
144
144
144
144
144
130
74
143
143
143
143
143
143
143
143
143
143
143
143
143
143
143
143
143
143
143
143
143
143
143
143
143
143
143
143
143
143
143
143
143
143
143
143
143
143
143
143
142
142
142
142
142
142
142
142
142
142
142
142
142
142
142
142
142
142
142
142
142
142
142
142
86
51
141
141
141
141
141
141
141
141
141
141
141
141
141
141
141
141
141
141
141
140
140
140
140
140
140
140
140
140
140
140
140
140
140
140
140
140
140
140
140
140
140
140
140
140
139
139
139
139
139
139
139
139
139
139
139
139
139
139
139
139
139
139
139
139
139
139
139
139
138
138
138
138
138
138
138
138
138
138
138
138
138
138
138
138
138
138
138
138
138
138
138
138
138
138
138
138
138
138
137
137
137
137
137
137
137
137
137
137
137
137
137
137
137
137
137
137
137
137
137
137
137
137
137
136
136
136
136
136
136
136
136
136
136
136
136
136
136
136
136
136
136
136
136
129
136
136
136
135
135
135
135
135
135
135
135
135
135
135
135
135
135
135
135
135
135
135
135
135
135
135
135
135
135
135
135
135
135
135
135
135
135
135
134
134
134
134
134
134
134
134
134
134
134
134
134
134
134
134
134
134
134
134
134
134
134
134
134
134
134
134
127
134
134
135
133
133
133
133
133
133
133
133
133
133
133
133
133
133
133
133
133
133
133
133
133
133
133
133
133
133
133
132
132
132
132
132
132
132
132
132
132
132
132
132
132
132
132
132
132
132
132
132
132
132
132
132
132
132
132
132
132
132
131
131
131
131
131
131
131
131
131
131
131
131
131
131
131
131
131
131
131
131
131
131
131
131
131
131
131
82
130
130
130
130
130
130
130
130
130
130
130
130
130
130
130
130
130
130
130
130
130
130
130
130
129
129
129
129
129
129
129
129
129
129
129
129
129
129
129
129
129
129
129
129
129
129
129
129
129
129
129
129
129
129
129
129
129
129
80
128
128
128
128
128
128
128
128
128
128
128
128
128
128
128
128
128
128
128
128
128
128
128
128
128
128
128
128
127
127
127
127
127
127
127
127
127
127
127
127
127
127
127
127
127
127
127
127
127
127
120
127
127
127
127
126
126
126
126
126
126
126
126
126
126
126
126
126
126
126
126
126
126
126
126
126
126
126
126
126
126
126
126
126
126
126
126
126
125
125
125
125
125
125
125
125
125
125
125
125
125
125
125
125
125
125
125
125
125
125
125
125
125
125
125
125
125
125
125
125
124
124
124
124
124
124
124
124
124
124
124
124
124
124
124
124
124
124
124
124
124
124
124
124
124
124
124
124
124
124
124
124
124
124
124
123
123
123
123
123
123
123
123
123
123
123
123
123
123
123
123
123
123
123
123
123
123
123
123
123
123
123
123
123
123
123
123
123
123
123
123
123
123
123
123
123
123
123
123
123
122
122
122
122
122
122
122
122
122
122
122
122
122
122
122
122
122
122
122
122
122
122
122
122
122
122
122
122
122
122
121
121
121
121
121
121
121
121
121
121
121
121
121
121
121
121
121
121
121
121
121
121
121
121
121
121
121
121
121
121
121
114
120
120
120
120
120
120
120
120
120
120
120
120
120
120
120
120
120
120
120
120
120
120
120
120
120
120
120
120
120
120
120
120
120
120
120
120
120
120
120
120
120
120
120
120
119
119
119
119
119
119
119
119
119
119
119
119
119
119
119
119
119
119
119
119
119
119
119
119
119
119
119
119
119
119
119
105
118
118
118
118
118
118
118
118
118
118
118
118
118
118
118
118
118
118
118
118
118
118
118
118
118
118
118
118
118
118
118
118
118
118
118
48
117
117
110
117
117
117
117
117
117
117
117
117
117
117
117
117
117
117
117
117
117
117
117
117
117
117
117
117
117
117
117
117
117
117
117
117
117
117
117
117
116
116
116
116
116
116
116
116
116
116
116
116
116
116
116
116
116
116
116
116
116
116
116
116
116
116
116
116
116
116
116
116
116
116
116
116
116
116
116
116
116
116
116
116
116
39
115
115
115
115
115
115
115
115
115
115
115
115
115
115
115
115
115
115
115
115
115
115
115
115
115
115
115
115
115
115
114
114
114
114
114
114
114
114
114
114
114
114
114
114
114
114
114
114
114
114
114
114
114
114
114
114
114
114
114
114
114
114
114
114
114
114
114
113
113
113
113
113
113
113
113
113
113
113
113
113
113
113
113
113
113
113
113
113
113
113
113
113
113
50
112
112
112
112
112
112
112
112
112
112
112
112
112
112
112
112
112
112
112
112
112
112
112
112
112
112
112
112
112
112
112
112
112
112
111
111
111
111
111
111
111
111
111
111
111
111
111
111
111
111
111
111
111
111
111
111
111
111
111
111
111
111
111
111
111
111
110
110
110
110
110
110
110
110
110
110
110
110
110
110
110
110
110
110
110
110
110
110
110
110
110
110
110
110
110
110
110
109
109
109
109
109
109
109
109
109
109
109
109
109
109
109
109
109
109
109
109
109
109
109
109
109
109
109
109
109
109
109
109
109
109
109
109
109
108
108
108
108
108
108
108
108
108
108
108
108
108
108
108
108
108
108
108
108
108
108
108
108
108
108
108
108
108
108
108
108
108
108
108
108
108
108
108
108
108
108
108
108
107
107
107
107
107
107
107
107
107
107
107
107
107
107
107
107
107
107
107
107
100
107
107
107
107
107
107
107
107
107
107
107
107
107
107
107
107
107
107
107
107
107
107
106
106
106
106
106
106
106
106
106
106
106
106
106
106
106
106
106
106
106
106
106
106
106
106
106
106
106
106
106
106
106
106
106
106
106
106
106
106
106
106
106
106
106
105
105
105
105
105
105
105
105
105
105
105
105
105
105
105
105
105
105
105
105
105
105
105
105
105
105
105
105
105
105
105
105
105
105
105
105
105
104
104
104
104
104
104
104
104
104
104
104
104
104
104
104
104
104
104
104
104
104
104
104
104
104
104
104
104
104
104
104
104
104
104
104
103
103
103
103
103
103
103
103
103
103
103
103
103
103
103
103
103
103
103
103
103
103
103
103
103
103
103
103
103
103
103
103
103
103
103
103
103
103
103
82
102
102
102
102
102
102
102
102
102
102
102
102
102
102
102
102
102
102
102
102
102
102
102
102
102
102
102
102
102
102
102
102
102
102
102
102
102
102
102
102
102
101
101
101
101
101
101
101
101
101
101
101
101
101
101
101
101
101
101
101
101
101
101
101
101
101
101
101
101
101
101
101
101
101
101
101
101
101
101
101
101
100
100
100
100
100
100
100
100
100
100
100
100
100
100
100
100
100
100
100
100
100
100
100
100
100
100
100
100
100
100
100
100
100
100
100
100
100
99
99
99
99
99
99
99
99
99
99
99
99
99
99
99
99
99
99
99
99
99
99
99
99
99
99
99
99
99
99
99
99
99
99
99
99
99
99
99
98
98
98
98
98
98
98
98
98
98
98
98
98
98
98
98
98
98
98
98
98
98
98
98
98
98
98
98
98
98
98
98
98
98
98
98
98
98
98
98
98
97
97
97
97
97
97
97
97
97
97
97
97
97
97
97
97
97
97
97
97
97
97
97
97
97
97
97
97
97
97
97
97
97
97
97
97
97
97
97
48
96
96
96
96
96
96
96
96
96
96
96
96
96
96
96
96
96
96
96
96
96
96
96
96
96
96
96
96
96
96
96
96
96
96
96
96
96
96
96
96
96
96
96
96
96
96
96
82
95
95
95
95
95
95
95
95
95
95
95
95
95
95
95
95
95
95
95
95
95
95
95
95
95
95
95
95
95
95
95
95
95
95
95
95
95
95
95
95
95
95
67
94
94
94
94
94
94
94
94
94
94
94
94
94
94
94
94
94
94
94
94
94
94
94
94
94
94
94
94
94
94
94
94
94
94
94
94
94
94
93
93
93
93
93
93
93
93
93
93
93
93
93
93
93
93
93
93
93
93
93
93
93
93
93
93
93
93
93
93
93
93
93
93
93
93
93
93
93
93
93
93
92
92
92
92
92
92
92
92
92
92
92
92
92
92
92
92
92
92
92
92
92
92
92
92
92
92
92
92
92
92
92
92
92
92
92
92
92
92
92
92
92
92
92
92
92
92
92
92
92
92
92
92
92
92
92
92
92
92
92
92
92
92
92
91
91
91
91
91
91
91
91
91
91
91
91
91
91
91
91
91
91
91
91
91
91
91
91
91
91
91
91
91
91
91
91
91
91
91
91
91
91
91
91
91
91
91
91
91
91
91
91
91
91
91
91
91
90
90
90
90
90
90
90
90
90
90
90
90
90
90
90
90
90
90
90
90
90
90
90
90
90
90
90
90
90
90
90
90
90
90
90
90
90
90
90
90
90
90
90
90
90
90
90
89
89
89
89
89
89
89
89
89
89
89
89
89
89
89
89
89
89
89
89
89
89
89
89
89
89
89
89
89
89
89
89
89
89
89
89
89
89
89
89
89
89
89
89
89
89
89
89
89
89
89
88
88
88
88
88
88
88
88
88
88
88
88
88
88
88
88
88
88
88
88
88
88
88
88
88
88
88
88
88
88
88
88
88
88
88
88
88
88
88
88
88
88
88
88
88
88
88
88
88
88
88
87
87
87
87
87
87
87
87
87
87
87
87
87
87
87
87
87
87
87
87
87
87
87
87
87
87
87
87
87
87
87
87
87
87
87
87
87
87
87
87
87
87
87
87
87
87
87
87
87
87
87
87
87
87
87
87
87
87
87
87
87
87
101
86
86
86
86
86
86
86
86
86
86
86
86
86
86
86
86
86
86
86
86
86
86
86
86
86
86
86
86
86
86
86
86
86
86
86
86
86
86
86
86
86
86
86
86
86
86
86
86
86
86
85
85
85
85
85
85
85
85
85
85
85
85
85
85
85
85
85
85
85
85
85
85
85
85
85
85
85
85
85
85
85
85
85
85
85
85
85
85
85
85
85
85
85
85
85
85
85
85
85
85
85
85
85
85
85
85
85
85
85
57
84
84
84
84
84
84
84
84
84
84
84
84
84
84
84
84
84
84
84
84
84
84
84
84
84
84
84
84
84
84
84
84
84
84
84
84
84
84
84
84
84
84
84
84
84
84
84
84
84
84
84
84
83
76
83
83
83
83
83
83
83
83
83
83
83
83
83
83
83
83
83
83
83
83
83
83
83
83
83
83
83
83
83
83
83
83
83
83
83
83
83
83
83
83
83
83
83
83
83
83
83
83
83
83
83
83
83
82
82
82
82
82
82
82
82
82
82
82
82
82
82
82
82
82
82
82
82
82
82
82
82
82
82
82
82
82
82
82
82
82
82
82
82
82
82
82
82
82
82
82
82
82
82
82
82
82
82
82
82
82
82
82
82
82
82
82
82
82
82
82
47
81
81
81
81
81
81
81
81
81
81
81
81
81
81
81
81
81
81
81
81
81
81
81
81
81
81
81
81
81
81
81
81
81
81
81
81
81
81
81
81
81
81
81
81
81
81
81
81
81
81
81
81
81
81
81
81
81
81
81
81
81
80
80
80
80
80
80
80
80
80
80
80
80
80
80
80
80
80
80
80
80
80
80
80
80
80
80
80
80
80
80
80
80
80
80
80
80
80
80
80
80
80
80
80
80
80
80
80
80
80
80
80
80
80
80
80
79
79
79
79
79
79
79
79
79
79
79
79
79
79
79
79
79
79
79
79
79
79
79
79
79
79
79
79
79
79
79
79
79
79
79
79
79
79
79
79
79
79
79
79
79
79
79
79
79
79
51
78
78
78
78
78
78
78
78
78
78
78
78
78
78
78
78
78
78
78
78
78
78
78
78
78
78
78
78
78
78
78
78
78
78
78
78
78
78
78
78
78
78
78
78
78
78
78
78
78
78
78
78
78
78
77
77
77
77
77
77
77
77
77
77
77
77
77
77
77
77
77
77
77
77
77
77
77
77
77
77
77
77
77
77
77
77
77
77
77
77
77
77
77
77
77
77
77
77
77
77
77
77
77
77
77
77
77
77
77
70
76
76
76
76
76
76
76
76
76
76
76
76
76
76
76
76
76
76
76
76
76
76
76
76
76
76
76
76
76
76
76
76
76
76
76
76
76
76
76
76
76
76
76
76
76
76
76
76
76
76
76
76
76
76
76
76
76
76
76
76
76
75
75
75
75
75
75
75
75
75
75
75
75
75
75
75
75
75
75
75
75
75
75
75
75
75
75
75
75
75
75
75
75
75
75
75
75
75
75
75
75
75
75
75
75
75
75
75
75
75
75
75
75
75
75
75
75
75
75
75
75
75
75
75
75
75
75
75
75
75
75
75
75
75
75
75
75
74
74
74
74
74
74
74
74
74
74
74
74
74
74
74
74
74
74
74
74
74
74
74
74
74
74
74
74
74
74
74
74
74
74
74
74
74
74
74
74
74
74
74
74
74
74
74
74
74
74
74
74
74
73
73
73
73
73
73
73
73
73
73
73
73
73
73
73
73
73
73
73
73
73
73
73
73
73
73
73
73
73
73
73
73
73
73
73
73
59
73
73
73
73
73
73
73
73
73
73
73
73
73
73
73
73
73
73
73
73
73
73
73
73
73
73
73
73
72
72
72
72
72
72
72
72
72
72
72
72
72
72
72
72
72
72
72
72
72
72
72
72
72
72
72
72
72
72
72
72
72
72
72
72
72
72
72
72
72
72
72
72
72
72
72
72
72
72
72
72
72
72
72
72
72
72
72
72
72
72
72
72
72
72
72
72
72
72
72
72
72
72
72
72
71
71
71
71
71
71
71
71
71
71
71
71
71
71
71
71
71
71
71
71
71
71
71
71
71
71
71
71
71
71
71
71
71
71
71
71
71
71
71
71
71
71
71
71
71
71
71
71
71
71
71
71
71
71
71
71
71
71
70
70
70
70
70
70
70
70
70
70
70
70
70
70
70
70
70
70
70
70
70
70
70
70
70
70
70
70
70
70
70
70
70
70
70
70
70
70
70
70
70
70
70
70
70
70
70
70
70
70
70
70
70
70
70
70
70
70
70
69
69
69
69
69
69
69
69
69
69
69
69
69
69
69
69
69
69
69
69
69
69
69
69
69
69
69
69
69
69
69
69
69
69
69
69
69
69
69
69
69
69
69
69
69
69
69
69
69
69
69
69
69
69
69
69
68
68
68
68
68
68
68
68
68
68
68
68
68
68
68
68
68
68
68
68
68
68
68
68
68
68
68
68
68
68
68
68
68
68
68
68
61
68
68
68
68
68
68
68
68
68
68
68
68
68
68
68
68
68
68
68
68
68
68
68
68
68
68
68
67
67
67
67
60
67
67
67
67
67
67
67
67
67
67
67
67
67
67
67
67
67
67
67
67
67
67
67
67
67
67
67
67
67
67
67
67
67
67
67
67
67
67
67
67
67
67
67
67
67
67
67
67
67
67
67
67
67
67
67
67
67
67
67
67
67
67
67
67
67
66
66
66
66
66
66
66
66
66
66
66
66
66
66
66
66
66
66
66
66
66
66
66
66
66
66
66
66
66
66
66
66
66
66
66
66
66
66
66
66
66
66
66
66
66
66
66
66
66
66
66
66
66
66
66
66
66
66
66
66
66
66
66
66
66
66
65
65
51
65
65
65
65
65
65
65
65
65
65
65
65
65
65
65
65
65
65
65
65
65
65
65
65
65
65
65
65
65
65
65
65
65
65
65
65
65
65
65
65
65
65
65
65
65
65
65
65
65
65
65
65
65
65
65
65
65
65
65
65
65
65
65
64
64
64
64
64
64
64
64
64
64
64
64
64
64
64
64
64
64
64
64
64
64
64
64
64
64
64
64
64
64
64
64
64
64
64
64
64
64
64
64
64
64
64
64
64
64
64
64
64
64
64
64
64
64
64
64
64
64
64
64
64
64
64
64
64
64
64
64
64
64
63
63
63
63
63
63
63
63
63
63
63
63
63
63
63
63
63
63
63
63
63
63
63
63
63
63
63
63
63
63
63
63
63
63
63
63
63
63
63
63
63
63
63
63
63
63
63
63
63
63
63
63
63
63
63
63
63
63
63
63
63
63
63
63
63
62
62
62
62
62
62
62
62
62
62
62
62
62
62
62
62
62
62
62
62
62
62
62
62
62
62
62
62
62
62
62
62
62
62
62
62
62
62
62
62
62
62
62
62
62
62
62
62
62
62
62
62
62
62
62
62
62
62
61
61
61
61
61
61
61
61
61
61
61
61
61
61
61
61
61
61
61
61
61
61
61
61
61
61
61
61
61
61
61
61
61
61
61
61
61
61
61
61
61
61
61
61
61
61
61
61
61
61
61
61
61
61
61
61
61
61
61
61
61
61
61
61
61
61
61
61
60
60
60
60
60
60
60
60
60
60
60
60
60
60
60
60
60
60
60
60
60
60
60
60
60
60
60
60
60
60
60
60
60
60
60
60
60
60
60
60
60
60
60
60
60
60
60
60
60
60
60
60
60
60
60
60
60
60
60
60
60
60
60
60
60
60
60
60
60
60
60
59
59
59
59
59
59
59
59
59
59
59
59
59
59
59
59
59
59
59
59
59
59
59
59
59
59
59
59
59
59
59
59
59
59
59
59
59
59
59
59
59
59
59
59
59
59
59
59
59
59
59
59
59
59
59
59
59
59
59
59
59
59
59
59
59
59
59
58
58
58
58
58
58
58
58
58
58
58
58
58
58
58
58
58
58
58
58
58
58
58
58
58
58
58
58
58
58
58
58
58
58
58
58
58
58
58
58
58
58
58
58
58
58
58
58
58
58
58
58
58
58
58
58
58
58
58
58
58
58
58
58
58
58
58
58
58
58
58
58
58
58
58
58
58
57
57
57
57
57
57
57
57
57
57
57
57
57
57
57
57
57
57
57
57
57
57
57
57
57
57
57
57
57
57
57
57
57
57
57
57
57
57
57
57
57
57
57
57
57
57
57
57
57
57
57
57
57
57
57
57
57
57
57
57
57
57
57
57
57
57
57
57
57
57
57
56
56
35
56
56
56
56
56
56
56
56
56
56
56
56
56
56
56
56
56
56
56
56
56
56
56
56
56
56
56
56
56
56
56
56
56
56
56
56
56
56
56
56
56
56
56
56
56
56
56
56
56
56
56
56
56
56
56
56
56
56
56
56
56
56
56
56
56
56
56
56
56
56
56
56
56
56
56
55
55
55
55
55
55
55
55
55
55
55
55
55
55
55
55
55
55
55
55
55
55
55
55
55
55
55
55
55
55
55
55
55
55
55
55
55
55
55
55
55
55
55
55
55
55
55
55
55
55
55
55
55
55
55
55
55
55
55
55
55
55
55
55
55
55
55
54
54
54
54
54
54
54
54
54
54
54
54
54
54
54
54
54
54
54
54
54
54
54
54
54
54
54
54
54
54
54
54
54
54
54
54
54
54
54
54
54
54
54
54
54
54
54
54
54
54
54
54
54
54
54
54
54
54
54
54
54
54
54
54
54
54
54
54
54
54
54
54
54
54
54
54
54
54
54
54
54
54
54
54
53
53
53
53
53
53
53
53
53
53
53
53
53
53
53
53
53
53
53
53
53
53
53
53
53
53
53
53
53
53
53
53
53
53
53
53
53
53
53
53
53
53
53
53
53
53
53
53
53
53
53
53
53
53
53
53
53
53
53
53
53
53
53
53
53
53
53
53
53
53
53
53
53
53
52
52
52
52
52
52
52
52
52
52
52
52
52
52
52
52
52
52
52
52
52
52
52
52
52
52
52
52
52
52
52
52
52
52
52
52
52
52
52
52
52
52
52
52
52
52
52
52
52
52
52
52
52
52
52
52
52
52
52
52
52
52
52
52
52
52
52
52
52
51
51
51
51
51
51
51
51
51
51
51
51
51
51
51
51
51
51
51
51
51
51
51
51
51
51
51
51
51
51
51
51
51
51
51
51
51
51
51
51
51
51
51
51
51
51
51
51
51
51
51
51
51
51
51
51
51
51
51
51
51
51
51
51
51
51
51
51
51
51
51
51
51
51
51
51
51
51
50
50
50
50
50
50
50
50
50
50
50
50
50
50
50
50
50
50
50
50
50
50
50
50
50
50
50
50
50
50
50
50
50
50
50
50
50
50
50
50
50
50
50
50
50
50
50
50
50
50
50
50
50
50
50
50
50
50
50
50
50
50
49
49
49
49
49
49
49
49
49
49
49
49
49
49
49
49
49
49
49
49
49
49
49
49
49
49
49
49
49
49
49
49
49
49
49
49
49
49
49
49
49
49
49
49
49
49
49
49
49
49
49
49
49
49
49
49
49
49
49
49
49
48
48
48
48
48
48
48
48
48
48
48
48
48
48
48
48
48
48
48
48
48
48
48
48
48
48
48
48
48
48
48
48
48
48
48
48
48
48
48
48
48
48
48
48
48
48
48
48
48
48
48
48
48
47
47
47
47
47
47
47
47
47
47
47
47
47
47
47
47
47
47
47
47
47
47
47
47
47
47
47
47
47
47
47
47
47
47
47
47
47
47
47
47
47
47
47
47
47
47
47
47
47
47
47
47
47
47
47
47
47
47
46
46
46
46
46
46
46
46
46
46
46
46
46
46
46
46
46
46
46
46
46
46
46
46
46
46
46
46
46
46
46
46
46
46
46
46
46
46
46
46
46
46
46
46
46
46
46
46
46
45
45
45
45
45
45
45
45
45
45
45
45
45
45
45
45
45
45
45
45
45
45
45
45
45
45
45
45
45
45
45
45
45
45
45
45
45
45
45
45
45
45
45
45
45
45
45
45
44
44
44
44
44
44
44
44
44
44
44
44
44
44
44
44
44
44
44
44
44
44
44
44
44
44
44
44
44
44
44
44
44
44
44
44
44
44
44
44
44
43
43
43
43
43
43
43
43
43
43
43
43
43
43
43
43
43
43
43
43
43
43
43
43
43
43
43
43
42
42
42
42
42
42
42
42
42
42
42
42
42
42
42
42
42
42
42
42
42
42
42
42
42
42
42
42
42
42
42
42
41
41
41
41
41
41
41
41
41
41
41
41
41
41
41
41
41
41
41
41
41
41
41
41
40
40
40
40
40
40
40
40
40
40
40
40
40
40
40
40
40
40
40
39
39
39
39
39
39
39
39
39
39
39
39
39
39
39
39
39
39
39
39
39
39
39
39
39
38
38
38
38
38
38
37
37
37
37
37
37
37
37
36
36
36
36
36
36
35
35
35
35
35
35
34
34
34
33
33
32
31
30
