93555
60983
26112
19154
13586
10013
9454
9324
8893
8682
7118
6843
6810
6600
5973
5359
4860
4586
4391
3852
3838
3661
3657
3638
3576
3421
3275
3190
3050
2993
2890
2867
2835
2576
2531
2648
2350
2251
2155
1981
1977
1792
1754
6822459
1655
1584
1574
1574
1557
1537
1534
1532
1490
1457
1411
1314
1285
1275
1255
1244
1238
1204
1202
1157
1116
1110
1090
1076
1040
1038
1013
997
996
988
969
964
904
848
814
802
785
766
753
728
726
708
704
685
680
678
675
669
661
656
651
645
644
643
641
629
624
623
618
617
612
595
590
590
584
582
567
562
560
551
534
529
6051
525
524
521
520
513
512
509
500
494
491
487
480
478
475
467
461
455
437
436
435
433
432
427
423
418
418
412
409
407
403
401
401
401
1507963
393
1353477
392
389
388
387
385
385
385
380
379
379
377
374
374
373
371
368
360
359
354
353
350
350
52517
339
334
330
329
326
322
318
317
317
313
311
12030
303
301
300
298
290
290
290
284
284
283
281
280
278
277
267
266
265
263
261
259
257
256
256
256
255
254
251
248
245
243
240
238
237
235
235
234
234
234
232
230
230
229
228
228
227
227
227
662
225
225
224
224
223
222
222
222
221
220
219
219
218
890266
216
216
215
215
215
214
214
214
213
213
212
207
206
206
206
203
200
199
198
197
197
196
195
191
190
189
186
183
183
182
181
180
179
178
176
175
175
174
174
173
172
172
171
170
169
169
166
165
165
164
163
163
162
162
162
162
161
161
161
160
715
159
159
159
158
158
158
154
153
151
151
150
149
148
148
148
148
147
145
145
145
145
143
143
142
142
142
141
141
140
139
137
137
136
135
133
132
131
131
131
130
129
129
128
127
127
127
126
125
125
124
123
123
123
123
123
123
122
121
120
120
119
118
118
117
116
115
115
115
115
114
114
114
113
113
113
113
113
112
110
3569
179
107
107
104
103
103
102
101
101
101
100
99
99
98
98
96
95
95
95
94
94
93
93
446
91
91
91
90
87
87
86
86
86
86
85
84
84
84
84
84
84
80
79
78
78
78
77
76
76
76
76
76
76
75
75
59806
72
71
71
524
70
70
69
69
68
114
67
67
67
67
67
65
64
64
64
63
61
60
59
58
58
2599
54
53
180508
50
47
42
102290
320
69
94
87
118087
191
243
79274
115
55
20
67
101
52128
48
13828
107
59
114
61592
403
5323
62
46792
48155
48667
66
48292
46553
45494
15
44595
43024
41
41
38
33689
25852
113
35689
34638
34466
76
83
77
16
32703
31492
31352
11000
32
89
78
105
57
38
149
125
2622
93
63
30
25458
13
42
32
24
20
21603
59
53
21892
19
21852
69
24
20989
73
50
32
32
31
19
21
17846
19234
67
12462
16
51
42
17366
32
17
10
55
31
37
30
28
19
16
16817
228
41
30
53
71
56
51
42
45
28
33
36
34
28
25
22
21
20
19
15224
15509
78
14076
101
15395
70
49
19
14293
90
79
12668
90
38
97
625
34
14
70
27
22
14
485
12656
370
12603
12552
12541
8061
23
10699
55
68
12
72
67
37
50
30
47
39
25
25
30
23
29
28
27
25
25
18
24
23
23
23
16
16
16
22
21
20
18
16
16
16
14
14
13
12
12
10
10578
10486
30
11439
11231
152
7195
151
10952
8287
245
2405
10694
10490
445
28
83
42
40
9695
21
9666
40
2817
92
19
61
1162
30
54
19
27
13
11
8992
105
8865
23
25
52
52
63
54
50
50
46
44
44
28
34
30
21
27
20
1161
25
16
19
11
10
28
8529
8488
125
8498
258
27
46
22
31
8280
11
21
11
69
59
52
56
168
53
52
49
47
45
17
44
36
15
42
39
38
38
37
37
35
35
14
34
34
33
6486
17
30
22
28
20
26
25
24
24
24
24
23
23
16
22
22
22
22
22
21
21
21
20
20
20
19
19
19
19
18
18
18
11
17
17
17
17
16
16
16
16
15
15
15
15
14
14
14
14
14
14
13
13
13
13
13
13
12
12
12
12
12
12
12
10
8081
7059
7965
7920
7766
298
7684
7380
18
5998
5619
7134
7212
7187
187
7027
7019
2343
6796
7000
36
6899
6895
6808
16
6786
274
6729
53
6688
34
33
24
4425
22
21
6442
6361
3693
25
49
129
41
29
22
23
13
47
38
3693
114
3396
6134
6091
62
6074
111
79
70
5974
164
97
91
5946
136
5710
5883
4952
5857
929
136
36
5428
88
30
5731
65
73
66
53
125
5664
35
5654
18
10
5646
3401
3211
5463
161
5410
3187
37
38
42
588
26
5268
5268
10
44
4894
29
24
23
16
5113
5189
60
45
40
33
26
39
36
35
18
29
26
17
17
10
23
21
19
17
17
14
14
14
4037
4980
72
84
4967
135
57
129
4731
44
4745
132
3697
41
18
58
3687
207
53
33
4652
38
10
23
28
31
4671
24
29
15
75
11
16
69
49
50
48
54
46
49
48
41
38
31
36
42
35
41
40
39
25
38
24
23
35
34
34
34
27
33
33
19
30
23
29
22
4633
27
26
26
26
24
24
24
24
24
23
22
21
21
14
19
19
18
18
18
17
17
17
16
16
16
15
14
14
13
12
12
11
11
10
10
10
400
4530
409
344
389
333
271
292
82
4340
4355
16
4357
4342
13
224
167
222
221
100
190
24
185
113
181
33
172
4075
35
23
1143
4242
57
53
46
39
32
49
47
44
42
28
21
104
40
37
30
36
29
34
32
24
16
28
27
27
20
10
16
22
22
22
14
12
81
81
18
10
72
16
78
15
13
12
12
11
11
109
10
10
70
60
66
19
787
50
50
35
55
41
54
39
18
52
51
51
16
50
50
49
35
41
41
13
40
19
46
46
18
45
44
44
43
43
43
42
42
41
41
41
41
41
34
34
27
13
40
40
40
40
40
40
33
12
12
39
39
39
39
32
32
32
38
38
38
38
31
31
31
24
24
17
801
37
37
37
37
37
30
30
36
36
36
36
29
29
22
35
35
35
35
35
35
35
35
35
21
34
34
34
34
34
34
27
33
33
33
33
33
33
33
33
33
33
33
33
33
26
26
26
26
26
26
26
12
32
32
32
32
32
32
32
32
32
32
32
32
32
11
31
31
31
31
31
31
31
31
31
31
31
31
31
31
24
24
17
30
30
30
30
30
30
30
30
30
30
30
30
30
30
30
23
23
23
16
29
29
29
29
29
29
29
22
22
22
15
15
15
28
28
28
28
28
28
28
28
28
28
28
28
28
28
28
28
28
21
21
14
27
27
27
27
27
27
27
27
27
27
27
27
27
27
20
20
20
20
13
13
26
26
26
26
26
26
26
26
26
26
26
26
26
26
26
26
26
26
26
26
12
12
12
25
25
25
25
25
25
25
25
25
25
25
25
25
25
25
25
25
25
25
25
25
18
11
24
24
24
24
24
24
24
24
24
24
24
24
24
24
24
24
24
24
24
24
17
10
10
23
23
23
23
23
23
23
23
23
23
23
23
23
23
23
23
23
23
23
23
23
23
23
16
16
16
16
22
22
22
22
22
22
22
22
22
22
22
22
22
22
22
22
22
22
22
22
22
22
22
15
15
15
15
15
15
15
21
21
21
21
21
21
21
21
21
21
21
21
21
21
21
21
21
21
21
21
14
14
14
20
20
20
20
20
20
20
20
20
20
20
20
20
20
20
20
20
20
20
20
20
20
20
20
13
13
13
13
13
19
19
19
19
19
19
19
19
19
19
19
19
19
19
19
19
19
19
19
19
19
19
19
19
12
12
12
12
18
18
18
18
18
18
18
18
18
18
18
18
18
18
18
18
18
18
18
11
11
11
11
2663
17
17
17
17
17
17
17
17
17
17
17
17
17
17
17
17
17
17
17
17
17
17
17
17
10
10
16
16
16
16
16
16
16
16
16
16
16
16
16
16
16
16
16
16
16
16
16
16
16
16
16
16
16
16
15
15
15
15
15
15
15
15
15
15
15
15
15
15
15
15
15
15
15
15
15
15
15
15
15
15
15
15
15
15
14
14
14
14
14
14
14
14
14
14
14
14
14
14
14
14
14
14
14
14
14
14
14
14
14
14
14
14
14
13
13
13
13
13
13
13
13
13
13
13
13
13
13
13
13
13
13
13
13
13
13
13
13
13
13
13
13
12
12
12
12
12
12
12
12
12
12
12
12
12
12
12
12
12
12
12
12
12
12
12
12
12
12
12
12
12
12
12
11
11
11
11
11
11
11
11
11
11
11
11
11
11
11
11
11
11
11
11
11
11
11
11
11
11
11
11
11
11
10
10
10
10
10
10
10
10
10
10
10
10
10
10
10
10
10
10
10
10
10
13
2283
4008
3957
74
3991
3981
3978
3769
728
3768
3713
3719
67
3672
3600
130
3074
3119
3572
2935
3532
3493
3372
3427
3373
131
3359
77
3336
3303
3282
3261
51
3250
3238
3200
3197
2149
3112
3161
48
3155
3140
51
38
3103
3073
3087
19
3069
3041
3028
2935
2964
2956
2740
2929
2924
2903
146
2873
83
2789
2762
2681
845
2709
2702
2679
29
208
21
2619
828
2621
2590
28
44
517
1963
83
2375
2456
2539
1713
2517
2466
2496
2468
2466
2406
1055
2446
278
2417
81
2398
2397
2397
2394
2386
388
2365
2358
147
2315
2256
1541
164
2319
2312
2300
2296
2296
402
485
2281
2253
2258
10
2256
358
868
2233
2237
53
1571
2229
2153
2222
91
100
15
74
74
2187
2186
2172
2172
55
2143
81
55
43
21
149
16
2139
21
975
345
43
1909
1740
2106
2105
2091
1060
31
2073
22
22
18
2068
22
22
2064
1207
2037
1000
12
2010
45
2016
2001
1429
420
73
27
547
1995
109
1989
1986
1974
146
1972
161
1944
1941
1941
1927
1930
1926
1926
35
1924
1919
783
1533
1906
1899
77
28
1719
1884
1884
1883
1077
1291
32
104
1842
40
1752
1834
1825
1822
1779
1826
25
1796
1810
1796
91
1637
168
1791
56
31
29
1759
1741
19
1738
1735
178
1726
351
1168
1720
33
46
1357
55
1713
1644
1698
1696
41
1699
1643
1684
1579
1693
1689
1523
1605
67
10
1674
364
1671
1571
1666
1591
1643
1644
48
1637
1637
220
1617
1629
19
1627
19
1478
1600
942
1601
1598
1583
980
1580
46
1568
40
1558
1569
911
27
33
32
18
1522
28
28
1511
26
17
23
1555
1394
21
21
19
11
17
16
1492
288
1456
13
515
10
1539
1536
1533
1531
823
1529
1521
1400
1507
1501
1496
1489
208
1394
904
1469
1278
1472
218
43
1482
150
1473
1459
1449
1251
1460
1302
1450
1436
36
1434
1314
355
1347
1431
1353
1330
1350
32
73
1413
1411
324
1408
1405
1404
1330
349
613
1390
1369
1345
1383
528
59
1332
29
151
1358
217
1369
1333
76
54
1362
1362
325
1359
43
64
1357
1354
1352
834
1330
224
1350
712
1346
30
145
1195
1333
184
1135
1330
133
1328
1325
76
1280
145
1306
1304
1290
1301
1203
1263
1046
239
14
1280
1288
705
654
227
1283
183
1120
1263
1275
1275
1219
77
1160
1257
151
955
227
1267
61
593
1259
33
81
640
31
1254
43
1252
741
741
29
28
1147
1240
1135
694
1204
27
1237
1236
1152
403
74
1165
64
21
1231
1231
195
83
1229
543
1225
1155
651
1224
1145
60
93
1219
1105
75
443
37
49
1209
1174
1200
647
45
681
113
44
33
1193
38
31
597
1191
1190
1189
1189
825
41
40
1186
1186
1123
100
1184
36
1183
35
20
33
1180
11
94
1178
26
18
1172
590
16
1079
1168
76
76
144
139
55
13
1139
1159
1159
1157
51
1155
581
62
1153
60
1151
1142
1148
28
1145
1026
1143
113
56
195
629
45
113
20
26
33
38
38
31
36
15
532
35
594
37
16
743
1064
28
14
741
334
89
33
32
18
24
10
1115
583
16
16
589
57
14
1112
20
26
19
1110
1109
24
1080
324
23
120
19
18
11
17
1101
16
78
64
1098
55
48
13
1096
73
1092
511
252
552
369
68
1081
1087
44
953
57
43
56
1056
738
59
1079
57
57
53
1074
492
1072
50
49
42
21
41
41
40
45
45
1003
926
37
36
1064
42
21
21
55
40
40
33
26
39
32
32
38
38
24
1059
37
37
30
34
34
34
33
19
1054
32
31
31
31
23
16
92
29
29
22
1050
28
28
27
27
26
12
1047
1047
865
25
395
24
17
16
1044
22
21
21
21
21
21
21
21
20
19
19
12
970
578
18
18
11
528
17
17
17
17
17
10
16
16
16
15
15
15
15
15
15
15
15
15
15
1036
1036
14
14
14
14
14
14
1028
13
13
13
13
13
936
12
12
12
12
12
11
11
11
10
10
10
1031
967
994
370
1027
1012
704
501
955
1024
493
346
429
1016
477
942
1003
1003
142
917
168
999
995
993
986
978
383
991
472
989
986
405
471
240
981
981
916
283
337
966
964
962
850
857
947
884
268
448
266
950
956
53
380
951
880
425
397
54
949
949
949
431
948
148
945
944
272
304
918
937
934
933
401
930
915
928
67
415
890
806
853
377
328
922
303
358
518
915
845
782
502
910
468
907
396
235
172
905
828
897
238
901
900
389
899
899
843
889
377
754
892
892
890
827
358
268
883
876
309
880
180
368
878
875
854
874
870
744
764
868
867
866
858
176
231
858
857
856
51
783
544
851
305
848
337
847
826
749
839
228
841
840
825
713
671
48
158
702
834
349
160
487
256
310
742
237
62
824
823
228
822
451
94
73
310
275
708
22
819
819
301
377
54
501
801
814
296
156
37
70
811
741
678
789
809
326
67
801
143
807
800
107
93
30
295
805
279
803
803
803
796
796
292
271
802
794
283
800
800
793
765
799
225
197
798
196
797
516
794
794
780
23
448
63
280
496
27
789
726
264
180
767
787
787
248
24
785
189
776
146
132
781
780
262
730
254
771
57
777
769
146
179
696
184
37
729
680
218
154
126
769
174
27
726
89
690
765
765
254
764
666
253
57
567
245
762
720
685
27
249
31
757
36
713
754
243
229
242
240
51
750
750
225
749
672
679
644
28
748
698
481
746
738
10
744
742
735
726
684
208
39
738
737
645
540
155
735
735
217
161
734
727
258
733
732
731
731
31
730
729
722
211
99
22
15
217
726
642
194
722
22
126
63
720
720
720
720
209
188
139
132
719
670
187
718
648
703
709
16
715
519
35
713
146
712
180
711
620
179
74
710
703
136
108
709
695
30
30
532
615
188
181
705
306
702
702
681
51
44
43
112
188
111
607
697
697
676
599
508
186
172
53
633
667
44
694
694
680
686
679
77
615
461
195
111
83
691
171
681
681
618
687
666
666
113
686
175
684
670
47
47
683
683
32
591
108
45
38
680
680
679
679
665
41
26
130
95
32
675
374
87
38
31
597
30
30
16
659
36
57
664
34
20
33
33
186
151
144
17
667
471
492
58
554
176
113
78
658
91
664
664
230
132
27
20
131
26
19
25
25
25
25
661
577
521
143
24
149
72
22
658
658
658
623
657
657
657
650
650
636
97
139
111
111
20
19
19
12
655
564
60
18
654
654
640
45
17
653
16
106
43
651
630
650
118
13
649
439
641
130
74
60
11
11
52
646
128
58
78
644
630
399
161
112
552
642
641
543
130
109
640
59
93
79
72
638
638
64
64
50
50
637
56
77
636
601
552
62
635
75
54
599
123
123
632
114
51
631
630
119
629
510
97
48
628
103
74
46
626
31
625
625
625
625
44
533
92
29
623
623
623
595
49
35
35
622
615
111
90
48
47
40
33
109
39
39
39
32
619
45
24
590
583
219
240
142
30
617
43
602
105
42
42
35
615
608
104
27
103
82
40
40
40
40
33
613
613
529
102
39
39
38
611
93
65
37
37
37
30
99
15
609
98
70
35
28
28
28
21
21
608
97
69
34
27
607
82
33
33
33
26
26
606
459
32
32
591
94
94
31
31
38
604
338
79
30
30
30
30
603
603
603
568
92
22
434
28
28
28
28
28
21
21
21
538
90
27
27
27
27
27
27
20
20
20
467
26
26
26
19
19
12
599
25
25
18
18
598
598
598
24
24
597
520
23
23
589
85
22
22
22
511
84
77
70
21
14
594
503
83
20
593
82
61
54
19
19
19
19
19
494
74
18
18
18
18
18
11
591
591
17
17
17
17
17
38
10
10
590
79
16
16
16
64
15
15
448
77
56
14
14
14
14
62
13
13
13
13
13
586
411
75
68
12
12
12
12
12
88
74
11
11
11
11
11
11
11
549
73
66
66
10
569
310
65
51
393
71
134
71
71
64
581
581
567
168
70
63
28
580
69
69
579
61
54
54
578
536
438
67
46
577
577
570
507
576
576
576
555
520
65
65
44
43
574
573
573
572
572
572
61
61
571
529
53
18
556
556
59
569
562
443
58
58
51
568
568
56
56
56
56
566
566
552
55
41
34
537
516
53
53
563
556
52
52
45
562
464
37
561
50
560
49
49
35
559
48
41
558
47
47
47
33
26
557
557
459
39
39
39
32
556
556
555
555
492
44
44
37
37
37
37
37
30
554
43
43
43
43
43
29
553
546
546
511
490
42
42
42
42
35
41
41
41
34
34
34
40
40
40
33
33
550
39
39
39
39
39
32
25
11
486
38
38
38
38
38
38
31
31
37
37
37
37
37
37
30
30
30
540
512
36
36
36
36
36
36
36
36
36
36
36
29
29
22
22
511
490
119
35
35
35
35
35
35
28
14
34
34
27
27
27
27
20
544
481
33
33
33
33
33
33
33
33
26
26
26
19
19
19
543
543
543
312
32
32
32
32
32
32
32
32
32
32
32
25
25
18
18
11
542
500
31
31
31
31
31
31
31
31
31
31
31
31
31
31
24
24
24
24
24
24
24
17
541
30
30
30
30
30
30
30
23
23
23
23
23
29
29
29
29
29
29
22
22
539
518
518
455
28
28
28
28
28
28
28
28
28
28
28
28
21
21
14
14
538
538
27
27
27
27
27
27
27
27
27
27
27
27
27
27
27
20
20
20
20
13
537
537
537
26
26
26
26
26
26
26
26
26
26
26
26
26
26
26
26
26
26
26
26
26
26
26
26
19
19
12
536
459
25
25
25
25
25
25
25
25
25
25
25
25
25
25
25
25
25
25
25
25
25
25
25
18
18
18
11
535
535
521
24
24
24
24
24
24
24
24
24
24
24
24
24
24
24
24
24
24
24
24
24
24
17
17
17
17
17
10
534
527
23
23
23
23
23
23
23
23
23
23
23
23
23
23
23
23
23
23
23
23
16
16
16
16
526
512
22
22
22
22
22
22
22
22
22
22
22
22
22
22
22
22
22
22
22
15
15
15
15
15
15
504
441
21
21
21
21
21
21
21
21
21
21
21
21
21
21
21
21
21
21
21
21
21
21
21
21
21
21
21
14
14
14
14
14
14
14
20
20
20
20
20
20
20
20
20
20
20
20
20
20
20
20
20
20
20
20
20
20
20
20
20
20
20
20
20
20
20
20
13
13
13
13
13
530
460
19
19
19
19
19
19
19
19
19
19
19
19
19
19
19
19
19
19
19
19
19
19
19
19
19
19
19
19
19
19
19
12
12
12
12
12
12
12
529
18
18
18
18
18
18
18
18
18
18
18
18
18
18
18
18
18
18
18
18
18
18
18
18
18
18
18
18
18
18
18
18
11
11
11
528
528
521
521
395
17
17
17
17
17
17
17
17
17
17
17
17
17
17
17
17
17
17
17
17
17
17
17
17
17
17
17
17
17
17
17
17
17
17
17
17
17
17
17
17
10
10
10
10
10
10
10
10
10
16
16
16
16
16
16
16
16
16
16
16
16
16
16
16
16
16
16
16
16
16
16
16
16
16
16
16
16
16
16
16
16
16
16
16
16
526
71
15
15
15
15
15
15
15
15
15
15
15
15
15
15
15
15
15
15
15
15
15
15
15
15
15
15
15
15
15
15
15
15
15
15
15
15
15
15
15
15
15
15
15
15
15
476
315
315
14
14
14
14
14
14
14
14
14
14
14
14
14
14
14
14
14
14
14
14
14
14
14
14
14
14
14
14
14
14
14
14
14
14
14
14
14
14
14
14
14
14
14
14
14
14
14
14
14
14
14
14
14
14
14
14
14
14
14
14
524
524
13
13
13
13
13
13
13
13
13
13
13
13
13
13
13
13
13
13
13
13
13
13
13
13
13
13
13
13
13
13
12
12
12
12
12
12
12
12
12
12
12
12
12
12
12
12
12
12
12
12
12
12
12
12
12
12
12
12
12
12
12
12
12
12
12
12
12
12
12
12
12
12
12
12
12
12
12
12
12
12
12
12
508
11
11
11
11
11
11
11
11
11
11
11
11
11
11
11
11
11
11
11
11
11
11
11
11
11
11
11
11
11
11
11
11
11
11
11
11
11
11
11
11
11
11
11
11
11
11
11
11
11
11
11
11
11
11
11
11
11
11
11
521
10
10
10
10
10
10
10
10
10
10
10
10
10
10
10
10
10
10
10
10
10
10
10
10
10
10
10
10
10
10
10
10
10
10
10
10
10
10
10
10
10
10
10
10
10
10
10
10
10
10
10
10
10
10
10
10
10
520
520
443
310
519
400
518
511
517
517
356
515
508
501
514
514
409
513
512
511
497
378
273
510
496
335
488
481
460
508
507
507
507
388
506
380
177
505
302
504
504
427
503
503
503
503
503
356
307
502
502
495
432
501
501
473
396
500
430
499
499
484
434
495
495
494
487
479
465
430
94
492
422
491
491
490
490
427
420
378
489
489
426
405
356
488
488
453
487
347
479
485
485
484
64
483
441
482
475
433
480
417
361
74
18
478
478
331
225
476
413
413
385
475
472
472
472
472
388
471
470
470
442
224
230
467
432
466
466
424
354
144
458
395
464
462
462
462
392
175
133
460
460
460
390
47
459
459
459
445
387
366
456
456
435
372
372
349
453
138
452
451
451
45
408
352
449
447
384
83
446
446
446
432
159
445
382
375
444
360
443
442
441
440
412
293
439
411
376
327
417
437
437
436
436
436
435
434
434
371
364
336
133
412
48
432
432
431
347
347
430
416
429
428
365
358
302
427
427
427
427
336
426
426
419
405
202
41
425
425
424
424
424
424
424
347
326
228
422
408
401
421
421
420
419
419
405
398
307
292
33
144
416
416
395
346
234
408
414
414
414
414
372
337
413
413
412
412
412
405
33
410
410
326
312
409
409
409
409
402
381
408
408
400
323
225
406
378
336
266
182
405
342
97
250
403
403
375
340
402
381
108
401
401
324
400
400
400
302
371
398
370
321
223
397
397
376
396
396
396
312
284
395
395
325
304
87
45
394
394
58
393
393
392
392
392
390
390
390
390
390
376
208
117
389
382
319
388
115
387
387
380
366
310
58
281
385
385
350
315
217
384
377
377
300
383
383
382
382
382
144
381
374
367
353
318
297
380
380
380
302
378
378
378
308
301
287
245
363
376
376
376
376
355
292
187
375
375
368
374
374
311
304
373
373
324
351
371
371
238
370
370
370
370
362
306
292
368
368
277
367
367
339
304
297
213
366
366
366
366
366
247
260
357
273
356
293
202
153
299
271
361
284
214
283
359
359
282
358
358
357
357
357
356
328
328
321
348
33
354
354
354
354
270
353
290
269
248
262
352
352
345
275
240
351
351
232
350
350
350
349
342
335
265
195
341
334
313
285
278
347
284
242
346
345
345
324
184
344
344
337
343
343
280
342
341
334
257
271
333
339
339
339
199
171
338
337
323
336
322
335
321
20
334
327
264
264
333
333
333
263
256
332
325
318
304
164
101
331
310
226
191
330
330
330
330
330
330
329
231
203
328
328
328
328
258
251
244
167
69
327
327
327
327
320
320
299
250
68
193
325
325
185
52
324
324
324
324
240
219
323
323
323
253
225
182
321
321
321
320
320
320
194
319
319
319
319
291
284
144
318
318
283
317
317
191
58
316
316
316
309
302
267
99
315
287
314
314
314
300
55
313
306
278
243
257
180
89
312
312
305
242
235
311
311
304
290
248
185
310
310
310
310
309
309
309
309
295
239
162
308
308
294
294
189
98
307
307
306
306
292
243
159
131
54
305
305
242
165
304
304
297
262
220
303
303
296
296
289
302
302
302
295
281
239
225
246
301
294
280
231
224
175
300
300
300
300
300
230
195
299
299
299
208
173
284
228
214
200
297
297
297
227
296
296
296
163
295
295
295
295
295
57
294
294
294
259
161
35
293
293
293
286
195
125
292
278
201
152
138
145
117
291
291
291
284
200
186
290
290
290
290
171
289
268
233
191
72
288
253
211
287
287
287
287
287
286
286
286
216
55
97
285
278
47
214
102
25
74
283
283
283
262
220
206
206
282
282
282
254
281
281
281
281
274
267
211
232
252
210
119
279
279
279
188
174
132
278
278
278
208
208
194
159
54
277
277
277
256
25
46
276
206
275
254
58
44
274
274
274
43
273
266
210
210
147
161
35
272
272
272
272
244
132
271
271
250
138
103
179
144
18
60
269
269
241
206
143
143
17
268
268
268
247
219
107
44
267
267
267
267
155
266
266
266
266
266
203
126
42
265
265
258
264
264
264
264
264
159
152
145
82
263
263
263
263
263
235
262
262
255
192
129
38
66
261
226
226
198
191
177
163
135
121
260
260
260
260
260
260
260
260
253
253
253
183
259
259
259
259
168
258
258
258
258
258
251
244
125
257
257
194
194
180
124
256
256
256
256
256
256
256
249
249
242
242
193
214
130
144
123
255
255
255
255
248
241
192
178
94
254
254
254
191
30
253
253
246
183
162
134
92
252
252
252
252
252
245
231
231
175
126
49
42
251
251
251
251
251
244
244
181
174
167
250
250
250
243
236
187
124
131
249
249
249
186
248
248
241
185
247
247
247
247
247
93
246
246
246
246
246
232
106
245
245
245
245
182
42
244
244
244
223
125
152
117
138
61
242
242
242
228
116
241
241
241
241
17
240
240
240
170
156
51
23
239
239
239
239
239
239
238
238
238
175
140
140
35
237
237
237
237
237
174
153
146
236
236
208
235
235
186
130
144
234
234
234
234
220
185
87
233
170
170
163
142
163
107
44
225
197
169
169
36
231
231
231
154
56
230
230
230
223
216
216
167
167
160
104
34
229
229
222
152
152
103
96
89
82
228
228
228
228
228
221
151
144
39
53
227
227
220
220
157
150
59
17
226
226
163
163
156
149
149
170
72
225
225
225
225
225
225
225
225
197
148
36
29
224
224
224
224
224
203
189
154
77
223
223
223
223
223
223
216
153
111
83
125
222
222
222
222
222
222
222
215
215
145
89
221
221
221
158
220
220
220
220
157
157
129
129
87
31
24
219
219
219
219
198
156
156
79
72
218
218
218
218
218
218
218
217
217
217
196
91
216
209
146
160
125
20
62
215
215
215
215
208
208
187
152
145
138
110
214
214
214
214
214
214
151
130
67
81
213
213
213
206
143
212
212
212
212
212
205
177
149
170
79
211
211
211
211
211
211
148
141
134
155
36
210
210
210
210
210
210
210
196
147
63
21
209
209
209
209
125
125
118
111
104
69
20
208
208
208
208
208
201
194
194
131
207
186
186
137
137
137
137
130
130
130
67
67
67
53
18
206
206
206
206
206
122
115
115
10
31
59
205
205
205
205
198
191
128
204
204
134
78
203
203
203
203
203
203
189
126
70
70
202
202
195
188
201
201
201
201
173
138
152
152
117
200
200
186
137
137
137
60
60
199
199
199
199
199
199
199
199
199
199
185
136
129
52
94
198
198
198
198
198
198
198
184
163
135
135
72
51
197
197
190
190
183
134
134
134
127
113
196
196
196
196
196
189
133
119
70
195
195
195
195
181
111
194
194
194
194
124
54
75
193
193
193
193
193
179
179
130
60
192
192
192
192
192
192
192
192
122
108
45
80
191
191
191
191
191
191
190
190
190
190
190
183
155
155
120
106
106
189
189
189
189
189
182
126
105
42
35
188
188
188
188
188
188
167
97
41
187
187
187
110
110
186
186
186
186
186
186
179
123
123
88
74
39
185
185
185
185
185
178
178
171
122
143
115
94
94
184
184
184
184
170
163
163
114
114
100
44
183
183
183
176
120
99
99
85
85
182
182
182
168
119
112
49
42
28
181
181
181
174
118
111
104
97
76
180
180
180
180
180
180
173
173
166
117
117
110
54
179
179
179
179
179
179
74
46
178
178
178
178
178
157
101
38
177
177
177
107
93
51
176
176
176
176
176
176
176
169
36
175
175
175
175
175
175
154
112
112
98
35
28
28
174
174
174
167
167
153
76
41
55
173
173
173
173
173
173
172
172
172
172
172
172
172
172
158
109
102
102
95
95
32
25
25
18
171
171
171
171
171
171
171
171
171
171
164
108
108
108
101
101
101
94
45
45
170
170
170
58
169
169
169
169
162
141
99
78
78
57
22
168
168
168
168
154
126
98
98
98
91
70
28
167
167
167
167
167
167
167
167
167
160
160
153
104
97
90
83
27
166
166
166
103
103
96
165
165
165
165
158
158
137
95
95
88
32
32
32
164
164
164
164
164
143
136
101
101
94
24
66
163
163
156
100
100
58
79
30
30
23
162
162
162
162
162
162
162
148
134
99
99
92
85
85
85
85
161
161
161
84
35
28
28
21
160
160
146
76
27
159
159
159
159
159
159
159
145
138
96
89
82
33
26
19
19
144
81
60
32
32
18
157
157
157
157
157
150
150
150
94
80
80
73
52
24
45
156
156
156
156
156
156
156
156
156
149
149
142
79
58
23
23
23
44
155
155
155
155
155
155
155
155
71
29
29
50
22
154
154
154
154
91
91
91
84
77
21
153
153
153
146
146
146
83
76
76
27
27
34
152
152
152
152
152
152
152
152
152
152
145
145
131
82
26
19
19
151
151
151
151
151
151
151
88
88
88
95
18
150
150
150
150
150
150
150
150
87
87
87
80
80
80
80
80
59
24
24
17
31
149
149
149
149
149
149
149
149
149
142
128
86
86
23
148
148
148
141
85
71
71
85
57
22
22
147
147
147
147
147
147
147
147
147
147
147
147
84
84
84
84
21
21
146
146
146
139
139
83
76
76
55
48
20
41
145
145
145
145
138
131
82
82
75
75
19
19
19
19
144
144
144
144
144
144
123
74
53
18
11
115
66
66
66
59
17
17
17
10
142
142
142
142
142
142
142
142
142
142
121
79
79
79
79
100
100
72
72
16
141
141
141
141
141
141
141
141
141
134
127
78
78
71
71
64
50
15
15
15
15
15
15
15
140
140
140
140
140
105
63
63
56
14
14
14
14
139
139
139
139
139
139
139
139
139
76
69
48
41
13
13
13
13
138
138
138
138
138
138
138
138
138
138
138
138
138
138
131
131
131
61
54
47
12
12
137
137
137
137
137
137
137
137
137
137
137
123
74
74
67
60
60
60
46
46
39
11
136
136
136
136
136
136
136
136
136
136
136
136
129
129
135
135
135
135
135
135
135
114
58
58
58
58
134
134
134
134
134
134
134
134
134
113
71
71
64
64
50
36
133
133
133
133
133
119
112
70
63
63
84
84
56
132
132
132
132
132
132
132
132
125
118
69
62
55
131
131
131
131
131
131
131
131
124
68
89
40
33
130
130
130
130
130
130
130
130
123
123
109
60
60
53
39
39
129
129
129
129
129
129
129
129
129
122
122
101
59
59
45
45
38
128
128
128
128
128
128
128
65
51
44
44
37
127
127
127
127
127
127
127
127
127
127
127
113
57
57
50
36
36
36
126
126
126
126
126
126
126
126
126
126
119
119
119
63
49
125
125
125
125
125
125
125
125
125
125
125
111
62
124
124
124
124
124
117
61
82
54
47
40
33
33
123
123
123
123
116
60
39
39
39
39
122
122
122
122
122
122
122
122
122
122
122
122
122
122
115
108
59
59
52
52
45
38
31
31
31
121
121
121
121
121
121
121
121
121
121
114
114
114
114
114
44
44
16
120
120
120
120
120
57
57
50
43
43
43
119
119
119
119
119
119
119
112
56
56
49
49
42
42
42
118
118
118
118
118
118
118
118
118
118
111
111
104
97
48
48
41
41
117
117
117
117
117
117
117
117
117
110
110
110
110
103
47
40
116
116
116
116
116
116
116
109
88
88
53
46
46
46
32
115
115
115
115
115
115
115
115
115
108
108
108
108
94
52
52
52
45
45
38
31
114
114
114
114
114
114
114
114
114
114
114
114
107
51
44
37
30
23
16
113
113
113
113
113
113
113
113
113
113
106
99
50
50
50
50
43
43
36
36
36
36
112
112
112
112
112
112
112
112
112
112
98
49
49
49
49
42
35
28
111
111
111
111
111
111
111
111
97
48
48
41
41
34
27
110
110
110
110
110
110
110
110
110
110
110
110
103
103
96
47
47
40
33
33
19
109
109
109
109
109
109
109
46
46
46
46
39
32
18
18
108
108
108
108
108
108
108
108
108
108
108
108
108
108
45
45
45
38
38
107
107
107
107
107
93
93
86
44
44
44
44
37
37
30
30
23
106
106
106
106
106
106
106
106
99
99
43
43
43
36
36
36
36
36
29
29
105
105
105
105
105
105
105
105
105
105
105
105
105
98
98
42
35
35
28
104
104
104
104
97
76
41
41
41
34
27
27
103
103
103
103
103
103
103
103
103
103
103
103
103
103
103
103
96
96
96
40
26
26
26
26
19
19
102
102
102
102
102
102
95
88
39
39
39
39
39
32
32
32
25
25
18
101
101
101
101
101
101
101
101
101
101
101
101
101
94
38
38
31
24
100
100
100
100
100
100
100
100
93
65
37
37
37
30
30
23
23
23
23
16
99
99
99
99
99
99
99
99
92
85
36
36
36
36
29
29
29
29
29
29
29
29
22
15
98
98
98
98
98
98
98
98
98
98
98
35
35
35
28
28
28
28
21
97
97
97
97
97
97
97
97
97
97
97
97
97
90
90
90
90
83
34
34
34
27
27
27
27
20
20
96
96
96
96
96
96
96
96
96
96
96
96
96
33
33
33
33
33
26
26
26
26
19
19
19
19
95
95
95
95
95
95
95
95
95
95
95
32
32
32
32
25
25
18
18
94
94
94
94
94
94
94
94
94
94
94
94
94
94
87
80
31
24
24
24
24
17
93
93
93
93
93
93
93
93
93
93
93
93
93
86
30
30
30
30
30
30
30
30
23
23
23
16
16
16
92
92
92
92
92
92
92
92
92
78
29
29
29
29
29
22
22
22
22
22
22
22
22
15
91
91
91
91
91
91
91
84
28
28
28
28
28
28
28
28
28
28
21
21
21
21
21
14
14
90
90
90
90
90
90
90
90
90
90
90
90
90
90
83
27
27
27
27
20
20
20
20
20
20
13
13
89
89
89
89
89
89
89
89
89
89
82
26
26
26
26
26
26
26
26
26
19
19
19
19
19
19
12
88
88
88
88
88
88
88
88
88
88
81
25
25
25
25
25
25
25
25
25
18
18
18
18
18
18
18
18
18
18
11
11
87
87
87
87
87
87
87
87
87
80
80
80
73
24
24
24
24
24
24
24
17
17
17
17
17
17
17
17
17
86
86
86
86
86
86
86
86
86
79
23
23
23
23
23
23
23
16
16
16
16
85
85
85
85
85
85
78
78
78
22
22
22
22
22
22
22
22
15
15
15
15
15
15
84
84
84
84
84
84
77
70
21
21
21
21
21
21
14
14
14
14
14
14
14
83
83
83
83
83
83
83
83
83
83
83
83
83
83
83
83
83
83
83
83
76
76
20
20
20
20
20
20
20
20
20
20
20
41
41
13
13
13
13
13
13
13
13
13
13
13
82
82
82
82
82
82
82
82
82
82
82
82
82
75
75
19
19
19
19
19
19
19
19
19
19
19
19
19
19
12
12
12
12
81
81
81
81
81
81
81
81
81
81
74
74
67
18
18
18
18
18
18
18
18
18
18
18
18
18
18
18
18
18
18
18
18
18
18
11
11
11
11
11
80
80
80
80
80
80
80
80
80
80
80
80
73
73
66
52
17
17
17
17
17
17
17
17
17
17
17
17
17
17
17
17
17
17
17
17
17
17
17
10
10
10
10
10
10
79
79
79
79
79
79
79
79
79
79
79
79
79
72
72
16
16
16
16
16
16
16
16
16
16
16
16
16
16
16
16
16
16
16
16
16
16
16
16
16
16
16
16
16
16
78
78
78
78
78
78
78
78
78
78
78
78
71
71
15
15
15
15
15
15
15
15
15
15
15
15
15
15
15
15
15
15
15
15
15
15
15
15
15
15
15
77
77
77
77
77
77
77
77
77
77
77
77
77
77
77
77
77
77
77
77
77
63
14
14
14
14
14
14
14
14
14
14
14
14
14
14
14
14
14
14
14
14
14
14
14
14
14
14
14
14
14
14
28
76
76
76
76
76
76
76
76
76
76
76
76
76
69
62
13
13
13
13
13
13
13
13
13
13
13
13
13
13
13
13
13
13
13
13
13
13
13
13
13
13
13
13
13
13
13
13
13
13
13
75
75
75
75
75
75
75
75
75
75
75
75
75
12
12
12
12
12
12
12
12
12
12
12
12
12
12
12
12
12
12
12
12
12
12
12
12
12
12
12
12
12
12
12
12
12
12
12
12
12
12
74
74
74
74
74
74
74
74
74
74
74
74
74
67
67
11
11
11
11
11
11
11
11
11
11
11
11
11
11
11
11
11
11
11
11
11
11
11
11
11
11
11
11
11
25
73
73
73
73
73
73
73
73
73
73
73
73
73
73
73
73
73
66
66
66
10
10
10
10
10
10
10
10
10
10
10
10
10
10
10
10
10
10
10
10
10
10
10
10
10
10
10
10
10
10
10
10
10
10
10
10
10
10
10
10
10
10
10
10
10
72
72
72
72
72
72
72
72
72
72
72
72
72
72
72
72
51
71
71
71
71
71
71
71
71
71
71
71
71
64
70
70
70
70
70
70
70
70
70
70
70
70
70
70
35
69
69
69
69
69
69
69
69
69
69
69
69
69
69
69
69
69
69
69
62
62
62
68
68
68
68
68
68
68
68
68
54
67
67
67
67
67
67
67
67
67
67
67
67
67
67
67
66
66
66
66
66
66
66
66
66
66
66
66
66
59
65
65
65
65
65
65
65
65
65
65
65
65
65
65
64
64
64
64
64
64
64
64
64
64
64
64
64
64
64
64
64
64
64
64
64
64
57
57
63
63
63
63
63
63
63
63
63
63
63
63
63
63
63
63
56
62
62
62
62
62
62
62
62
62
62
55
48
61
61
61
61
61
61
61
61
61
61
61
61
61
61
61
61
61
61
61
61
61
61
61
61
61
33
60
60
60
60
60
60
60
60
60
60
60
60
60
60
59
59
59
59
59
59
59
59
59
59
59
59
59
59
59
59
52
58
58
58
58
58
58
58
58
58
58
58
58
58
58
58
58
58
58
58
58
58
58
58
58
58
58
58
58
51
37
30
57
57
57
57
57
57
57
57
57
57
57
57
57
57
57
57
57
57
56
56
56
56
56
56
56
56
56
56
56
56
56
56
56
56
56
56
56
56
56
56
56
56
49
55
55
55
55
55
55
55
55
55
55
55
55
55
55
55
55
55
55
48
34
54
54
54
54
54
54
54
54
54
54
54
54
54
54
54
54
54
54
54
54
53
53
53
53
53
53
53
53
53
53
53
53
53
53
53
53
53
53
53
53
53
53
53
53
52
52
52
52
52
52
52
52
52
52
52
52
51
51
51
51
51
51
51
51
51
51
51
51
51
51
51
51
51
51
51
51
44
50
50
50
50
50
50
50
50
50
50
50
50
50
50
49
49
49
49
49
49
49
48
48
48
48
48
48
48
48
48
48
48
48
48
48
48
48
48
41
47
47
47
47
47
47
47
47
47
47
47
47
47
47
47
47
47
47
40
40
46
46
46
46
46
46
46
46
46
46
46
46
45
45
45
45
45
45
45
45
45
45
45
45
38
44
44
44
44
44
43
43
43
43
43
42
42
42
42
42
42
41
41
41
40
40
40
40
40
33
39
39
39
39
38
38
38
37
37
37
30
35
35
35
32
31
31
31
