73892
47715
18080
34658
10321
9255
8374
7786
7745
7000
6804
6520
6084
5752
4746
4621
4567
4116
3993
3585
3411
3107
2766
2736
2716
2592
2551
2484
2450
2438
2377
2332
2321
2313
87036
2254
2225
2208
2181
2165
2024
1937
1834
1832
9247410
1764
1732
1716
1713
1415
1411
1355
1344
1320
1292
1260
1242
1211
1154
1133
1122
1122
1116
1106
1093
1086
1077
1070
1060
5115751
1038
1004
1002
999
972
972
969
969
958
951
934
931
917
962
911
907
852
828
815
812
801
799
794
791
771
770
725
695
684
664
662
652
643
10049
629
618
618
591
590
590
583
575
675
566
545
543
542
538
538
535
533
533
531
531
527
522
518
516
514
513
512
510
508
508
501
484
481
476
476
474
468
499
452
450
448
438
427
424
424
421
412
407
403
402
401
393
393
392
389
386
385
385
223906
375
374
373
372
365
365
364
362
358
356
354
341
339
339
337
337
333
368
326
326
325
319
318
317
315
52503
309
307
1209
302
301
299
297
1363997
293
289
289
286
285
281
281
281
280
280
280
278
277
277
275
273
266
265
264
264
1325062
263
263
261
260
260
258
257
256
255
255
253
253
253
252
252
250
249
248
248
248
246
244
244
244
243
243
243
246
242
242
242
239
239
238
236
233
238565
232
232
231
230
229
220154
227
226
226
224
224
223
222
221
221
221
221
220
218
217
217
217
217
215
211
210
209
209
209
209
483
204
203
202
202
202
201
200
200
199
198
198
198
197
197
195
195
195
195
194
194
193
193
193
191
190
190
190
189
188
186
185
184
184
183
182
181
180
178
178
178
178
176
176
174
173
392
251339
171
171
220315
169
168
168
167
167
167
171
166
166
164
164
164
163
162
161
161
580
26557
160
160
160
160
157
157
766434
155
155
154
153
153
153
152
152
152
152
152
151
151
151
151
178
150
151
149
148
147
147
147
147
711404
146
145
144
144
144
143
143
142
142
141
141
139
139
138
138
138
138
137
137
137
136
136
135
135
135
134
134
134
133
133
133
132
132
131
131
130
130
130
130
128
128
126
126
126
126
124
124
124
123
123
123
122
121
121
121
137
120
119
119
119
118
118
117
117
117
117
117
116
116
116
115
115
114
114
114
114
113
113
113
113
112
112
111
111
111
110
109
109
108
108
108
108
107
107
106
106
106
106
105
105
189364
104
104
104
1907
103
103
102
102
102
102
102
101
101
101
101
101
101
101
100
100
100
449447
99
99
99
99
99
98
97
97
97
97
97
96
95
94
92
92
92
92
92
102
91
437800
90
89
89
89
89
102
88
88
88
87
87
86
86
86
85
85
84
84
84
83
83
83
82
82
82
81
81
81
81
81
80
80
79
79
79
79
78
78
109
77
379849
76
76
76
76
76
75
75
75
75
75
75
75
74
74
74
74
73
157
73
72
72
72
72
71
71
70
69
69
67
65
65
65
64
64
64
50097
63
63
62
62
61
60
60
60
60
60
262096
59
58
58
58
62180
57
57
269068
56
56
56
55
54
5295
1285
677
53
43799
51
51
50
50
50
2006
216537
47
46
43
29497
144
136
176237
426
79144
78
112132
95
197
109676
147233
675
65
3623
122286
18990
103
8135
178
1271
327
1743
2476
2762
726
22115
85435
837
62
67925
85860
9798
7909
82943
76203
210
103
33879
63771
79
7551
61126
44
108
157
53786
44
57580
146
73667
2136
182
51813
52048
52486
21115
50400
50994
51533
633
233
46217
46194
47081
20257
35
48762
22409
211
3042
113
562
26
41723
96
25439
134
1282
21602
107
38
62
69
57
349
280
16147
38131
1715
1136
130
60
120
84
32106
110
1371
32541
34258
81
1656
23114
36
77
79
28956
27890
30152
28322
281
2009
48
203
31752
87
366
174
93
45
9843
35
107
713
64
25223
181
24067
25584
22657
237
127
123
55
23662
92
5844
21344
27973
394
56
28405
629
23039
13
134
461
96
45
138
177
85
109
20781
43
34
131
20307
20360
765
96
11927
456
702
19203
24563
79
17950
133
58
299
6882
85
39
19978
425
38
48
328
6639
8999
23
666
889
16697
27
38
13
107
17127
325
512
72
26
242
18476
76
118
15137
97
14891
398
15798
45
14646
2371
344
98
522
138
2351
16358
111
36
216
288
13722
10207
77
5996
13773
34
49
8982
9770
17
62
77
13003
47
10
34
19
13644
97
13607
1219
26
12856
12549
89
41
29
155
46
21
11492
44
33
15
13
35
16
20
15
87
16702
16918
12216
43
91
55
32
117
288
198
953
743
14273
113
7101
10743
21
8683
158
11422
64
192
115
323
7093
11269
45
64
9249
98
104
236
72
15
27
12766
44
43
52
10762
162
10766
264
11083
68
346
232
75
5738
52
117
551
10266
160
37
119
10113
285
8442
671
96
132
62
6294
45
6373
54
81
164
9531
493
9517
153
7034
123
329
16
154
9380
47
38
54
81
132
38
19
11
20
155
9158
9512
9181
9121
1175
127
111
309
209
7833
24
167
63
23
129
31
23
21
16
25
41
177
57
9037
24
15
26
18
25
8545
37
15
13
13
153
12
11
3498
23
426
8593
77
178
94
30
7764
62
36
13
21
8412
34
11
60
61
70
15
311
121
8901
70
91
19
20
13
11
43
26
8249
14
108
11
18
94
40
16
13
32
31
27
27
24
23
23
12
18
17
16
13
13
10
10
312
8180
8158
8103
142
5901
7143
8071
89
7953
33
7853
7830
138
7782
85
111
120
169
3107
13208
120
534
7516
15150
1023
7437
44
8798
55
26
307
52
172
702
7030
590
163
35
38
124
7065
6939
35
23
21
6325
6970
125
6759
88
38
20
43
6711
6711
83
52
93
484
756
7401
6755
6620
9527
6608
7248
6551
25
102
86
5394
17
49
6423
6423
59
4432
105
31
250
105
37
28
58
65
6339
148
81
92
6323
52
6292
98
45
71
172
71
7779
6154
92
160
6140
4107
6092
5322
87
6026
6010
616
26
7672
1231
127
169
1979
6783
18
90
5869
25
20
130
26
175
1774
5755
26
91
39
81
125
44
7540
20
40
43
191
20
60
3753
54
51
402
498
44
5677
36
88
17
15
5690
20
2126
12
23
162
18
16
166
11
14
86
78
1076
46
5875
495
53
5560
67
114
112
169
97
5530
5477
5488
4858
5548
71
80
196
55
31
305
121
9374
48
12
4740
5382
5371
173
4370
154
5326
39
5324
5322
38
28
24
73
147
81
5309
110
1683
79
5259
141
5222
77
31
540
15
32
36
18
40
38
16
63
53
88
14
14
5182
16
52
43
49
5161
22
6070
5536
25
30
21
28
34
24
22
17
14
27
11
5127
123
675
34
5092
134
940
5062
137
340
73
47
5032
58
5026
251
135
995
36
5295
4980
15
4684
55
53
4947
171
4943
75
40
3913
3855
51
15
5039
71
1480
23
64
60
46
1001
26
62
109
37
260
63
143
36
4814
35
103
4794
29
5033
25
36
481
19
193
38
29
16
5038
21
18
654
18
16
14
4753
23
183
28
24
43
28
34
1738
78
28
34
48
18
23
29
223
4680
24
10
42
3755
4666
52
10
14
26
90
34
38
81
34
34
30
23
29
35
28
28
27
4656
25
24
24
22
20
18
18
10
16
16
17
10
31
14
13
13
10
12
12
11
10
21
11
343
4602
85
4597
4580
4606
319
149
4540
253
62
4512
201
4454
4451
31
1248
26
36
4430
61
4408
124
40
23
15
39
4410
249
205
51
79
191
22
4413
27
230
101
29
130
110
38
4365
10
3318
41
40
66
36
171
18
31
52
14
34
77
18
61
17
34
81
52
3929
39
44
73
27
75
18
30
49
70
12
19
157
28
4270
28
21
40
12
13
26
12
102
38
18
63
49
12
4233
62
32
59
10
58
16
36
117
103
304
51
44
47
45
45
31
107
16
22
23
18
4197
38
16
100
71
35
33
18
31
31
30
92
29
13
20
30
22
42
11
16
15
22
15
14
123
4171
12
11
11
37
23
36
4168
21
14
19
152
40
4171
28
47
19
60
45
11
127
14
34
27
20
26
38
50
4146
49
147
28
28
48
34
13
33
4146
22
39
11
25
25
11
14
17
30
30
29
4137
188
20
33
39
17
24
17
17
17
31
4134
37
37
29
22
36
22
14
21
34
13
34
34
34
33
19
12
26
27
57
18
18
11
11
18
31
24
24
10
66
30
30
23
29
22
4124
13
21
28
28
27
27
20
27
13
26
26
25
25
25
11
18
25
25
24
24
54
17
23
23
23
23
23
15
52
22
22
22
22
22
22
21
21
14
21
2264
20
20
20
20
13
13
13
27
19
12
19
19
19
12
19
18
18
11
18
18
18
18
17
17
17
17
17
17
17
10
17
10
39
16
16
16
16
16
16
16
15
15
15
15
31
14
14
14
13
13
13
13
13
13
13
13
13
13
27
12
12
12
12
12
12
12
12
12
11
11
11
11
32
11
11
24
10
10
10
10
10
10
10
10
10
10
10
10
21
20
17
13
10
14
13
12
10
12
64
4081
3999
110
4309
4060
4131
4036
180
3225
3221
3935
3332
351
1930
68
3872
3862
561
3683
3860
33
4092
3795
3797
3787
88
4187
3782
87
966
64
3708
740
73
3666
106
38
3657
1864
3649
3652
3653
103
111
54
122
2429
32
150
27
25
3598
3569
71
3564
3566
3557
3645
43
3548
3530
24
69
3489
3508
715
3462
1403
3448
3453
3448
62
3443
3454
3637
879
3430
3422
86
99
3401
3404
105
3352
957
58
99
20
3376
45
104
3351
52
92
57
53
3348
46
38
22
3302
70
3260
29
123
327
748
3246
53
157
493
126
3256
34
3241
42
683
59
66
476
3199
2092
3141
58
84
151
53
233
51
3155
64
3154
3125
3126
3123
3120
3122
3126
153
138
28
20
19
105
517
1034
37
2179
3068
3053
695
171
45
241
3040
3036
3035
3016
2628
3017
70
1880
2994
123
2992
2989
209
2918
3079
822
905
196
2968
2963
2960
2957
131
2948
2960
2942
3416
1193
2936
2953
42
3005
59
46
537
54
824
28
792
2882
2882
2886
2872
50
48
23
117
123
81
2826
130
2807
2638
2803
41
2807
57
50
1581
75
2777
29
2772
130
53
2750
2755
2747
100
2741
80
22
33
2726
1605
104
152
109
2720
2717
2713
2712
31
697
2705
2705
154
260
821
2686
23
2661
2677
34
55
31
2670
2672
26
2650
39
28
509
2640
35
2636
2631
2631
2625
708
98
2622
2632
29
232
2604
49
41
362
1164
2611
22
2602
165
73
2585
24
2579
72
1462
2061
2568
41
2558
2557
2556
2627
25
43
1170
2696
2543
2540
2535
2522
231
2523
2520
2521
160
2519
158
2515
1037
695
2385
161
2523
59
2486
2474
2491
2478
20
175
2470
977
706
119
31
2458
2443
2433
43
306
32
39
2424
2422
32
2317
2485
20
1671
2399
2397
35
2392
2375
2324
2342
289
2380
2174
114
2375
2368
127
111
45
2355
2375
51
2351
32
293
34
2358
2341
30
2333
67
26
670
137
2292
27
178
2320
119
28
2317
66
420
39
2291
2303
2285
112
49
20
32
2274
559
42
2257
109
2247
2228
91
2225
82
2223
2214
2504
2217
31
2216
595
40
2895
26
2203
630
369
2196
2196
292
34
2189
167
401
18
697
52
2172
110
2156
17
563
34
2146
23
35
31
2138
2133
53
88
2132
17
15
2122
2129
2128
60
2052
2136
1353
2122
49
2129
69
12
14
2116
2115
1386
61
128
2116
22
22
40
2097
2147
66
2100
30
2087
2093
2093
2109
44
119
11
252
145
31
1822
22
59
17
22
2060
18
2073
36
18
108
16
35
13
152
2054
2051
2047
57
456
2044
265
2039
2035
2035
53
2037
2030
2028
2041
374
135
2018
50
252
49
28
2050
315
348
2004
1992
1990
434
490
1980
2077
36
231
1983
1977
1976
62
1973
1970
604
1967
256
1967
1958
1960
578
1946
82
254
1933
1929
1928
1947
1927
1927
1931
337
33
45
1921
98
48
1919
31
1916
1911
1791
544
1874
1913
1339
571
43
70
48
1895
1899
1890
1883
1896
68
284
32
1873
54
76
83
40
47
1178
1863
1857
78
341
54
59
21
1834
1840
1839
1836
1022
46
197
1821
1827
1827
1837
1826
32
46
1824
1824
113
1820
19
37
1814
1863
1811
46
88
1808
64
1804
52
1801
22
573
19
1796
1795
1788
92
1788
27
55
110
1790
80
79
787
35
1721
215
1785
315
27
1771
1785
70
20
1762
33
38
1758
393
1758
1777
26
1752
527
1748
1747
53
1741
1745
1745
1742
20
1700
1760
42
1739
26
1734
1733
20
1725
1723
34
39
1719
1716
71
547
1715
1714
34
1629
1712
1467
17
1707
1710
1705
1704
1704
211
42
1702
32
42
27
1693
15
1687
28
1757
20
1685
26
60
214
1683
1681
966
21
1677
1606
80
11
79
141
50
29
1673
1662
1662
1660
88
37
379
43
1497
55
48
61
25
221
18
199
45
79
40
1452
1597
204
215
746
17
101
40
1521
1625
64
21
83
53
107
21
40
143
10
220
16
191
511
14
12
58
1603
1602
1603
1596
1560
1593
1579
1432
487
1592
52
1598
1591
112
1587
19
1586
123
25
30
58
198
1596
1583
35
509
38
45
1576
27
298
39
24
37
29
71
1568
27
1538
1566
95
53
1563
30
1562
1561
1567
1559
19
33
17
51
49
22
22
637
12
1563
18
11
1988
1553
1553
31
16
16
16
15
15
15
15
13
12
11
1521
681
1541
306
1537
1537
86
1365
1532
1522
1529
122
86
1522
28
2215
193
1526
59
1513
1837
343
1506
48
1182
60
1501
1501
1499
1499
1399
1496
1496
1493
1395
1477
161
20
429
254
1485
218
136
78
1480
1480
294
1493
1476
1475
18
1466
184
1471
1469
1465
1319
1464
1465
1463
1462
26
1460
1012
24
834
421
35
1303
1480
1455
1454
285
1454
1452
583
1450
1448
1007
46
1448
589
64
40
68
1437
299
61
1117
46
1436
37
1428
98
1413
1271
1425
419
467
1417
1221
1415
251
1415
1412
1418
829
24
1409
1409
1010
1415
1436
259
1406
33
1404
1403
1403
52
43
54
1400
1404
1398
1396
1269
1394
1373
1392
202
1391
1470
350
238
1385
180
1383
1381
1372
238
1385
1377
1378
1012
109
851
31
1372
1336
34
1370
1370
158
62
1365
1374
1363
25
1362
45
24
1304
1358
49
27
165
25
1361
122
1355
1352
1352
1352
1349
1347
23
149
70
1343
629
1307
319
25
37
1338
1330
97
1334
39
1333
38
52
45
1364
1334
198
50
28
1334
580
1332
1328
1328
1326
24
877
28
1329
1320
65
1316
1237
621
1289
1089
1314
1312
1315
119
42
1301
1298
80
1297
1290
1295
70
1287
61
1290
16
1303
162
1287
1286
45
1283
72
1285
106
1280
1308
1277
31
51
1156
50
1274
60
1286
52
1272
1268
71
1267
1263
1265
1265
705
88
18
1268
1279
1262
1262
1255
30
93
1269
41
237
803
1172
1258
1257
67
1157
30
1253
119
1246
1248
1247
1247
126
27
26
1241
1241
1240
132
1239
1236
1236
18
1207
1232
1223
32
66
1226
50
76
109
1221
10
1220
64
15
1223
1218
63
685
150
151
1215
1214
73
266
1191
1212
1210
1209
1208
123
1210
1207
248
672
41
1181
1203
109
1200
150
141
1199
910
139
1195
292
179
1194
1193
24
10
1236
82
768
17
1184
1183
1182
1105
194
1180
1180
1178
856
1177
1177
22
22
22
1176
21
1176
107
13
1174
1025
24
900
1171
15
1185
140
21
42
1170
13
22
17
33
1164
415
16
16
31
1163
1156
1162
1161
125
1166
1188
19
1158
1159
44
1157
1155
49
1158
1153
1152
1152
88
1003
1149
1149
1151
1148
1148
889
357
202
1145
1174
17
710
1143
43
1141
1138
431
60
1138
1074
23
43
1137
497
34
1132
117
1113
1131
1131
1131
46
32
1130
1130
45
24
1129
1131
80
813
29
22
43
25
1127
1120
1129
27
25
166
347
256
255
37
16
1122
785
36
15
1128
294
28
118
17
1118
1118
166
33
63
39
1116
353
1114
421
28
12
1080
1316
18
1109
73
17
80
1024
22
1106
1105
1042
496
1104
19
19
12
1083
1109
207
144
67
1102
17
17
1101
1101
1100
15
14
14
10
1098
1098
24
1096
53
11
11
10
10
52
498
71
36
1091
76
1090
1089
1101
1088
73
59
52
16
1085
245
112
510
83
139
1083
277
1081
1053
311
1083
97
680
561
49
1080
559
384
20
1079
1076
648
18
1076
1074
59
1074
1073
23
72
85
1071
938
49
601
377
1069
1069
19
1068
1069
1067
38
17
1067
1066
457
1035
1064
1064
21
27
1064
1062
1062
271
19
32
1060
1060
794
17
10
51
37
23
16
1058
771
1057
1050
35
21
1059
41
34
20
13
236
26
1054
179
39
32
1053
17
10
51
16
29
22
29
22
29
43
16
15
1052
1050
1067
21
1049
20
1050
1048
12
1050
25
18
11
18
17
38
10
1045
212
23
23
23
16
16
23
23
23
16
23
23
1049
1044
1044
260
1043
665
14
14
21
14
1042
20
13
20
1041
19
12
12
19
1040
18
836
17
17
1041
16
100
1040
15
15
14
14
14
13
13
13
1034
740
12
12
12
12
12
11
11
11
1032
10
10
1033
842
1039
850
1023
15
16
78
1029
126
49
14
1028
55
179
1025
950
1024
422
1025
1025
1023
42
1020
1020
1019
1019
983
297
1036
1016
1025
799
1014
271
166
253
1010
30
1020
294
49
1009
160
1006
1005
1005
879
1003
429
36
1008
224
1007
1000
1000
153
139
1013
1001
999
964
922
928
858
1014
192
87
996
996
996
997
43
996
994
994
980
994
76
474
278
1059
921
990
992
999
992
926
988
989
1002
982
990
325
933
22
984
980
985
229
501
985
974
784
700
977
988
55
971
75
970
988
150
968
967
968
964
975
965
923
964
61
965
227
961
961
303
114
169
141
958
958
804
167
76
537
117
956
956
45
952
534
952
28
953
951
955
901
949
88
53
950
882
946
918
64
945
28
69
119
942
942
627
946
940
926
939
97
27
938
935
928
934
933
1170
937
526
36
99
931
931
930
153
27
31
929
894
571
927
927
143
912
23
918
924
923
1145
33
921
333
922
25
318
919
918
890
407
85
909
915
220
914
914
340
88
32
914
913
17
912
922
914
65
875
1097
846
404
907
907
907
906
885
115
59
38
113
925
1310
904
903
84
902
902
552
895
903
900
900
81
74
899
906
842
86
239
85
896
894
887
894
893
886
46
892
891
891
30
890
889
686
525
56
888
538
76
97
115
291
32
887
885
885
885
884
58
887
884
882
48
650
68
879
879
879
570
877
373
892
100
876
881
877
112
866
467
875
872
130
116
144
25
18
781
632
219
184
37
142
197
22
868
868
868
126
126
868
867
867
243
39
43
815
493
38
25
302
64
22
61
861
21
232
868
76
859
670
124
860
850
262
793
478
205
855
22
43
854
70
89
859
854
851
850
283
108
850
851
26
848
86
847
847
861
847
825
845
905
838
39
16
842
841
652
841
840
139
838
754
838
837
823
172
248
837
835
505
836
833
833
629
775
355
33
26
832
60
829
626
353
45
828
819
826
825
824
47
822
822
822
108
108
809
821
820
176
822
819
756
259
817
812
817
284
361
32
52
45
814
16
38
812
811
748
810
110
40
812
809
88
642
808
535
80
101
811
16
808
827
806
43
190
28
804
20
803
802
801
738
108
18
800
37
799
799
351
36
798
798
742
462
336
20
13
83
790
796
796
439
145
40
19
800
795
795
32
11
806
199
31
31
770
793
282
86
796
792
792
533
29
36
791
791
763
790
20
27
642
788
158
25
787
87
787
791
785
189
125
41
75
784
781
11
16
204
197
15
765
457
770
126
777
580
775
82
755
712
753
53
777
774
32
772
772
772
737
1153
785
770
770
133
769
772
768
495
33
767
256
39
144
116
775
766
766
766
136
765
674
540
763
42
35
762
538
40
124
764
760
571
242
46
598
758
723
212
757
757
750
155
29
57
756
756
749
245
56
55
20
784
747
243
19
746
242
759
41
752
94
751
751
751
751
751
751
30
57
29
749
749
140
49
482
62
750
670
26
746
746
25
745
745
59
87
32
93
36
36
756
744
702
742
21
741
741
741
27
21
614
26
864
739
25
18
18
738
311
737
23
886
78
22
148
57
525
35
70
734
27
732
732
95
32
528
31
24
730
730
44
732
729
729
729
22
58
727
727
731
663
719
26
26
19
725
11
724
724
728
721
58
72
16
22
15
15
57
721
21
28
720
76
90
721
719
719
719
719
670
495
68
12
718
718
718
711
18
717
717
17
720
716
716
604
177
30
16
715
700
714
679
35
726
27
663
362
40
12
715
711
711
620
130
137
713
710
619
199
203
59
709
331
198
16
708
708
708
365
707
707
77
707
706
706
706
643
601
48
700
708
397
704
668
24
59
703
702
702
702
30
701
701
595
105
42
700
700
699
587
566
342
27
90
720
698
698
698
698
670
40
697
690
662
696
696
66
695
694
106
694
693
693
350
63
691
691
677
40
33
615
691
690
690
676
18
698
689
94
24
667
646
688
687
610
29
22
686
231
48
623
684
684
68
631
682
682
682
682
681
681
555
170
669
680
680
680
679
679
56
592
674
34
27
677
677
677
677
677
678
676
676
74
32
32
25
25
675
675
353
164
38
39
677
674
261
30
24
462
99
36
15
36
36
85
676
672
28
14
14
84
681
671
20
13
13
670
33
19
33
675
669
669
669
256
32
11
11
668
18
667
667
646
666
666
309
239
71
29
22
71
658
28
21
668
568
664
664
657
656
89
152
26
26
26
564
25
18
25
25
18
19
482
661
661
661
248
255
17
24
17
660
660
261
23
16
660
659
316
148
15
15
27
525
14
49
658
657
657
657
650
20
27
20
20
20
90
96
655
655
655
655
95
39
18
11
654
654
640
24
10
653
121
16
16
655
15
15
654
652
483
14
14
656
650
636
649
649
649
75
47
26
24
40
636
578
1139
647
584
10
10
18
646
646
156
72
114
72
17
16
10
519
14
98
91
489
27
20
642
641
641
613
172
81
32
32
18
639
352
638
638
50
56
28
659
615
293
90
48
125
642
635
635
82
124
26
636
613
25
628
633
633
639
632
632
632
23
634
64
92
630
634
27
623
628
628
33
138
54
12
627
627
81
628
626
626
256
401
233
51
624
624
15
15
623
623
623
623
42
626
623
622
27
622
621
187
47
12
12
625
629
620
361
81
11
11
18
59
618
618
618
100
65
30
16
618
617
617
617
400
43
29
22
15
622
616
616
105
35
21
14
14
21
617
615
615
615
34
90
27
48
614
418
166
33
26
26
28
33
82
613
613
501
361
214
53
18
18
25
11
39
102
32
220
129
17
10
17
541
611
613
610
610
36
15
15
36
612
615
609
154
35
21
608
608
34
608
607
607
606
403
18
25
688
605
605
605
605
31
108
17
45
604
65
30
16
603
78
15
604
20
602
602
70
28
90
27
41
20
20
600
600
600
96
19
117
26
19
26
12
12
12
12
601
599
207
221
88
25
18
11
598
598
598
598
45
24
24
604
17
23
23
16
23
16
601
606
597
582
22
22
36
15
15
15
15
22
596
595
595
84
14
21
594
594
594
594
594
594
510
314
97
20
13
13
20
20
13
20
615
596
593
313
12
19
12
594
592
494
179
18
11
18
11
11
18
18
453
39
10
17
10
10
593
595
590
590
569
58
16
16
51
16
16
16
591
16
100
589
589
435
36
78
15
15
588
588
588
14
14
14
14
14
24
592
587
174
13
13
13
13
13
27
68
159
12
12
12
564
417
333
95
25
11
11
11
11
21
22
584
73
10
10
10
10
17
10
59
11
583
583
576
30
16
12
582
582
582
372
141
15
582
57
581
581
70
63
56
12
580
580
580
195
139
48
579
579
110
61
578
515
424
67
578
577
521
66
136
599
576
555
576
576
577
575
64
574
574
266
573
573
573
573
552
447
118
573
572
572
572
131
33
54
572
571
571
53
46
18
25
570
24
58
16
105
510
568
568
568
568
15
15
591
540
567
567
567
560
343
56
21
566
552
27
13
566
566
565
565
565
530
54
564
564
564
557
185
28
564
565
555
562
561
470
148
169
36
22
78
560
560
560
490
448
364
56
28
70
69
27
125
27
27
27
428
369
313
47
12
557
557
557
557
557
46
566
618
556
556
556
24
557
555
177
149
44
23
16
554
554
554
554
554
554
36
36
29
22
553
553
49
35
21
77
560
554
552
552
552
27
27
20
13
13
551
418
194
124
26
40
90
550
550
39
18
11
18
11
39
32
549
549
549
549
549
549
31
24
38
10
549
548
548
548
37
30
30
37
37
86
337
155
29
15
15
22
15
547
546
350
35
21
21
547
545
545
34
13
20
544
516
33
26
19
12
12
78
515
543
543
543
39
25
18
32
32
18
32
18
542
542
31
31
38
24
31
17
10
31
31
48
541
345
100
30
23
30
16
71
31
540
29
29
15
22
15
542
15
541
539
539
539
539
539
154
28
21
28
21
28
14
28
417
538
153
27
27
13
20
13
27
13
13
13
69
372
537
19
12
26
536
536
522
389
396
25
25
109
18
11
18
11
540
465
430
101
24
45
24
24
17
17
10
24
17
10
17
535
539
507
534
534
58
23
23
16
23
23
23
23
23
23
23
86
52
507
32
533
533
533
71
22
22
22
22
22
15
532
49
21
14
21
21
14
21
14
23
531
503
433
20
20
20
20
13
20
20
13
13
13
13
13
14
44
530
530
530
523
530
271
19
19
19
19
19
12
12
54
12
12
12
19
19
12
42
521
16
529
452
130
18
18
18
18
18
18
18
18
18
18
11
18
18
11
11
18
11
11
18
528
528
528
17
17
10
17
17
17
17
17
10
529
527
527
16
16
16
16
16
16
16
16
16
16
16
16
16
16
16
16
528
17
528
526
526
526
15
15
15
15
15
15
15
15
15
15
15
15
15
15
15
15
86
17
449
525
525
84
14
14
14
14
77
14
14
14
14
14
14
14
14
525
524
524
13
13
13
13
13
13
13
13
13
55
13
13
13
13
13
13
13
13
13
13
11
523
12
12
12
12
12
12
12
12
12
12
12
12
12
12
12
12
12
12
12
12
12
12
12
12
12
12
522
53
11
11
11
11
11
11
11
11
11
11
11
11
11
11
11
11
13
15
521
171
10
10
10
10
10
10
10
10
10
10
101
10
10
10
10
10
10
10
10
10
10
10
10
10
10
10
10
10
10
10
94
529
14
520
93
65
521
507
18
17
519
519
519
50
15
17
518
518
518
518
518
518
483
517
517
482
265
69
12
10
10
11
516
103
10
515
515
515
515
515
263
488
514
514
346
515
515
516
513
513
513
212
512
393
267
511
511
511
490
513
510
510
510
321
489
509
509
509
383
369
501
501
508
508
382
354
312
228
509
507
507
507
500
59
493
507
506
464
219
505
505
498
504
504
504
504
503
503
503
405
517
502
390
334
229
264
503
503
212
501
501
501
501
214
137
151
349
500
500
500
80
444
499
499
499
464
310
500
458
498
498
498
498
99
483
84
496
496
496
377
62
495
495
495
495
82
26
494
494
494
494
494
494
493
493
493
255
38
494
493
493
492
457
100
491
491
491
490
490
490
490
343
28
483
490
489
475
468
182
490
491
488
446
110
480
487
487
487
305
172
486
185
486
485
485
100
44
80
484
484
484
484
484
484
484
337
302
483
483
112
42
28
482
482
174
483
481
61
480
466
361
81
479
479
479
485
479
478
478
471
58
482
478
479
463
477
477
169
57
92
477
476
476
301
350
475
475
363
479
476
485
502
474
474
474
474
348
61
493
476
473
473
473
256
472
80
472
471
443
30
463
470
470
470
474
469
469
469
471
468
468
468
167
467
467
470
468
468
81
465
465
465
465
464
464
464
359
170
51
58
463
449
464
462
462
462
112
464
462
462
461
461
461
460
460
47
461
452
459
459
459
445
249
39
461
458
73
66
457
457
457
436
436
436
37
450
456
449
211
57
459
455
455
364
371
70
456
431
454
454
454
426
104
453
453
75
75
482
452
452
452
452
452
424
451
451
451
444
304
304
311
453
450
450
450
310
254
456
450
449
449
449
449
448
448
448
448
238
105
112
371
448
447
447
307
372
446
446
418
257
452
446
447
445
445
298
242
74
32
444
444
423
367
157
241
123
170
51
30
442
442
442
442
441
441
427
392
442
441
343
443
440
440
441
440
440
439
439
439
432
450
438
424
186
39
499
439
437
437
437
227
80
429
436
51
435
435
434
434
434
434
433
433
433
433
433
434
432
432
390
279
440
123
351
423
430
430
430
430
101
429
429
429
429
428
428
428
428
288
430
427
210
419
426
426
426
419
405
104
428
436
362
425
425
68
425
417
424
424
424
298
67
417
423
423
423
423
416
185
425
426
415
422
86
422
421
421
421
421
420
420
420
329
154
422
419
419
419
419
265
421
418
418
411
82
423
418
417
417
417
417
417
410
263
151
335
353
290
122
415
415
415
415
58
415
416
414
414
414
183
141
64
43
413
413
413
63
373
413
420
412
412
412
412
412
412
405
398
398
413
413
413
417
411
411
411
313
110
410
410
410
410
410
410
410
403
361
221
172
144
412
409
409
409
409
66
48
409
394
408
408
408
366
72
156
23
51
407
407
407
400
141
85
288
406
406
406
406
399
273
63
56
336
407
405
417
404
404
404
404
404
341
341
201
40
412
403
403
403
81
95
130
403
402
402
402
402
353
136
108
31
73
481
401
401
303
23
51
402
403
400
400
400
253
400
399
399
371
189
105
105
112
400
357
398
398
398
328
62
336
243
397
397
397
397
341
327
96
75
398
512
396
396
396
347
326
397
395
87
397
399
394
394
394
394
247
65
100
394
393
393
393
393
393
393
316
330
260
50
395
393
392
392
392
392
392
252
392
391
391
391
391
391
391
391
202
391
392
390
390
390
390
390
369
33
33
390
389
389
389
389
389
389
389
389
391
388
388
388
388
388
388
388
59
52
377
324
387
387
387
387
387
387
23
388
388
387
389
386
386
386
386
309
99
390
387
388
385
385
385
315
301
112
49
91
384
384
384
384
384
384
55
48
383
376
138
383
382
382
382
382
382
340
361
333
172
88
383
277
367
381
381
381
346
192
383
356
381
380
380
380
380
380
380
310
331
282
37
30
388
276
379
379
225
204
43
379
378
378
378
378
378
371
54
377
377
377
321
376
376
376
376
103
376
375
375
375
375
375
270
102
379
386
214
374
374
374
374
374
346
311
234
373
373
373
373
373
373
373
44
373
297
372
358
36
169
373
373
364
364
371
371
371
371
371
224
372
266
356
370
370
370
69
365
369
369
96
40
47
173
369
368
368
368
368
368
368
323
367
367
367
367
367
367
360
325
367
366
366
366
352
261
163
86
44
358
365
365
365
365
365
365
365
337
71
366
365
365
365
366
364
364
364
287
238
63
366
363
363
314
27
363
362
362
362
236
61
103
75
363
361
361
361
361
361
361
361
361
60
53
123
144
46
363
360
360
360
360
363
359
359
359
359
359
359
345
345
289
361
358
358
351
316
246
358
357
357
357
357
357
357
357
357
357
357
238
84
112
49
357
356
356
356
356
356
314
83
427
355
355
355
355
355
82
363
334
347
354
354
354
354
298
305
102
95
25
18
353
353
80
59
59
345
352
163
345
351
351
351
351
29
350
350
350
350
350
350
105
350
351
349
349
174
153
62
349
350
348
348
110
96
89
33
26
208
349
350
347
347
347
347
340
347
347
319
326
319
242
346
339
136
73
52
341
345
345
345
345
337
344
344
344
344
344
316
176
120
29
43
260
343
343
343
343
343
329
342
342
342
342
342
342
342
195
153
55
341
285
26
26
347
340
340
340
340
340
312
221
81
81
53
25
344
269
339
339
339
339
255
291
318
338
338
310
198
149
72
23
338
337
316
337
232
78
57
202
337
336
336
63
119
21
337
288
335
335
335
335
335
335
335
321
265
244
55
334
334
334
334
334
257
243
194
117
61
40
333
333
333
333
333
242
193
256
116
109
18
32
334
334
262
332
332
332
332
332
332
332
332
269
73
87
334
40
310
331
331
331
331
331
317
219
100
79
114
30
338
330
330
281
260
43
85
64
43
330
259
329
329
294
217
217
231
328
328
328
328
328
328
321
258
267
328
308
327
327
327
327
327
250
82
187
89
300
326
326
326
326
256
123
214
333
325
325
325
325
325
325
213
324
324
324
100
323
323
323
323
43
134
85
322
322
308
63
63
293
321
321
321
265
293
48
69
320
320
320
320
320
320
306
299
250
152
40
61
319
319
228
214
256
151
320
318
318
318
318
318
318
283
52
317
317
317
317
317
170
156
282
316
316
316
316
281
317
317
316
315
315
315
315
315
315
301
301
308
84
35
314
118
295
313
313
313
313
313
313
313
285
229
40
75
403
312
312
312
312
305
291
284
207
249
312
311
311
311
311
311
311
311
297
313
240
310
310
310
310
310
310
100
93
79
107
314
242
233
311
309
309
309
309
302
246
311
309
311
308
308
308
308
308
308
308
175
196
161
175
56
63
70
307
307
307
307
307
55
306
306
306
271
271
96
33
82
309
305
305
305
305
305
298
305
200
81
53
46
304
297
297
199
45
38
308
303
303
303
303
303
303
219
142
114
44
128
302
302
302
295
302
197
50
57
29
301
301
301
301
301
112
84
302
300
300
300
300
300
300
300
293
258
111
62
299
299
299
299
299
299
299
110
236
82
235
298
298
298
298
298
298
291
46
39
297
297
297
297
297
206
45
94
122
297
297
296
296
296
296
289
163
177
72
23
297
297
295
295
295
295
295
295
295
295
288
204
295
231
294
294
294
294
294
294
294
147
14
295
294
260
293
293
293
202
188
258
104
55
27
69
111
295
293
292
292
292
292
292
292
257
47
216
201
173
228
263
291
291
291
291
291
291
263
249
32
263
291
291
290
290
290
290
290
150
206
31
38
298
285
206
289
289
289
289
289
289
289
289
289
289
226
79
37
288
288
288
288
288
281
71
287
287
287
287
287
280
98
286
286
286
286
237
97
34
273
285
285
285
285
285
285
285
229
103
124
159
117
54
33
26
47
289
54
277
284
284
284
284
284
284
242
158
102
81
67
25
284
262
283
283
283
283
115
38
52
17
66
66
282
282
282
282
282
282
282
268
58
37
37
281
281
281
281
71
127
57
280
280
280
280
280
280
280
147
91
282
93
279
279
279
279
279
280
279
279
281
215
278
278
278
278
117
89
75
26
173
215
277
277
207
32
53
18
32
192
276
276
276
276
276
276
276
269
94
276
277
275
275
275
275
275
275
275
184
37
276
274
274
274
274
274
274
246
204
36
43
36
273
273
273
273
273
273
273
273
273
273
273
245
175
70
119
84
276
274
272
272
272
272
272
272
272
104
97
154
274
257
271
271
271
271
271
271
271
229
194
272
270
270
270
270
270
270
270
270
270
270
270
270
270
74
200
172
137
272
269
269
269
269
269
269
269
269
269
269
143
241
59
17
45
38
242
257
268
268
268
261
135
191
65
100
267
267
267
267
169
127
92
57
177
267
267
269
140
266
266
266
259
77
182
266
265
265
265
265
265
265
265
265
265
265
265
265
251
223
229
243
264
264
264
264
264
264
264
264
264
264
264
96
110
263
263
263
263
263
263
263
186
60
32
262
262
262
262
262
87
87
261
261
261
261
261
261
261
261
261
261
261
149
149
114
114
93
30
51
58
262
260
260
260
260
260
260
50
155
99
43
85
57
57
259
259
259
259
259
259
56
49
259
258
258
258
258
90
246
260
257
257
257
257
257
257
257
257
257
257
215
68
117
61
47
256
256
256
256
256
256
256
249
46
46
165
256
228
221
255
255
255
255
255
115
38
52
255
233
254
254
254
254
254
254
254
156
86
142
86
44
190
253
253
253
253
253
253
253
162
85
43
57
254
256
253
252
252
252
252
252
245
91
119
28
28
56
253
256
251
251
251
251
251
251
251
195
62
27
118
34
41
237
187
250
250
250
250
250
243
250
250
40
229
249
249
172
53
46
39
192
241
248
248
248
248
220
157
178
59
24
94
235
248
249
233
247
247
247
247
247
247
86
37
141
246
246
246
246
246
246
246
246
246
246
246
246
134
169
43
205
247
247
191
70
245
245
245
245
245
245
133
133
197
245
237
244
244
244
244
244
244
244
244
244
244
244
41
55
238
243
243
243
243
243
243
236
180
103
82
40
19
242
242
242
242
242
242
242
46
214
46
244
248
234
185
241
241
241
241
241
234
108
59
52
66
73
240
233
198
30
65
44
51
248
239
239
239
239
239
232
50
190
22
50
36
240
148
240
240
238
238
238
238
238
238
238
238
238
182
91
42
105
237
237
237
237
237
237
237
237
237
237
132
160
202
83
222
236
236
236
236
236
138
19
89
237
165
235
235
235
235
235
235
235
235
186
228
144
32
192
234
234
234
234
234
234
234
234
234
24
59
234
233
233
233
233
233
219
30
72
44
193
233
232
232
232
232
232
232
232
232
232
232
232
232
232
232
232
232
225
43
36
43
233
155
231
231
231
231
231
119
28
56
21
230
230
230
230
230
223
230
160
146
27
27
55
20
229
229
229
229
229
229
229
229
229
229
103
117
215
40
82
207
228
228
228
228
228
228
67
81
130
186
25
227
227
227
227
122
129
192
59
149
226
226
226
226
226
226
226
226
219
65
30
155
197
225
225
225
225
225
225
225
225
225
225
225
113
92
36
29
36
168
217
224
224
224
224
224
203
217
28
218
165
223
223
223
223
223
223
223
223
83
41
92
222
222
222
222
222
222
222
222
222
222
208
33
96
19
26
68
26
19
222
193
221
221
221
221
221
221
221
221
221
81
25
180
157
220
220
220
101
220
220
220
220
220
220
150
24
136
45
100
219
219
219
219
219
219
219
219
23
184
156
79
220
221
212
211
218
218
218
197
218
218
218
218
218
218
211
218
218
218
22
204
29
218
218
225
182
28
217
217
217
217
217
217
217
217
217
217
91
63
218
140
28
139
20
216
216
216
216
20
216
216
188
216
216
216
83
209
27
209
20
82
124
180
215
215
215
26
201
310
208
25
151
53
151
214
214
214
214
214
214
214
214
214
214
214
214
214
88
95
137
214
179
24
213
213
213
213
17
122
150
213
121
23
23
212
212
212
212
212
212
191
212
212
72
23
114
100
216
177
135
78
141
211
211
211
211
71
50
285
42
98
175
147
210
210
210
210
210
210
210
210
210
210
210
210
210
210
210
210
210
210
69
118
20
20
160
13
209
209
209
209
209
209
202
209
209
118
132
210
210
68
75
208
208
208
208
208
208
208
208
61
208
208
208
54
18
18
207
207
207
207
207
207
207
207
207
207
207
207
207
209
213
210
137
45
17
87
38
206
206
206
206
206
206
206
206
94
200
58
72
121
205
205
205
191
205
205
205
205
205
107
205
205
205
205
205
205
135
186
205
57
57
106
127
162
71
43
204
50
204
155
204
190
204
204
204
204
204
204
206
14
84
14
140
196
175
203
203
203
203
203
203
203
203
203
203
203
203
203
203
203
203
13
27
62
160
195
202
202
202
202
202
202
202
202
71
167
139
103
68
166
166
201
201
201
201
201
201
194
201
201
201
201
180
201
201
11
11
11
32
46
123
179
200
200
200
200
200
200
200
200
200
200
200
200
193
200
202
31
122
199
199
199
199
199
199
199
199
204
202
114
198
198
198
198
198
198
198
198
198
198
198
17
92
57
190
183
141
197
197
197
197
197
185
42
126
77
126
49
105
133
147
168
175
196
196
196
196
196
196
196
196
196
196
189
196
196
196
196
41
41
62
55
62
48
41
55
90
195
195
195
26
75
26
117
47
61
75
68
152
194
194
194
194
194
194
181
53
46
39
165
144
193
193
193
193
193
193
193
193
193
193
193
186
193
181
186
38
122
115
192
192
192
171
192
192
192
185
192
192
192
44
79
114
121
121
128
79
156
191
191
191
191
191
191
191
191
191
191
163
192
43
64
78
127
190
190
190
190
183
190
190
190
190
190
190
190
36
28
35
35
63
189
189
189
189
189
189
189
189
189
189
189
189
189
189
189
189
189
189
189
190
34
48
48
41
188
188
188
188
188
188
188
188
188
188
189
188
47
47
61
82
54
124
180
187
187
187
187
187
187
187
187
187
187
187
187
187
187
174
153
39
18
116
88
137
186
186
186
186
186
186
186
186
32
187
80
122
108
94
171
185
185
185
185
185
185
185
185
185
29
185
23
30
51
37
44
65
86
79
121
184
184
184
184
184
184
184
170
184
184
184
184
184
57
22
57
57
57
50
36
50
92
183
183
183
183
176
183
183
183
183
183
183
183
155
183
127
28
35
70
70
98
119
182
182
182
182
182
182
182
182
182
182
168
182
119
169
62
97
132
153
181
181
181
181
181
181
181
181
181
181
181
181
181
68
145
152
180
180
166
180
180
180
180
180
180
180
180
180
173
67
67
46
88
144
144
179
179
172
179
179
179
179
179
179
31
66
80
52
45
73
115
136
150
171
178
178
178
178
178
178
178
178
178
44
58
44
51
142
177
170
163
177
177
177
170
177
177
178
177
43
43
43
85
85
120
99
127
176
176
176
176
176
176
176
176
176
176
22
21
28
112
91
175
175
175
175
175
175
175
175
175
175
168
175
41
34
41
34
34
83
97
153
174
167
174
174
174
174
174
174
174
174
174
174
174
174
174
174
174
174
146
26
47
61
54
26
33
61
82
138
131
173
173
173
173
173
173
173
173
173
173
173
173
175
32
32
32
39
32
46
102
102
172
172
172
172
172
172
172
172
172
172
172
172
172
172
137
109
95
31
73
66
45
108
143
150
171
171
171
171
171
171
171
171
171
171
171
171
171
171
171
171
172
23
37
44
30
107
121
170
170
170
170
170
170
170
170
170
170
170
170
170
114
22
22
85
106
36
106
106
162
169
169
169
169
169
169
169
169
169
169
169
169
169
169
169
169
169
170
28
35
56
35
77
70
105
119
119
161
140
168
168
168
168
168
168
168
168
161
168
168
168
168
168
168
84
20
41
55
34
27
104
146
167
167
167
167
167
167
167
167
167
167
167
167
167
167
167
153
167
26
33
33
61
40
131
166
166
166
166
152
166
166
166
166
166
166
166
160
18
25
25
46
46
88
123
151
165
165
165
165
165
165
165
165
165
165
165
165
165
165
165
89
90
90
31
17
38
24
45
59
101
164
164
164
164
164
164
164
164
164
164
164
164
164
164
157
164
164
164
165
164
30
142
163
163
163
163
163
163
163
163
163
163
163
163
163
163
163
165
36
50
99
43
71
99
134
162
162
162
162
162
162
162
155
162
162
162
162
162
162
162
162
162
162
157
162
21
21
21
21
35
21
21
42
42
56
98
42
133
161
161
161
161
161
161
161
161
161
161
154
161
161
161
161
161
27
20
34
55
55
90
90
132
160
160
160
160
160
160
160
160
160
160
160
160
160
160
160
160
160
160
160
100
160
26
19
19
33
33
89
110
152
152
159
159
159
159
159
159
159
159
159
159
159
159
159
159
159
159
159
152
48
159
25
32
25
74
32
32
39
53
67
88
95
144
144
158
158
158
158
158
158
158
158
158
158
158
158
158
158
158
158
17
31
73
101
101
129
150
157
157
157
157
157
150
157
157
157
157
157
157
157
157
157
157
157
157
157
157
157
23
30
30
23
23
30
65
79
51
135
156
156
156
156
156
156
156
156
156
156
156
156
156
156
156
16
22
15
29
57
92
85
78
141
134
134
127
155
155
155
155
155
155
155
155
155
155
155
155
155
155
155
155
155
155
155
155
14
28
14
14
21
21
21
28
63
42
77
133
140
140
126
154
154
154
154
154
154
154
154
154
154
154
154
154
154
154
154
154
154
20
13
41
34
48
76
97
153
153
153
153
153
153
153
153
153
153
12
19
19
19
26
40
12
33
40
33
33
47
54
54
89
117
124
152
152
152
152
152
152
152
152
152
152
152
152
152
152
152
152
152
152
90
25
18
25
109
81
137
151
151
151
151
151
151
151
151
151
151
151
151
151
151
151
151
151
151
151
81
17
17
24
24
80
87
136
129
143
150
150
150
150
150
150
150
150
150
150
150
150
150
137
16
16
23
23
58
51
51
86
58
142
128
149
149
149
149
149
149
149
149
149
42
128
51
22
15
22
22
22
36
50
29
85
29
64
78
85
78
127
148
148
148
148
148
148
148
148
148
148
148
148
148
148
148
148
148
71
21
14
21
14
21
14
14
21
28
49
42
112
119
112
147
147
147
147
147
147
147
147
147
147
147
147
147
147
147
147
147
147
147
147
147
147
147
147
147
147
147
147
147
147
140
47
70
20
13
34
69
69
83
90
146
146
146
146
146
146
146
146
146
146
146
19
19
19
19
19
19
19
40
33
117
131
117
131
145
145
145
145
145
145
145
145
145
145
145
145
145
145
138
145
82
11
18
32
67
39
53
74
60
67
109
116
116
144
144
144
144
144
144
144
144
144
144
144
144
144
144
144
144
144
120
179
123
38
145
17
17
17
52
115
122
143
143
143
143
143
143
143
143
143
143
143
143
143
143
143
143
143
16
16
16
16
16
16
51
30
79
79
79
100
142
142
142
142
135
142
142
142
142
142
142
142
142
142
142
142
142
142
135
142
101
143
15
15
57
106
120
141
141
141
141
141
141
141
141
141
141
141
141
141
141
141
141
141
134
141
14
14
14
63
56
63
63
105
119
140
140
140
126
140
140
140
140
140
140
140
140
140
140
140
140
140
140
140
140
121
141
13
13
13
13
13
13
48
41
104
111
139
139
139
139
139
139
139
139
139
139
139
139
125
139
139
139
139
139
139
139
28
12
12
12
12
33
33
68
54
61
75
75
33
89
131
110
138
138
138
138
138
138
138
138
138
138
138
138
138
131
138
138
138
131
138
11
11
11
11
11
18
60
67
116
109
137
137
137
137
137
137
137
137
137
137
137
137
137
137
137
137
22
10
38
38
66
80
94
101
136
136
136
136
136
136
136
136
136
136
136
136
136
136
136
136
136
136
138
30
37
58
114
100
135
135
135
135
135
135
135
135
135
135
135
135
135
135
38
43
43
36
43
50
36
57
113
134
134
127
134
134
134
134
134
134
134
134
134
134
134
134
134
134
134
134
135
11
113
21
63
49
49
42
63
70
56
77
98
112
133
133
133
133
133
133
133
133
133
133
133
133
133
133
133
133
133
133
133
133
133
133
133
133
133
133
136
12
41
62
41
125
97
132
132
132
132
132
132
132
132
132
132
132
132
132
132
132
132
132
132
132
132
132
132
132
132
132
132
132
132
56
112
133
132
47
61
54
68
117
124
131
131
131
131
131
131
131
131
131
131
131
131
131
131
131
131
131
131
131
131
131
131
118
25
39
32
39
39
46
67
74
123
130
130
130
130
130
130
130
130
130
130
130
130
130
130
130
130
130
130
109
130
31
52
31
52
59
52
52
94
129
129
129
129
129
129
129
129
129
129
129
129
129
129
129
129
129
68
23
44
37
30
51
65
121
79
128
128
128
128
128
128
128
128
128
128
128
128
128
128
128
128
128
128
128
128
138
130
29
106
113
120
127
127
127
127
127
127
127
127
127
127
127
127
127
127
127
127
78
21
21
35
21
28
35
42
63
42
84
126
126
126
126
126
126
126
126
126
126
126
126
126
126
126
126
126
126
126
126
126
126
126
32
34
34
62
27
41
125
104
125
125
125
125
125
125
125
125
125
125
125
125
125
125
125
125
125
126
26
19
26
61
40
61
124
117
124
124
124
124
124
124
124
124
124
124
124
124
124
124
126
25
53
67
39
60
74
116
109
109
123
123
123
123
123
123
123
123
123
123
123
123
123
123
123
123
123
123
123
123
123
103
32
24
45
17
52
122
122
122
122
122
122
122
122
122
122
122
23
23
30
58
100
121
121
121
121
121
121
121
121
121
121
121
121
121
121
121
121
121
121
121
121
121
121
121
114
121
136
22
29
43
50
29
43
43
22
57
50
50
99
71
113
113
120
120
120
120
120
113
120
120
120
120
120
120
120
120
120
120
120
120
120
120
120
120
120
120
101
28
42
35
42
105
119
112
119
119
119
119
119
119
119
119
119
112
119
119
119
49
34
20
34
111
97
104
118
118
118
118
118
118
118
118
118
118
118
118
118
118
118
118
118
118
118
118
118
118
118
118
111
118
118
118
112
119
118
148
40
26
33
40
110
89
96
110
117
117
117
117
117
117
117
117
117
117
117
117
117
117
117
117
117
117
117
117
117
117
117
117
117
117
117
117
117
91
117
137
32
32
39
25
25
46
74
95
109
116
116
116
116
116
116
116
116
116
116
116
116
116
116
116
116
116
116
116
116
116
116
45
52
45
52
45
52
59
101
108
115
115
115
115
115
115
115
115
115
115
115
115
115
115
115
115
115
115
115
115
120
117
16
44
30
30
30
23
37
16
30
72
44
51
93
100
100
114
114
114
114
114
114
114
114
114
114
114
114
114
114
114
114
114
114
114
114
114
114
114
114
22
15
36
36
22
22
22
50
36
92
99
106
113
113
113
113
113
113
113
113
113
113
113
113
106
99
113
113
113
113
113
28
35
21
14
42
84
112
112
112
112
112
112
112
112
112
112
112
112
112
112
112
112
112
112
112
112
112
112
112
112
112
112
112
112
112
112
20
27
34
20
34
76
104
111
111
111
111
111
111
111
111
111
111
111
111
111
111
111
111
111
111
111
104
104
111
19
19
19
40
40
47
110
110
110
110
110
110
110
110
110
110
110
110
110
110
110
110
110
110
110
110
110
110
25
25
39
46
67
74
109
109
109
109
109
109
109
109
109
109
109
109
109
109
109
109
109
109
109
109
109
109
109
109
109
109
109
109
109
24
24
31
45
101
94
101
108
108
108
108
108
108
108
108
108
108
108
108
108
108
108
108
108
108
108
108
108
108
30
16
37
23
30
44
44
44
93
107
107
107
107
107
107
107
107
107
107
107
107
107
107
107
107
107
107
107
107
107
107
107
107
117
29
43
36
85
106
106
106
106
106
106
106
106
106
106
106
106
106
106
106
106
106
106
106
106
106
106
106
106
106
106
106
106
15
28
28
21
28
35
35
42
49
28
42
42
98
98
105
105
105
105
105
105
105
105
105
105
105
105
105
105
105
105
105
105
105
105
105
105
105
105
105
105
25
34
20
27
34
13
27
13
20
13
20
41
41
76
90
83
104
104
104
104
104
104
104
104
104
104
104
104
104
104
104
104
104
104
104
104
104
104
104
104
104
104
104
104
104
90
19
26
19
19
26
19
19
26
26
26
26
33
33
103
103
103
103
103
103
103
103
103
103
103
103
103
103
103
103
103
103
103
103
103
103
103
103
103
103
103
103
103
103
82
18
25
32
25
18
18
25
39
39
74
74
102
102
102
102
102
102
102
102
102
102
102
102
102
102
102
102
102
102
102
102
102
102
102
102
102
102
31
17
17
17
17
24
24
38
45
73
66
101
101
101
101
101
101
101
101
101
101
101
101
101
101
101
101
101
101
101
101
101
101
101
101
101
101
101
101
101
94
18
19
16
23
16
23
16
23
37
72
93
100
100
100
100
100
100
100
100
100
100
100
100
100
100
100
100
100
100
100
100
100
100
100
93
100
104
15
22
15
22
15
36
22
29
29
29
36
36
85
85
92
92
92
92
99
99
99
99
99
99
99
99
99
99
99
99
99
99
99
99
99
99
99
99
99
99
99
92
110
84
21
28
28
21
21
21
35
35
98
98
98
98
98
98
98
98
98
98
98
98
98
98
98
98
98
98
98
98
98
98
98
98
98
98
98
91
21
98
13
20
13
13
27
20
27
34
27
27
55
76
90
90
97
97
97
97
97
97
97
97
97
97
97
97
97
97
97
97
97
97
97
97
97
97
97
97
97
97
97
97
97
97
90
97
97
90
97
20
20
12
19
12
12
19
12
19
19
19
26
33
33
26
26
33
68
75
96
96
96
96
96
96
96
96
96
96
96
96
96
96
96
96
96
96
96
96
96
26
11
11
18
11
25
18
25
25
25
25
32
74
88
88
88
95
95
95
95
95
95
95
95
95
95
95
95
95
95
95
95
95
95
95
95
95
95
95
95
95
95
95
95
95
24
17
24
17
24
17
17
31
24
87
87
94
94
94
94
94
94
94
94
94
94
94
94
94
94
94
94
94
94
94
94
94
94
94
94
94
94
94
94
94
94
87
32
16
16
16
16
23
16
23
23
30
30
30
30
30
79
86
86
93
93
93
93
93
93
93
93
93
93
93
93
93
93
93
93
93
93
93
93
93
93
93
93
93
93
93
93
86
17
86
15
22
15
15
15
29
29
29
29
29
22
50
92
92
92
92
92
92
92
92
92
92
92
92
92
92
92
92
92
92
92
92
92
92
92
92
92
92
92
106
67
14
14
14
21
14
14
21
14
14
28
21
28
28
28
21
42
28
28
84
84
91
91
91
91
91
91
91
91
91
91
91
91
91
91
91
91
91
91
91
91
91
91
91
91
91
91
13
13
13
13
13
27
20
20
20
69
83
83
90
90
90
90
90
90
90
90
90
90
90
90
90
90
90
90
90
90
90
90
90
90
90
90
90
90
90
90
90
90
19
19
26
19
19
26
19
26
61
68
89
89
89
89
89
89
89
89
89
89
89
89
89
89
89
89
89
89
89
89
89
89
89
89
89
89
89
18
11
39
11
18
18
18
25
18
25
25
25
67
67
74
88
88
88
88
88
88
88
88
88
88
88
88
88
88
88
88
88
88
88
88
88
88
88
88
88
88
88
88
88
88
88
88
88
18
10
10
10
10
17
24
17
17
24
24
17
24
17
17
66
80
80
87
87
87
87
87
87
87
87
87
87
87
87
87
87
87
87
87
87
87
10
24
16
16
23
23
23
23
16
23
23
23
23
79
79
86
86
86
86
86
86
86
86
86
86
86
86
86
86
86
86
86
86
86
86
86
79
86
86
52
15
15
15
15
22
15
15
15
22
22
71
85
85
85
85
85
85
85
78
85
85
85
85
85
85
85
85
85
85
85
85
85
85
85
85
85
85
85
85
85
85
85
85
85
85
85
85
85
85
14
14
14
14
14
14
14
21
21
14
14
21
21
77
84
84
84
84
84
84
84
84
84
84
84
84
84
84
84
84
84
84
84
84
84
84
84
84
84
84
84
84
84
84
84
84
84
84
84
84
84
84
84
84
84
13
13
13
13
13
13
20
13
13
20
13
13
20
13
20
20
20
20
20
20
20
20
62
76
76
83
83
83
83
83
83
83
83
83
83
83
83
83
83
83
83
83
83
83
83
83
83
83
12
19
12
12
12
12
12
12
12
12
12
19
12
12
12
19
19
19
19
19
40
68
82
82
82
82
82
82
82
82
82
82
82
82
82
82
82
82
82
82
82
82
82
82
82
82
82
82
82
82
82
82
82
82
82
82
82
82
82
82
82
82
82
82
75
12
11
11
11
18
11
18
18
18
11
18
18
18
18
18
18
18
18
53
74
81
81
81
81
81
81
81
81
81
81
81
81
81
81
81
81
81
81
81
81
81
81
81
81
81
81
81
81
81
81
81
81
81
81
81
81
81
81
81
81
81
81
81
81
76
17
17
17
17
10
17
10
17
10
17
10
10
10
17
17
17
17
10
10
17
38
17
17
17
66
73
80
80
80
80
80
80
80
80
80
80
80
80
80
80
80
80
80
80
80
80
80
80
80
80
80
80
80
80
80
80
80
80
80
80
80
80
80
80
80
16
16
16
16
16
16
16
16
16
16
16
16
16
16
65
72
72
79
79
79
79
79
79
79
79
79
79
79
79
79
79
79
79
79
79
79
79
79
79
79
79
79
79
79
79
79
79
79
79
79
79
79
79
79
79
79
79
79
79
15
15
15
15
15
15
15
15
15
15
71
71
71
78
78
78
78
78
78
78
78
78
78
78
78
78
78
78
78
78
78
78
78
78
78
78
78
78
78
78
78
78
78
78
78
78
78
78
78
78
78
78
78
71
78
14
14
14
14
14
14
14
14
14
14
14
14
14
14
14
14
14
14
14
63
70
70
70
77
77
77
77
77
77
77
77
77
77
77
77
77
77
77
77
77
77
77
77
77
77
77
77
77
77
77
77
77
77
77
70
77
77
77
77
77
77
77
77
70
30
13
13
13
13
13
13
13
13
13
13
13
13
13
13
13
13
13
13
62
62
69
69
62
69
69
76
76
76
76
76
76
76
76
76
76
76
76
76
76
76
76
76
76
76
76
76
76
76
76
76
76
76
76
76
12
12
12
12
12
12
12
12
12
12
12
12
12
12
12
12
12
12
12
12
12
12
12
12
12
47
68
54
68
75
75
75
75
75
75
75
75
75
75
75
75
75
75
75
75
75
75
75
75
75
75
75
75
75
75
75
75
75
75
75
75
75
75
75
75
75
75
75
75
75
75
75
75
75
75
75
75
75
75
75
75
75
68
76
11
11
11
11
11
11
11
11
11
11
11
11
11
11
11
11
11
11
11
11
11
11
11
11
11
60
60
60
74
74
74
74
74
74
74
74
74
67
74
74
74
74
74
74
74
74
74
74
74
74
74
74
74
74
74
74
74
74
67
74
74
74
74
74
74
74
74
74
74
74
74
24
10
10
10
10
10
10
10
10
10
10
10
24
10
10
59
73
73
73
73
73
73
73
73
73
66
73
73
73
73
73
73
73
73
73
73
73
73
73
73
73
73
73
73
73
73
73
73
73
73
73
73
73
73
73
73
73
73
73
66
73
73
73
73
73
11
22
66
10
65
72
72
72
72
72
72
72
72
72
72
72
72
72
72
72
72
72
72
72
72
72
72
72
72
72
72
72
72
72
72
72
72
72
72
72
72
16
57
64
64
71
71
71
71
71
71
71
71
71
71
71
71
71
71
71
71
71
71
71
71
71
71
71
71
71
71
71
71
71
71
71
71
71
71
71
71
71
71
71
71
71
71
71
71
71
71
71
71
71
71
71
71
71
71
16
16
70
70
70
70
70
70
70
70
70
70
70
70
70
70
70
70
70
70
70
70
70
70
70
70
70
70
70
70
70
70
70
70
70
70
70
70
70
70
14
15
63
14
14
14
55
62
62
69
62
69
69
69
69
69
69
69
69
69
69
69
69
69
69
69
69
69
69
69
69
69
69
69
69
69
69
69
69
69
69
69
69
69
69
69
69
69
69
69
69
69
69
69
69
69
13
13
12
12
10
11
47
47
61
61
68
68
68
68
68
68
68
68
68
68
68
68
68
68
68
68
68
68
68
68
68
68
68
68
68
68
68
68
68
68
68
68
68
68
68
68
68
68
68
68
68
68
68
68
68
68
68
68
68
68
10
32
67
67
67
67
67
67
67
60
67
67
67
67
67
67
67
67
67
67
67
67
67
67
67
67
67
67
67
67
67
67
67
67
52
66
66
66
66
66
66
66
66
66
66
66
66
66
66
66
66
66
66
66
66
66
66
66
66
66
66
66
66
66
66
66
66
66
66
66
66
66
66
66
66
66
66
66
66
66
66
66
66
66
66
59
66
66
66
66
60
58
65
65
65
65
58
65
65
65
58
65
65
65
65
65
65
65
65
65
65
65
65
65
65
65
65
65
65
65
65
65
65
65
65
65
65
65
65
65
65
65
65
65
65
65
65
65
65
65
65
65
57
64
64
64
64
64
64
64
64
64
64
64
64
64
64
64
64
64
64
64
64
64
64
64
64
64
64
64
64
64
64
64
64
64
64
64
64
64
64
64
64
64
64
64
64
64
64
64
64
64
64
56
63
63
63
63
63
63
63
63
63
63
63
63
63
63
63
63
63
63
63
63
63
63
63
63
63
63
63
63
63
63
63
63
63
63
63
63
63
63
63
63
63
63
63
63
63
63
63
63
63
63
63
63
63
48
62
62
62
62
62
62
62
62
62
62
62
62
62
62
62
62
62
62
62
62
62
62
62
62
62
62
62
62
62
62
62
62
62
62
62
62
62
62
62
62
62
62
61
61
61
61
61
61
61
61
61
61
61
61
61
61
61
61
61
61
61
61
61
61
61
61
61
61
61
61
61
61
61
61
61
61
61
61
61
61
61
61
61
61
61
61
61
61
61
61
61
61
61
61
61
61
61
61
61
61
61
61
61
61
46
46
60
60
60
60
60
60
60
60
60
60
60
60
60
60
60
53
60
60
60
60
60
60
60
60
60
60
60
60
60
60
60
60
60
60
60
60
60
60
60
60
60
60
60
60
60
60
60
60
60
60
60
60
60
60
60
60
53
60
60
60
60
60
60
60
45
52
59
59
59
59
59
59
59
59
59
59
59
59
59
59
59
59
52
59
59
59
59
59
59
59
59
59
59
59
59
59
59
59
59
59
59
59
59
59
59
59
59
59
59
59
59
59
59
59
59
59
59
59
59
59
59
52
59
59
59
59
51
51
58
58
58
58
58
58
58
58
58
58
58
58
58
58
58
58
58
58
58
58
58
58
58
58
58
58
58
58
58
58
58
58
58
58
58
58
58
58
58
58
58
58
58
58
58
58
58
58
58
58
58
58
58
58
58
58
43
43
50
50
57
57
57
57
57
57
57
57
57
57
57
57
57
57
57
57
57
57
57
57
57
57
57
57
57
57
57
57
57
57
57
57
57
57
57
57
57
57
57
57
57
57
57
57
57
57
57
57
57
57
57
57
57
57
57
57
57
57
57
49
56
56
56
56
56
56
56
56
56
56
56
56
56
56
56
56
56
56
56
56
56
56
56
56
56
56
56
56
56
56
56
56
56
56
56
56
56
56
56
56
56
56
56
56
56
56
56
56
56
56
56
56
56
56
56
56
56
56
56
56
56
56
42
34
55
55
55
55
55
55
55
55
55
55
55
55
55
55
55
55
55
55
55
55
55
55
55
55
55
55
55
55
55
55
55
55
55
55
55
55
55
55
55
55
55
55
55
55
55
55
55
55
55
55
55
55
55
55
55
55
55
55
55
55
55
47
47
54
54
54
54
54
54
54
54
54
54
54
54
54
54
54
54
54
54
54
54
54
54
54
54
54
54
54
54
54
54
54
54
54
54
54
54
54
54
54
54
54
54
54
54
54
54
54
54
54
54
54
54
47
54
54
54
54
54
48
39
46
53
53
53
53
53
53
53
53
53
53
53
53
53
53
53
53
53
53
53
53
53
53
53
53
53
53
53
53
53
53
53
53
53
53
53
53
53
53
53
53
53
53
53
53
53
53
53
53
53
53
52
52
52
52
52
52
52
52
52
52
52
52
52
52
52
52
52
52
52
52
52
52
52
52
52
52
52
52
52
52
52
52
52
52
52
52
52
52
52
52
52
52
52
52
52
52
52
52
52
52
52
52
52
52
53
51
51
51
51
51
51
51
51
51
51
51
51
51
51
51
51
51
51
51
51
51
51
51
51
51
51
51
51
51
51
51
51
51
51
51
51
51
51
51
51
51
51
51
51
51
51
51
50
50
50
50
50
50
50
50
50
50
50
50
50
50
50
50
50
50
50
50
50
50
50
50
50
50
50
50
50
50
50
50
50
50
50
50
50
50
50
50
50
50
49
49
49
49
49
49
49
49
49
49
49
49
49
49
49
49
49
49
49
49
49
49
49
49
49
49
49
49
49
49
49
49
49
49
49
49
49
49
49
49
49
49
49
49
49
49
49
49
48
48
48
48
48
48
48
48
48
48
48
48
48
48
48
48
48
48
48
48
48
48
48
48
48
48
48
48
48
48
48
48
48
48
48
48
48
48
48
48
48
48
48
48
48
48
48
48
48
48
48
48
48
48
48
48
48
48
48
48
48
48
48
48
48
94
47
40
47
47
47
47
47
47
47
47
47
47
47
47
47
47
47
47
47
47
47
47
47
47
47
47
47
47
47
47
47
47
47
47
47
47
47
47
46
46
46
46
46
46
46
46
46
46
46
46
46
46
46
46
46
46
46
46
46
46
46
46
46
46
46
46
46
46
45
45
45
45
45
45
45
45
45
45
45
45
45
45
45
45
45
45
45
45
45
45
45
45
45
44
44
44
44
44
44
44
44
44
44
44
44
44
44
44
44
44
44
44
44
44
44
44
44
44
44
44
43
43
43
43
43
43
43
43
43
43
43
43
43
43
43
43
43
43
43
43
43
43
43
43
43
43
42
42
42
42
42
42
42
42
42
42
42
42
42
42
42
42
42
42
41
41
41
41
41
41
41
41
41
41
41
41
41
40
40
40
40
40
40
32
32
39
39
39
39
39
39
32
38
38
38
37
37
37
37
36
35
35
35
41
38
15
19
