646
423
183
182
182
164
153
146
139
630797
134
126
126
118
113
99
93
92
87
75
68
58
58
56
55
52
48
47
375
204046
43
134728
98714
84430
76400
3590
63020
493
54309
51366
102
45430
41995
39906
38933
36758
37393
35391
36309
32950
23874
29085
26304
3089
24624
21932
20815
19570
18827
18875
17644
330
15692
15954
16227
7799
16379
15918
15843
16019
827
8111
602
13686
154
14299
14136
13923
13829
13326
12999
13048
13145
1512
12492
847
11888
11627
11862
11955
7956
109
10873
10969
10631
4233
10360
10047
10219
1088
9749
9632
9298
9712
9805
9917
9446
9311
9440
9077
9540
6976
9081
217
218
4189
176
9058
8676
8404
8725
8071
8359
8324
7922
8092
8078
8072
7860
8096
7870
8111
7752
8434
7916
7696
3675
7703
7596
134
7632
7726
7509
7721
7583
158
2293
7195
7156
7514
7080
6827
6965
6908
1630
354
6680
7142
6612
6664
3033
702
6495
6723
2465
6429
6415
6641
6258
6568
6171
6786
1998
1923
6178
6030
5831
6265
5911
5969
720
5865
5687
5708
488
5735
5503
5456
5416
5574
5405
5236
5341
5283
5386
5265
5315
5104
5358
5017
4871
4748
4975
4898
4849
4800
4783
4730
4865
4849
4528
4651
4603
4504
104
4412
4340
355
4317
4375
4382
3966
4212
1120
4005
4139
4280
101
4007
849
4081
1433
3989
3879
3889
3817
3890
3636
2934
2078
3834
3930
3985
3862
3958
1507
3800
3782
3865
3708
3840
3512
3705
3691
3638
3778
3679
3657
3661
3812
3610
3660
3678
187
336
3747
3539
3592
3527
3727
3529
3464
3478
729
3471
3531
3360
3485
3414
3491
3495
3459
3380
99
3349
3442
3381
3342
3415
3340
3294
3440
3422
3256
3485
3425
770
3210
3229
3291
3226
3234
3170
3163
460
3272
3232
3083
3114
3059
2626
3089
3083
299
3056
426
3011
3079
3098
3073
3108
3066
3083
2940
2864
2871
1799
2469
887
2605
2954
2842
2886
2820
2824
2881
2815
2812
2813
2894
2892
2893
2819
2773
2762
1547
2768
954
2785
582
180
2763
2724
2918
2777
2735
2708
2734
2774
2767
2853
278
2760
2745
2802
2708
840
2760
2702
335
2645
2670
2643
2603
2716
2633
2571
2702
2585
2592
2097
2565
2557
2590
2554
2522
2480
2526
2523
2489
2480
2485
2523
2427
2464
2478
2437
2423
343
2485
2436
653
2440
315
2530
2374
2388
2429
2397
2407
2384
2395
2364
2360
2295
2314
2219
2314
2305
2295
1774
2262
2275
2315
2293
2268
2234
1752
2265
2224
2277
2247
2244
2199
2321
2187
2182
2182
2246
2187
2163
2218
2153
2149
944
2125
90
2125
2106
2128
2097
444
2167
2131
2067
2122
2098
2109
96
2070
2148
2120
2145
2095
2143
2089
2080
2064
58
2053
2066
2036
2096
1703
2033
251
2021
2097
2051
1986
1965
2044
1977
2047
1979
2007
1966
1926
1925
1921
1905
226
1897
270
1946
1904
1892
1938
1927
1872
1908
1865
1911
1668
1917
1886
1858
1867
1843
1847
1866
1852
1820
1885
1824
1794
506
1825
1782
381
1766
1751
1778
1773
1761
1756
1741
1793
1746
1735
1763
1732
1805
1780
1724
1720
1730
1709
1698
1721
1777
1729
1733
1688
1690
1687
1707
1691
1718
1714
1671
1670
1670
1693
1695
1697
1665
1659
1669
853
1748
1664
1672
1642
1692
1639
233
1620
153
1629
1652
1681
119
1663
1612
1636
1603
321
1603
1598
1600
1667
1635
1664
1625
1631
1590
1612
1605
1577
931
1575
1585
416
1567
1563
1563
1546
1531
1538
1529
1521
1576
1540
1551
1515
1511
362
1516
1541
1514
1545
1497
407
1323
1529
1508
1517
1499
1468
1482
1468
244
1466
166
1456
1480
746
402
1450
1463
1453
1481
893
1466
1448
68
1462
53
1437
1435
1419
596
1426
1405
1412
1408
1427
1439
1413
1441
1394
1391
1433
1424
175
1394
1398
1440
1403
1377
1390
1388
965
171
1429
1387
1432
1368
1357
1384
1350
1385
1351
98
196
790
1338
1391
1336
1334
1335
1339
1345
1323
1266
1335
1353
1320
1082
1324
490
1315
1314
1326
1318
1324
1327
1312
1297
1301
1326
1312
1292
1321
1302
1341
1339
1325
1283
1304
1282
1315
1279
1275
1273
1276
1300
1269
1276
1262
1259
545
1264
1245
1260
1289
1221
1264
1258
1254
1273
1248
1245
1243
727
1239
1257
1245
1235
1271
49
1236
1231
1258
1240
1227
1227
1245
1242
1262
1229
1224
1224
1228
132
707
1212
1020
1261
1232
105
1208
245
1213
1202
1210
1189
775
1188
1221
1196
1185
1190
1184
1185
1186
1188
1194
1178
1170
1189
1185
1176
865
1189
363
1191
1165
1167
1175
1172
1163
1163
1169
1161
1165
1180
436
1154
1154
62
1153
1163
1151
1184
1159
1195
812
1140
1158
1178
369
1144
1136
58
1138
1132
1131
1140
1141
1151
1127
1136
1153
1126
1124
412
1130
1123
1120
1126
1116
968
1123
1144
1122
1119
1128
1115
1107
1106
1121
162
1124
1099
1098
1098
1100
499
1096
1093
1093
1095
1131
1092
1100
1097
1094
402
992
1087
1087
1090
1093
1088
1097
1086
1079
1084
643
1093
1110
1081
1115
1073
842
1088
1070
1073
1072
1071
1063
1067
1094
1069
1074
1109
1064
1057
1087
1060
1055
150
1089
1064
1052
1049
201
1062
355
1075
1047
1045
1044
1045
1051
1053
1041
1064
1115
1036
1068
1033
1042
1026
871
1025
955
381
646
127
1025
1015
993
1036
1021
1028
1013
1024
1020
228
1006
1005
1005
1002
1003
1020
126
1010
1012
156
997
1000
995
930
1024
996
187
514
997
991
987
273
1005
979
981
979
980
987
976
974
148
975
972
970
971
140
965
970
964
965
120
960
275
954
972
967
951
954
51
537
955
952
154
949
949
966
941
950
940
938
939
983
941
940
938
933
935
933
957
935
384
82
938
933
965
929
934
943
927
928
928
928
923
927
921
852
938
920
920
115
919
919
928
918
916
916
914
562
913
913
834
924
910
919
908
914
908
206
908
910
903
908
904
899
885
898
296
918
898
896
195
893
896
884
847
889
288
907
881
882
894
880
879
878
115
879
886
874
873
872
339
873
226
899
868
873
869
910
879
870
911
863
863
876
871
860
859
859
306
872
874
875
865
857
857
863
854
620
853
866
865
850
850
848
857
863
846
843
843
841
845
859
840
844
863
839
840
837
835
836
840
847
835
845
835
843
843
833
830
838
830
830
826
825
741
846
830
827
831
821
821
826
823
818
816
816
521
816
817
815
819
149
810
810
607
809
810
809
807
212
809
807
810
808
813
810
116
136
800
802
812
806
98
811
799
797
797
798
796
800
795
99
224
578
790
797
789
789
789
789
798
786
785
736
784
784
784
98
783
782
788
783
780
781
789
799
442
788
777
604
776
777
773
773
773
773
771
772
780
777
770
774
767
767
732
765
765
764
764
763
764
769
762
761
440
760
769
759
764
113
767
756
189
757
757
761
762
754
752
746
746
747
746
744
164
771
746
743
744
749
742
743
740
740
739
739
740
738
723
736
735
740
736
732
734
575
735
732
727
728
753
726
727
728
571
724
724
724
458
726
728
724
722
127
724
722
690
721
721
727
725
718
733
720
720
716
716
715
715
672
719
713
711
711
710
709
710
719
687
707
707
706
712
720
705
88
88
703
703
702
702
162
703
700
700
98
703
292
702
706
697
696
697
698
695
695
696
697
693
693
160
699
692
693
695
694
689
699
687
685
683
683
685
681
681
680
679
679
691
327
678
677
675
674
674
673
672
670
670
669
672
668
668
674
666
667
665
665
664
594
618
663
665
665
661
661
665
659
659
659
280
659
658
655
656
654
653
654
652
652
651
651
657
651
214
657
647
647
648
659
647
649
645
651
357
652
642
642
641
641
643
640
640
640
144
639
639
639
640
641
638
638
641
639
635
636
635
634
634
634
636
633
136
632
639
641
540
637
630
628
628
627
633
626
626
619
629
609
625
624
623
622
623
624
621
623
606
620
620
622
623
619
619
705
618
618
618
620
617
617
216
614
613
612
612
611
610
611
567
610
608
608
607
607
606
607
332
604
233
604
603
603
607
604
605
602
602
602
601
601
600
600
572
75
68
604
601
599
599
597
597
596
595
91
598
596
594
594
594
572
593
593
593
592
592
591
157
592
593
590
588
588
597
552
552
590
586
584
583
584
583
587
582
580
580
585
579
313
579
578
578
577
577
576
576
575
574
574
575
573
573
574
572
572
572
571
596
570
570
568
568
567
566
566
566
565
565
565
565
564
564
564
564
81
564
566
570
565
562
563
561
562
560
560
563
559
559
558
558
558
558
558
557
556
556
557
555
557
554
554
554
556
554
541
553
455
553
552
552
552
551
180
550
550
549
551
548
548
547
546
546
546
546
563
545
153
546
544
544
543
543
544
542
541
541
541
543
540
540
540
540
539
539
541
538
538
537
536
536
552
536
537
535
535
534
534
534
534
533
533
533
533
532
532
532
532
533
531
531
531
531
531
530
530
529
529
528
241
213
59
525
525
540
524
524
522
522
522
522
520
520
519
519
520
427
518
518
518
518
518
112
517
104
517
516
515
515
515
515
514
227
540
513
513
513
517
512
513
511
511
511
510
510
510
510
510
510
509
509
509
508
508
506
506
505
505
505
43
420
504
504
504
504
503
503
504
502
502
502
236
403
501
501
501
445
500
500
499
499
499
197
497
497
497
497
497
496
495
495
495
494
494
495
496
493
492
492
492
492
496
491
491
492
493
492
488
488
488
489
487
486
486
486
486
486
490
485
484
484
483
483
483
483
482
482
482
482
482
482
482
481
481
481
481
480
480
480
417
479
479
479
478
478
478
478
478
477
477
477
477
476
476
476
140
475
475
476
474
474
473
473
59
472
472
472
471
471
471
471
471
470
470
470
471
471
469
469
469
483
476
468
468
467
467
466
467
465
465
465
465
465
465
464
464
463
463
464
462
462
462
462
462
462
461
461
468
460
460
459
459
459
459
136
458
458
458
458
459
457
457
457
274
456
456
456
456
456
456
456
456
456
455
455
455
455
454
454
454
454
453
453
453
249
452
452
452
451
451
451
452
450
450
450
451
450
197
449
449
449
449
450
449
447
447
447
447
446
446
446
446
445
445
445
445
444
437
444
444
443
443
443
443
442
442
441
441
441
441
440
440
96
138
439
439
439
438
437
437
436
437
400
435
435
435
437
434
434
434
433
433
433
441
432
432
432
432
431
431
431
431
276
430
438
429
429
435
428
428
428
428
428
427
427
427
427
427
427
426
299
425
425
425
425
425
425
433
249
424
424
424
424
115
346
422
422
422
422
423
424
421
421
421
421
421
421
422
308
420
420
420
420
104
146
419
418
418
418
418
418
418
419
418
417
417
417
417
417
416
416
416
415
415
415
415
414
414
414
414
414
415
413
413
412
412
412
411
410
410
410
409
359
408
408
408
408
408
408
416
407
407
406
406
406
406
104
258
405
404
404
404
403
403
403
403
402
402
401
401
85
400
400
400
400
400
400
84
399
399
398
398
117
173
397
397
397
397
396
396
396
396
395
395
395
394
394
393
393
393
393
217
392
392
392
392
392
392
76
391
391
391
391
390
390
390
390
390
390
389
389
389
389
101
388
388
388
387
387
386
386
386
386
386
386
386
386
385
385
385
385
385
385
384
384
384
384
384
384
54
383
383
383
383
383
383
383
383
384
130
382
382
382
382
381
381
381
381
317
380
380
379
379
379
379
379
379
379
84
378
378
378
378
97
377
377
377
378
377
378
292
376
376
375
375
375
375
375
376
86
373
373
373
373
373
373
352
379
211
372
372
372
372
372
105
371
371
371
371
372
370
370
370
370
369
369
369
369
369
263
368
367
367
367
367
367
368
149
366
366
78
365
365
365
365
365
365
365
365
364
364
364
364
364
55
363
363
363
363
363
363
364
362
362
362
362
361
361
45
66
360
360
360
360
360
360
361
121
359
359
359
359
359
359
359
358
358
358
358
358
357
357
357
357
357
362
356
356
356
356
356
356
356
355
355
355
355
263
354
354
362
129
192
353
353
353
353
353
353
353
353
353
354
65
352
352
352
352
352
352
352
352
357
351
351
351
351
351
351
356
259
350
350
350
350
350
350
349
349
349
349
349
349
349
349
348
348
348
348
102
347
347
347
347
346
346
346
346
346
346
346
346
346
198
345
346
113
344
344
344
344
344
344
344
344
344
343
343
343
343
258
342
342
342
342
343
257
341
341
341
341
341
341
341
341
341
341
340
340
340
339
339
339
339
339
339
339
205
247
338
338
338
338
338
338
338
338
337
337
337
337
175
336
336
336
336
336
336
336
335
335
335
335
335
278
334
334
334
179
333
333
333
333
333
333
335
332
332
331
331
331
331
331
197
330
330
330
330
330
182
140
231
329
329
329
329
329
83
328
328
328
328
327
327
327
327
327
327
277
326
326
326
326
326
326
326
326
277
325
325
325
325
325
149
324
324
324
324
324
323
323
323
323
323
98
322
322
322
322
322
322
322
322
322
62
321
321
321
321
321
321
321
40
236
320
320
320
320
320
320
320
320
313
32
319
319
319
319
318
318
318
310
317
317
317
317
317
317
57
316
316
316
316
316
316
308
315
315
315
315
316
76
314
314
314
314
314
173
313
313
313
313
313
313
313
313
313
313
312
312
312
312
312
312
115
311
311
311
311
311
311
311
296
310
310
310
310
310
310
310
310
310
309
309
309
309
309
309
309
309
309
301
308
308
308
308
308
308
308
308
308
307
307
307
307
307
307
307
306
306
306
306
306
306
306
306
306
306
306
306
310
305
305
305
305
305
305
305
305
305
305
304
304
304
303
303
303
303
303
71
302
302
302
302
302
303
302
301
301
301
301
301
301
301
167
300
300
300
300
300
300
300
300
299
299
299
299
299
299
299
299
299
299
298
298
298
298
298
298
298
298
298
298
298
298
115
297
297
297
297
297
297
297
297
297
297
297
296
296
296
296
296
296
296
296
296
43
113
295
295
295
295
295
295
295
295
295
295
295
295
294
294
294
294
295
293
293
293
293
293
293
293
293
292
292
292
292
292
292
292
292
291
291
291
291
291
291
291
291
291
291
290
290
290
290
290
290
290
290
290
290
290
290
290
289
289
289
141
288
288
288
288
288
288
288
98
287
287
287
287
287
287
286
286
286
286
286
286
286
285
285
285
285
285
285
285
285
285
284
284
284
284
284
284
284
284
94
283
283
283
283
283
283
44
107
282
282
282
282
282
282
253
281
281
281
281
281
281
281
281
281
281
281
281
281
280
280
280
280
280
280
280
280
280
280
280
279
279
279
279
138
278
278
278
278
278
278
278
277
277
277
277
277
108
276
269
276
276
276
276
276
276
276
275
275
275
275
275
275
275
275
275
275
274
274
274
274
274
274
274
274
274
274
274
274
274
274
274
274
273
273
273
273
273
273
273
273
273
273
273
273
153
272
272
272
272
272
272
272
272
272
272
272
271
271
271
271
271
271
271
271
271
271
271
271
271
271
271
270
270
270
270
270
270
270
270
270
270
270
270
270
199
206
269
269
269
269
269
269
269
269
269
269
269
269
269
79
268
268
268
268
268
268
268
268
268
261
78
267
267
267
267
267
267
267
267
267
267
269
266
266
266
202
265
265
265
265
265
265
265
265
265
264
264
264
264
264
264
264
264
264
264
243
264
263
263
263
263
263
263
263
263
263
262
262
262
262
262
262
262
262
262
262
262
262
262
262
262
262
261
261
261
261
261
261
261
261
261
263
260
260
260
260
260
260
260
260
259
259
259
259
259
259
259
259
259
259
259
258
258
258
258
258
258
258
258
258
257
257
257
257
257
257
257
257
74
256
256
256
256
256
256
256
256
256
256
228
261
255
255
255
255
255
255
255
257
254
254
254
254
253
253
253
253
253
253
253
253
253
253
253
253
175
252
252
252
252
252
252
252
252
252
252
251
251
251
251
251
251
251
251
251
251
251
251
250
250
250
250
250
250
250
250
250
249
249
249
249
249
249
249
249
249
249
249
249
249
249
221
248
248
248
248
248
248
248
248
248
248
248
248
248
248
248
248
163
247
247
247
247
247
247
247
247
247
247
247
247
246
246
246
246
246
246
246
246
246
77
70
245
245
245
245
245
245
245
245
245
254
244
244
244
244
244
244
244
244
244
167
244
244
244
244
244
244
248
89
201
243
243
243
243
243
243
243
243
243
243
243
243
243
243
243
243
243
243
243
243
110
242
242
242
242
242
242
242
242
242
242
242
242
242
241
241
241
241
241
241
241
241
241
241
241
240
240
240
240
240
240
240
240
240
240
240
240
240
239
239
239
239
239
239
239
239
239
239
239
239
238
238
238
238
238
238
238
238
230
237
237
237
237
237
237
237
237
237
236
236
236
236
236
236
236
236
236
236
236
236
229
180
235
235
235
235
235
235
235
235
235
235
234
234
234
234
234
234
234
234
234
234
233
233
233
233
233
233
233
233
233
233
233
233
233
233
232
232
232
232
232
232
232
232
232
232
232
232
232
56
231
231
161
231
231
231
231
231
231
231
231
231
231
231
62
55
132
230
230
230
230
230
230
230
230
230
61
229
229
229
229
229
229
229
229
229
229
229
229
229
229
229
229
228
228
207
228
228
228
228
228
228
228
228
228
233
227
227
227
227
227
227
227
227
227
227
227
227
121
226
226
226
226
226
226
226
226
226
226
226
226
226
226
226
226
226
226
226
225
225
225
225
225
225
225
225
225
225
225
225
225
225
225
225
225
127
224
224
224
224
224
224
224
224
224
224
224
224
224
224
224
224
223
223
223
223
223
223
223
223
223
222
222
222
222
222
222
222
222
222
222
222
222
222
222
221
221
221
221
221
221
221
221
221
220
220
220
220
220
220
220
220
220
220
220
220
219
219
219
219
219
219
219
219
219
219
219
219
219
219
198
204
218
218
218
218
218
218
218
218
218
78
217
217
217
217
217
217
217
217
217
217
217
217
217
216
216
216
216
216
216
216
216
216
215
215
215
215
215
215
215
215
215
215
215
215
214
214
214
214
214
214
214
214
214
214
214
213
213
213
213
213
213
213
213
213
213
213
213
213
213
213
213
171
212
212
212
212
212
212
212
212
212
212
212
212
212
212
212
211
211
211
211
211
211
211
211
211
211
211
211
211
211
211
211
197
141
210
210
210
210
210
210
210
210
210
210
210
210
210
210
210
209
209
209
209
209
209
209
209
209
209
209
209
209
209
209
209
209
41
208
208
208
208
208
208
208
208
208
208
208
208
207
207
207
207
207
207
207
207
207
207
207
207
207
207
199
206
206
206
206
206
206
206
206
206
206
206
206
206
59
205
205
205
205
205
205
205
205
205
205
205
205
205
205
205
205
204
204
204
204
204
204
204
204
204
204
204
204
204
204
204
85
203
203
203
203
203
203
203
203
203
203
203
203
203
203
203
203
203
202
202
202
202
202
202
202
202
202
202
202
202
202
202
202
202
201
201
201
201
201
201
201
201
201
201
201
201
201
201
200
200
200
200
200
200
200
200
200
200
200
200
200
200
199
199
199
199
199
199
199
199
199
199
199
199
199
199
199
199
198
198
198
198
198
198
198
198
198
198
198
198
198
198
198
198
198
198
198
198
198
58
197
197
197
197
197
197
197
197
197
197
197
197
78
199
196
196
196
196
196
196
196
196
196
196
196
196
196
196
196
195
195
195
195
195
195
195
195
195
195
195
195
194
194
194
194
194
194
194
194
194
194
194
194
194
194
194
194
194
193
193
193
193
193
193
193
193
193
193
193
193
193
193
193
193
193
193
193
193
102
81
150
192
192
192
192
192
192
192
192
192
192
192
192
192
192
192
192
191
191
191
191
191
191
191
191
191
191
191
191
191
191
191
191
191
191
191
191
163
190
190
190
190
190
190
190
190
190
190
190
190
190
190
190
190
190
190
190
190
190
189
189
189
189
189
189
189
189
189
189
189
189
189
189
189
189
189
189
189
189
189
189
188
188
188
188
188
188
188
188
188
188
188
188
188
188
188
188
188
188
188
188
187
187
187
187
187
187
187
187
187
187
187
187
187
187
187
152
186
186
186
186
186
186
186
186
186
186
186
186
186
186
185
185
185
185
185
185
185
185
185
185
185
185
185
185
185
185
185
185
185
185
185
185
184
184
184
184
184
184
184
184
184
184
184
184
184
184
184
184
184
184
184
184
184
177
183
183
183
183
183
183
183
183
183
183
183
183
183
183
183
183
183
176
182
182
182
182
182
182
182
182
182
182
182
182
182
182
182
182
182
181
181
181
181
181
181
181
181
181
181
181
181
181
181
181
181
181
181
181
181
181
174
153
180
180
180
180
180
180
180
180
180
180
180
180
180
180
180
180
75
89
179
179
179
179
179
179
179
179
179
179
179
179
179
179
179
179
178
178
178
178
178
178
178
178
178
178
178
178
178
178
178
178
178
178
178
178
178
177
177
177
177
177
177
177
177
177
177
177
177
177
177
177
177
177
176
176
176
176
176
176
176
176
176
176
176
176
176
176
176
176
176
176
176
176
176
176
176
176
176
176
176
176
176
175
175
175
175
175
175
175
175
175
175
175
175
175
175
175
175
175
175
175
140
119
174
174
174
174
174
174
174
174
174
174
174
174
174
174
174
174
174
174
174
174
174
174
173
173
173
173
173
173
173
173
173
173
173
173
173
173
173
173
173
166
172
172
172
172
172
172
172
172
172
172
172
172
172
172
172
172
172
172
172
172
172
172
172
172
172
172
172
172
172
172
88
171
171
171
171
171
171
171
171
171
171
171
171
171
171
171
171
171
171
171
171
171
171
171
171
171
164
108
170
170
170
170
170
170
170
170
170
170
170
170
170
170
170
170
170
170
170
170
170
170
170
170
170
51
169
169
169
169
169
169
169
169
169
169
169
169
169
169
169
169
169
50
168
168
168
168
168
168
168
168
168
168
168
168
167
167
167
167
167
167
167
167
167
167
167
167
167
167
167
167
167
167
167
166
166
166
166
166
166
166
166
166
166
166
166
166
166
166
166
166
166
166
166
166
166
166
166
166
166
166
166
166
166
166
166
166
166
166
166
166
166
167
158
165
165
165
165
165
165
165
165
165
165
165
165
165
165
165
165
165
165
165
165
165
165
165
165
115
164
164
164
164
164
164
164
164
164
164
164
164
164
164
164
164
164
164
164
164
164
164
164
164
157
163
163
163
163
163
163
163
163
163
163
163
163
163
163
163
65
44
162
162
162
162
162
162
162
162
162
162
162
162
162
162
162
162
162
162
162
162
162
162
155
161
161
161
161
161
161
161
161
161
161
161
161
161
161
161
161
161
161
161
161
161
161
161
161
161
161
161
160
160
160
160
160
160
160
160
160
160
160
160
160
160
160
160
160
160
160
160
160
160
160
160
160
160
160
160
160
138
159
159
159
159
159
159
159
159
159
159
159
159
159
159
159
159
159
159
159
159
159
159
159
159
159
159
159
159
158
158
158
158
158
158
158
158
158
158
158
158
158
158
158
158
158
158
158
158
158
53
157
157
157
157
157
157
157
157
157
157
157
157
157
157
157
157
157
157
157
157
157
157
157
157
157
157
157
157
156
156
156
156
156
156
156
156
156
156
156
156
156
156
156
156
156
156
156
156
156
156
156
156
156
156
155
155
155
155
155
155
155
155
155
155
155
155
155
155
155
154
154
154
154
154
154
154
154
154
154
154
154
154
154
154
154
154
98
70
70
153
153
153
153
153
153
153
153
153
153
153
153
153
153
153
153
153
153
153
153
153
153
153
153
153
153
153
153
83
152
152
152
152
152
152
152
152
152
152
152
152
152
152
152
152
152
152
152
152
152
152
152
152
152
144
151
151
151
151
151
151
151
151
151
151
151
151
151
151
151
151
151
151
151
151
151
151
151
151
151
151
109
53
150
150
150
150
150
150
150
150
150
150
150
150
150
150
150
150
150
150
150
150
150
150
150
150
150
150
150
149
149
149
149
149
149
149
149
149
149
149
149
149
149
149
149
149
149
149
149
149
148
148
148
148
148
148
148
148
148
148
148
148
148
148
148
148
148
148
148
148
148
148
148
57
147
147
147
147
147
147
147
147
147
147
147
147
147
147
147
147
147
147
147
147
147
147
147
147
147
147
147
147
147
147
147
125
146
146
146
146
146
146
146
146
146
146
146
146
146
146
146
146
146
146
146
146
146
146
146
146
146
146
146
146
146
146
145
145
145
145
145
145
145
145
145
145
145
145
145
145
145
145
145
145
145
145
145
145
145
145
145
145
145
145
145
145
145
144
144
144
144
144
144
144
144
144
144
144
144
144
144
144
144
144
144
144
144
144
144
144
144
144
144
144
144
144
144
144
144
144
144
144
144
74
143
143
143
143
143
143
143
143
143
143
143
143
143
143
143
143
143
143
143
143
143
143
143
143
143
143
143
143
143
143
142
142
142
142
142
142
142
142
142
142
142
142
142
142
142
142
142
142
142
142
142
142
142
142
142
141
141
141
141
141
141
141
141
141
141
141
141
141
141
141
141
141
141
141
141
141
141
141
141
141
141
141
141
141
140
140
140
140
140
140
140
140
140
140
140
140
140
140
140
140
140
140
140
140
140
140
140
140
140
140
140
140
140
139
139
139
139
139
139
139
139
139
139
139
139
139
139
139
139
139
139
139
139
139
139
139
139
139
139
139
139
139
111
55
27
138
138
138
138
138
138
138
138
138
138
138
138
138
138
138
138
138
138
138
138
138
138
138
138
138
138
138
138
138
138
138
138
138
138
137
137
137
137
137
137
137
137
137
137
137
137
137
137
137
137
137
137
137
137
137
137
137
137
137
137
137
137
137
137
137
137
137
67
136
136
94
136
136
136
136
136
136
136
136
136
136
136
136
136
136
136
136
136
136
136
136
135
135
135
135
135
135
135
135
135
135
135
135
135
135
135
135
135
135
135
135
135
135
135
135
135
135
135
135
135
135
135
135
135
135
135
135
135
135
135
134
134
134
134
134
134
134
134
134
134
134
134
134
134
134
134
134
134
134
134
134
134
134
134
134
134
134
134
134
134
134
106
133
133
133
133
133
133
133
133
133
133
133
133
133
133
133
133
133
133
133
133
133
133
133
133
133
133
132
132
132
132
132
132
132
132
132
132
132
132
132
132
132
132
132
132
132
132
132
132
132
132
132
132
132
132
132
132
132
132
131
131
131
131
131
131
131
131
131
131
131
131
131
131
131
131
131
131
131
131
131
131
131
131
131
131
131
131
131
131
131
131
131
131
131
131
131
131
131
131
131
130
130
130
130
130
130
130
130
130
130
130
130
130
130
130
130
130
130
130
130
130
130
130
130
130
130
130
130
130
130
130
130
130
130
67
129
129
129
129
129
129
129
129
129
129
129
129
129
129
129
129
129
129
129
129
129
129
129
129
129
129
129
129
129
129
129
129
129
129
129
128
128
65
128
128
128
128
128
128
128
128
128
128
128
128
128
128
128
128
128
128
128
128
128
128
128
128
128
128
128
128
128
128
127
127
127
127
127
127
127
127
127
127
127
127
127
127
127
127
127
127
127
127
127
127
127
127
127
127
127
127
127
127
127
127
127
127
127
127
127
127
127
127
127
127
126
126
126
126
126
126
126
126
126
126
126
126
126
126
126
126
126
126
126
126
126
126
126
126
126
126
126
126
126
126
126
126
126
126
126
126
125
125
125
125
125
125
125
125
125
125
125
125
125
125
125
125
125
125
125
125
125
125
125
125
125
125
125
118
124
124
124
124
124
124
124
124
124
124
124
124
124
124
124
124
124
124
124
124
124
124
124
124
124
124
124
124
124
124
124
124
124
124
124
124
124
123
123
123
123
123
123
123
123
123
123
123
123
123
123
123
123
123
123
123
123
123
123
123
123
123
123
123
123
123
115
122
122
122
122
122
122
122
122
122
122
122
122
122
122
122
122
122
122
122
122
122
122
122
122
122
122
122
122
122
122
122
122
122
122
122
122
122
122
122
122
122
122
108
100
121
121
121
121
121
121
121
121
121
121
121
121
121
121
121
121
121
121
121
121
121
121
121
121
121
121
121
121
121
121
121
121
121
121
121
121
121
121
121
120
120
120
120
120
120
120
120
120
120
120
120
120
120
120
120
120
120
120
120
120
120
120
120
120
120
120
120
120
120
120
120
120
120
120
92
113
119
119
119
119
119
119
119
119
119
119
119
119
119
119
119
119
119
119
119
119
119
119
119
119
119
119
119
119
119
119
119
119
119
119
119
119
119
119
119
119
119
119
119
119
119
104
118
118
118
118
118
118
118
118
118
118
118
118
118
118
118
118
118
118
118
118
118
118
118
118
118
118
118
118
118
118
118
118
118
118
118
118
118
118
118
118
118
118
118
118
118
118
118
118
118
118
118
118
118
118
118
118
117
117
117
117
117
117
117
117
117
117
117
117
117
117
117
117
117
117
117
117
117
117
117
117
117
117
117
117
117
117
117
117
117
117
117
117
117
117
117
117
74
116
116
116
116
116
116
116
116
116
116
116
116
116
116
116
116
116
116
116
116
116
116
116
116
116
116
116
116
116
116
116
116
116
116
116
116
116
116
87
115
115
115
115
115
115
115
115
115
115
115
115
115
115
115
115
115
115
115
115
115
115
115
115
115
115
115
115
115
115
115
115
115
115
115
115
115
115
115
115
115
115
115
115
115
115
115
115
115
108
51
107
114
114
114
114
114
114
114
114
114
114
114
114
114
114
114
114
114
114
114
114
114
114
114
114
114
114
114
114
114
114
114
114
114
114
114
114
114
114
114
114
114
114
114
114
114
114
114
114
114
114
114
114
114
100
113
113
113
113
113
113
113
113
113
113
113
113
113
113
113
113
113
113
113
113
113
113
113
113
113
113
113
113
113
113
113
113
113
113
113
113
113
113
113
113
113
113
63
112
112
112
112
112
112
112
112
112
112
112
112
112
112
112
112
112
112
112
112
112
112
112
112
112
112
112
112
112
112
112
112
112
112
112
112
112
112
112
112
112
112
112
113
76
111
111
111
111
111
111
111
111
111
111
111
111
111
111
111
111
111
111
111
111
111
111
111
111
111
111
111
111
111
111
111
111
111
111
111
111
111
111
111
111
111
111
111
111
111
111
110
110
110
110
110
110
110
110
110
110
110
110
110
110
110
110
110
110
110
110
110
110
110
110
110
110
110
110
110
110
110
110
110
110
110
110
110
110
110
110
110
110
110
110
110
110
110
110
110
110
39
46
109
109
109
109
109
109
109
109
109
109
109
109
109
109
109
109
109
109
109
109
109
109
109
109
109
109
109
109
109
109
109
109
109
109
109
109
109
109
109
109
109
109
109
109
109
109
109
109
109
109
109
108
108
108
108
108
108
108
108
108
108
108
108
108
108
108
108
108
108
108
108
108
108
108
108
108
108
108
108
108
108
108
108
108
108
108
108
108
108
108
108
108
108
108
108
108
108
16
86
93
100
107
107
107
107
107
107
107
107
107
107
107
107
107
107
107
107
107
107
107
107
107
107
107
107
107
107
107
107
107
107
107
107
107
107
107
107
107
107
107
107
107
107
107
107
107
107
107
106
106
106
106
106
106
106
106
106
106
106
106
106
106
106
106
106
106
106
106
106
106
106
106
106
106
106
106
106
106
106
106
106
106
106
106
106
106
106
106
106
106
106
106
106
56
105
105
105
105
105
105
105
105
105
105
105
105
105
105
105
105
105
105
105
105
105
105
105
105
105
105
105
105
105
105
105
105
105
105
105
105
105
105
105
105
105
105
104
104
104
104
104
104
104
104
104
104
104
104
104
104
104
104
104
104
104
104
104
104
104
104
104
104
104
104
104
104
104
104
104
104
104
104
104
104
104
104
104
104
104
104
104
104
104
104
104
104
103
103
103
103
103
103
103
103
103
103
103
103
103
103
103
103
103
103
103
103
103
103
103
103
103
103
103
103
103
103
103
103
103
103
103
103
103
103
103
103
103
103
103
103
103
103
103
102
102
102
102
102
102
102
102
102
102
102
102
102
102
102
102
102
102
102
102
102
102
102
102
102
102
102
102
102
102
102
102
102
102
102
102
102
102
102
102
102
102
102
102
102
102
101
101
101
101
101
101
101
101
101
101
101
101
101
101
101
101
101
101
101
101
101
101
101
101
101
101
101
101
101
101
101
101
101
101
101
101
101
101
101
101
101
101
101
101
101
101
101
101
65
65
100
100
100
100
100
100
100
100
100
100
100
100
100
100
100
100
100
100
100
100
100
100
100
100
100
100
100
100
100
100
100
100
100
100
100
100
100
100
100
100
100
100
100
100
100
100
100
100
100
100
100
100
100
100
100
100
100
99
99
99
99
99
99
99
99
99
99
99
99
99
99
99
99
99
99
99
99
99
99
99
99
99
99
99
99
99
99
99
99
99
99
99
99
99
99
99
99
99
99
99
99
99
99
99
99
99
99
99
99
99
99
99
99
92
98
98
98
98
98
98
98
98
98
98
98
98
98
98
98
98
98
98
98
98
98
98
98
98
98
98
98
98
98
98
98
98
98
98
98
98
98
98
98
98
98
98
98
98
98
90
97
97
97
97
97
97
97
97
97
97
97
97
97
97
97
97
97
97
97
97
97
97
97
97
97
97
97
97
97
97
97
97
97
97
97
97
97
97
97
97
97
97
97
97
97
97
97
97
97
97
97
68
96
96
96
96
96
96
96
96
96
96
96
96
96
96
96
96
96
96
96
96
96
96
96
96
96
96
96
96
96
96
96
96
96
96
96
96
96
96
96
96
96
96
96
96
96
96
96
96
96
96
95
95
95
95
95
95
95
95
95
95
95
95
95
95
95
95
95
95
95
95
95
95
95
95
95
95
95
95
95
95
95
95
95
95
95
95
95
95
95
95
95
95
95
95
95
95
95
95
95
95
95
95
95
95
95
73
94
94
94
94
94
94
94
94
94
94
94
94
94
94
94
94
94
94
94
94
94
94
94
94
94
94
94
94
94
94
94
94
94
94
94
94
94
94
94
94
94
94
94
94
94
94
94
94
94
94
94
23
93
93
93
93
93
93
93
93
93
93
93
93
93
93
93
93
93
93
93
93
93
93
93
93
93
93
93
93
93
93
93
93
93
93
93
93
93
93
93
93
93
93
93
93
93
93
93
93
93
93
93
93
93
93
93
93
93
92
92
92
92
92
92
92
92
92
92
92
92
92
92
92
92
92
92
92
92
92
92
92
92
92
92
92
92
92
92
92
92
92
92
92
92
92
92
92
92
92
92
92
92
92
92
92
92
92
92
92
78
28
91
91
91
91
91
91
91
91
91
91
91
91
91
91
91
91
91
91
91
91
91
91
91
91
91
91
91
91
91
91
91
91
91
91
91
91
91
91
91
91
91
91
91
91
91
91
91
91
91
91
91
91
91
91
91
91
91
91
48
90
90
90
90
90
90
90
90
90
90
90
90
90
90
90
90
90
90
90
90
90
90
90
90
90
90
90
90
90
90
90
90
90
90
90
90
90
90
90
90
90
90
90
90
75
89
89
89
89
89
89
89
89
89
89
89
89
89
89
89
89
89
89
89
89
89
89
89
89
89
89
89
89
89
89
89
89
89
89
89
89
89
89
89
89
89
89
89
89
89
89
89
89
89
89
89
89
89
89
89
89
89
89
89
89
60
88
88
88
88
88
88
88
88
88
88
88
88
88
88
88
88
88
88
88
88
88
88
88
88
88
88
88
88
88
88
88
88
88
88
88
88
88
88
88
88
88
88
88
88
88
88
88
88
88
88
88
88
88
88
88
88
88
88
88
88
88
88
88
88
88
88
88
81
87
87
87
87
87
87
87
87
87
87
87
87
87
87
87
87
87
87
87
87
87
87
87
87
87
87
87
87
87
87
87
87
87
87
87
87
87
87
87
87
87
87
87
87
87
87
87
87
87
87
87
87
87
87
87
87
87
87
87
87
79
86
86
86
86
86
86
86
86
86
86
86
86
86
86
86
86
86
86
86
86
86
86
86
86
86
86
86
86
86
86
86
86
86
86
86
86
86
86
86
86
86
86
86
86
86
86
86
86
86
86
86
86
86
86
86
86
86
86
86
86
86
86
86
71
85
85
85
85
85
85
85
85
85
85
85
85
85
85
85
85
85
85
85
85
85
85
71
85
85
85
85
85
85
85
85
85
85
85
85
85
85
85
85
85
85
85
85
85
85
85
85
85
85
85
85
85
85
85
85
85
85
21
84
84
84
84
84
84
84
84
84
84
84
84
84
84
84
84
84
84
84
84
84
84
84
84
84
84
84
84
84
84
84
84
84
84
84
84
84
84
84
84
84
84
84
84
84
84
84
84
84
84
84
84
84
84
84
84
84
84
84
84
84
84
84
84
84
77
83
83
83
83
83
83
83
83
83
83
83
83
83
83
83
83
83
83
83
83
83
83
83
83
83
83
83
83
83
83
83
83
83
83
83
83
83
83
83
83
83
83
83
83
83
83
83
83
83
83
83
61
82
82
82
82
82
82
82
82
82
82
82
82
82
82
82
82
82
82
82
82
82
82
82
82
82
82
82
82
82
82
82
82
82
82
82
82
82
82
82
82
82
82
82
82
82
82
82
82
82
82
82
82
82
82
82
82
82
82
74
81
81
81
81
81
81
81
81
81
81
81
81
81
81
81
81
81
81
81
81
81
81
81
81
81
81
81
81
81
81
81
81
81
81
81
81
81
81
81
81
81
81
81
81
81
81
81
81
81
81
81
81
81
81
81
81
81
81
81
81
81
81
81
81
81
81
17
80
80
80
80
80
80
80
80
80
80
80
80
80
80
80
80
80
80
80
80
80
80
80
80
80
80
80
80
80
80
80
80
80
80
80
80
80
80
80
80
80
80
80
80
80
80
80
80
80
80
80
80
80
80
80
80
80
80
80
80
80
80
80
80
80
80
80
44
79
79
79
79
79
79
79
79
79
79
79
79
79
79
79
79
79
79
79
79
79
79
79
79
79
79
79
79
79
79
79
79
79
79
79
79
79
79
79
79
79
79
79
79
79
79
79
79
79
79
79
79
79
79
79
79
79
79
79
79
79
79
79
79
79
79
78
78
78
78
78
78
78
78
78
78
78
78
78
78
78
78
78
78
78
78
78
78
78
78
78
78
78
78
78
78
78
78
78
78
78
78
78
78
78
78
78
78
78
78
78
78
78
78
78
78
78
78
78
78
78
78
78
78
78
78
78
78
78
78
78
78
78
78
78
78
78
78
78
78
70
77
77
77
77
77
77
77
77
77
77
77
77
77
77
77
77
77
77
77
77
77
77
77
77
77
77
77
77
77
77
77
77
77
77
77
77
77
77
77
77
77
77
77
77
77
77
77
76
76
76
76
76
76
76
76
76
76
76
76
76
76
76
76
76
76
76
76
76
76
76
76
76
76
76
76
76
76
76
76
76
76
76
76
76
76
76
76
76
76
76
76
76
76
76
76
76
76
76
76
76
76
76
76
76
76
76
76
76
76
76
76
76
76
76
76
76
76
76
76
76
76
76
76
76
76
76
76
76
75
75
75
75
75
75
75
75
75
75
75
75
75
75
75
75
75
75
75
75
75
75
75
75
75
75
75
75
75
75
75
75
75
75
75
75
75
75
75
75
75
75
75
75
75
75
75
75
75
75
75
75
75
75
75
75
75
75
75
75
75
75
75
75
75
75
75
75
75
75
74
74
74
74
74
74
74
74
74
74
74
74
74
74
74
74
74
74
74
74
74
74
74
74
74
74
74
74
74
74
74
74
74
74
74
74
74
74
74
74
74
74
74
74
74
74
74
74
74
74
74
74
74
74
74
74
74
74
74
74
74
74
74
74
74
74
74
74
74
73
73
73
73
73
73
73
73
73
73
73
73
73
73
73
73
73
73
73
73
73
73
73
73
73
73
73
73
73
73
73
73
73
73
73
73
73
73
73
73
73
73
73
73
73
73
73
73
73
73
73
73
73
73
73
73
73
73
73
73
73
73
73
73
73
73
73
73
73
73
72
72
72
72
72
72
72
72
72
72
72
72
72
72
72
72
72
72
72
72
72
72
72
72
72
72
72
72
72
72
72
72
72
72
72
72
72
72
72
72
72
72
72
72
72
72
72
72
72
72
72
72
72
72
72
72
72
72
72
72
72
72
72
72
72
72
72
72
72
72
72
72
57
71
71
71
71
71
71
71
71
71
71
71
71
71
71
71
71
71
71
71
71
71
71
71
71
71
71
71
71
71
71
71
71
71
71
71
71
71
71
71
71
71
71
71
71
71
71
71
71
71
71
71
71
71
71
71
71
71
71
71
71
71
71
71
71
71
71
71
71
71
71
71
71
71
71
71
71
71
71
71
71
71
71
71
70
70
70
70
70
70
70
70
70
70
70
70
70
70
70
70
70
70
70
70
70
70
70
70
70
70
70
70
70
70
70
70
70
70
70
70
70
70
70
70
70
70
70
70
70
70
70
70
70
70
70
70
70
70
70
70
70
70
70
70
70
70
70
70
70
70
70
70
70
70
69
69
69
69
69
69
69
69
69
69
69
69
69
69
69
69
69
69
69
69
69
69
69
69
69
69
69
69
69
69
69
69
69
69
69
69
69
69
69
69
69
69
69
69
69
69
69
69
69
69
69
69
69
69
69
69
69
69
69
69
69
69
69
69
69
69
69
69
69
69
69
69
69
69
69
69
69
69
69
69
69
69
69
69
69
69
69
55
62
68
68
68
68
68
68
68
68
68
68
68
68
68
68
68
68
68
68
68
68
68
68
68
68
68
68
68
68
68
68
68
68
68
68
68
68
68
68
68
68
68
68
68
68
68
68
68
68
68
68
68
68
68
68
68
68
68
68
68
68
68
68
68
68
68
68
68
68
68
68
68
68
68
68
68
61
67
67
67
67
67
67
67
67
67
67
67
67
67
67
67
67
67
67
67
67
67
67
67
67
67
67
67
67
67
67
67
67
67
67
67
67
67
67
67
67
67
67
67
67
67
67
67
67
67
67
67
67
67
67
67
67
67
67
67
67
67
67
67
67
67
67
67
67
67
66
66
66
66
66
66
66
66
66
66
66
66
66
66
66
66
66
66
66
66
66
66
66
66
66
66
66
66
66
66
66
66
66
66
66
66
66
66
66
66
66
66
66
66
66
66
66
66
66
66
66
66
66
66
66
66
66
66
66
66
66
66
66
66
66
66
66
66
66
66
66
66
66
66
66
66
65
65
65
65
65
65
65
65
65
65
65
65
65
65
65
65
65
65
65
65
65
65
65
65
65
65
65
65
65
65
65
65
65
65
65
65
65
65
65
65
65
65
65
65
65
65
65
65
65
65
65
65
65
65
65
65
65
65
65
58
50
64
64
64
64
64
64
64
64
64
64
64
64
64
64
64
64
64
64
64
64
64
64
64
64
64
64
64
64
64
64
64
64
64
64
64
64
64
64
64
64
64
64
64
64
64
64
64
64
64
64
64
64
64
64
64
64
64
64
64
64
64
64
64
64
64
64
64
64
64
64
64
64
64
64
64
64
64
64
64
64
64
64
63
63
63
63
63
63
63
63
63
63
63
63
63
63
63
63
63
63
63
63
63
63
63
63
63
63
63
63
63
63
63
63
63
63
63
63
63
63
63
63
63
63
63
63
63
63
63
63
63
63
63
63
63
63
63
63
63
63
63
63
63
63
63
63
63
63
63
63
63
63
63
63
63
63
63
63
62
62
62
62
62
62
62
62
62
62
62
62
62
62
62
62
62
62
62
62
62
62
62
62
62
62
62
62
62
62
62
62
62
62
62
62
62
62
62
62
62
62
62
62
62
62
62
62
62
62
62
62
62
62
62
62
62
62
62
62
62
62
62
62
62
62
62
62
62
62
62
62
61
61
61
61
61
61
61
61
61
61
61
61
61
61
61
61
61
61
61
61
61
61
61
61
61
61
61
61
61
61
61
61
61
61
61
61
61
61
61
61
61
61
61
61
61
61
61
61
61
61
61
61
61
61
61
61
61
61
61
61
61
61
61
61
61
61
61
61
61
61
61
61
61
61
61
61
61
61
61
61
61
61
61
61
61
61
61
61
61
61
60
60
60
60
60
60
60
60
60
60
60
60
60
60
60
60
60
60
60
60
60
60
60
60
60
60
60
60
60
60
60
60
60
60
60
60
60
60
60
60
60
60
60
60
60
60
60
60
60
60
60
60
60
60
60
60
60
60
60
60
60
60
60
60
60
60
60
60
60
60
60
60
60
60
60
60
60
60
60
60
60
60
60
60
60
59
59
59
59
59
59
59
59
59
59
59
59
59
59
59
59
59
59
59
59
59
59
59
59
59
59
59
59
59
59
59
59
59
59
59
59
59
59
59
59
59
59
59
59
59
59
59
59
59
59
59
59
59
59
59
59
59
59
59
59
59
59
59
59
59
59
59
59
59
59
59
59
59
59
58
58
58
58
58
58
58
58
58
58
58
58
58
58
58
58
58
58
58
58
58
58
58
58
58
58
58
58
58
58
58
58
58
58
58
58
58
58
58
58
58
58
58
58
58
58
58
58
58
58
58
58
58
58
58
58
58
58
58
58
58
58
58
58
58
58
58
58
58
58
58
58
58
58
58
58
58
58
58
58
58
58
58
58
58
58
58
57
57
57
57
57
57
57
57
57
57
57
57
57
57
57
57
57
57
57
57
57
57
57
57
57
57
57
57
57
57
57
57
57
57
57
57
57
57
57
57
57
57
57
57
57
57
57
57
57
57
57
57
57
57
57
57
57
57
57
57
57
57
57
57
57
57
57
57
57
57
57
57
57
57
57
57
57
57
57
57
57
57
57
57
57
57
57
57
57
50
56
56
56
56
56
56
56
56
56
56
56
56
56
56
56
56
56
56
56
56
56
56
56
56
56
56
56
56
56
56
56
56
56
56
56
56
56
56
56
56
56
56
56
56
56
56
56
56
56
56
56
56
56
56
56
56
56
56
56
56
56
56
56
56
56
56
56
56
56
56
56
56
56
56
55
55
55
55
55
55
55
55
55
55
55
55
55
55
55
55
55
55
55
55
55
55
55
55
55
55
55
55
55
55
55
55
55
55
55
55
55
55
55
55
55
55
55
55
55
55
55
55
55
55
55
55
55
55
55
55
55
55
55
55
55
55
55
55
55
55
55
55
55
55
55
55
55
55
55
55
55
55
55
55
55
55
54
54
54
54
54
54
54
54
54
54
54
54
54
54
54
54
54
54
54
54
54
54
54
54
54
54
54
54
54
54
54
54
54
54
54
54
54
54
54
54
54
54
54
54
54
54
54
54
54
54
54
54
54
54
54
54
54
54
54
54
54
54
54
54
54
54
54
54
54
54
54
54
54
54
54
54
54
54
54
47
53
53
53
53
53
53
53
53
53
53
53
53
53
53
53
53
53
53
53
53
53
53
53
53
53
53
53
53
53
53
53
53
53
53
53
53
53
53
53
53
53
53
53
53
53
53
53
53
53
53
53
53
53
53
53
53
53
53
53
53
53
53
53
53
53
53
53
53
53
53
53
52
52
52
52
52
52
52
52
52
52
52
52
52
52
52
52
52
52
52
52
52
52
52
52
52
52
52
52
52
52
52
52
52
52
52
52
52
52
52
52
52
52
52
52
52
52
52
52
52
52
52
52
52
52
52
52
52
52
52
52
52
52
52
52
52
52
52
52
52
52
52
52
52
52
52
52
52
52
52
51
51
51
51
51
51
51
51
51
51
51
51
51
51
51
51
51
51
51
51
51
51
51
51
51
51
51
51
51
51
51
51
51
51
51
51
51
51
51
51
51
51
51
51
51
51
51
51
51
51
51
51
51
51
51
51
51
51
51
51
51
51
51
51
51
51
51
51
51
51
51
51
51
51
51
51
51
51
51
51
51
51
50
50
50
50
50
50
50
50
50
50
50
50
50
50
50
50
50
50
50
50
50
50
50
50
50
50
50
50
50
50
50
50
50
50
50
50
50
50
50
50
50
50
50
50
50
50
50
50
50
50
50
50
50
50
50
50
50
50
50
50
50
50
50
50
50
50
50
50
50
50
50
50
50
50
50
50
50
50
50
50
50
50
50
50
50
50
50
50
50
50
50
50
43
49
49
49
49
49
49
49
49
49
49
49
49
49
49
49
49
49
49
49
49
49
49
49
49
49
49
49
49
49
49
49
49
49
49
49
49
49
49
49
49
49
49
49
49
49
49
49
49
49
49
49
49
49
49
49
49
49
49
48
48
48
48
48
48
48
48
48
48
48
48
48
48
48
48
48
48
48
48
48
48
48
48
48
48
48
48
48
48
48
48
48
48
48
48
48
48
48
48
48
48
48
48
48
48
48
48
48
48
48
48
48
48
48
48
48
48
48
48
48
48
48
48
48
48
48
48
48
48
48
48
48
48
48
48
48
48
48
48
48
48
48
48
48
48
48
48
48
48
48
48
47
47
47
47
47
47
47
47
47
47
47
47
47
47
47
47
47
47
47
47
47
47
47
47
47
47
47
47
47
47
47
47
47
47
47
47
47
47
47
47
47
47
47
47
47
47
47
47
47
47
47
47
47
47
47
47
47
47
47
47
47
47
47
47
47
47
47
47
47
47
47
47
47
47
47
47
47
47
47
47
47
47
46
46
46
46
46
46
46
46
46
46
46
46
46
46
46
46
46
46
46
46
46
46
46
46
46
46
46
46
46
46
46
46
46
46
46
46
46
46
46
46
46
46
46
46
46
46
46
46
46
46
46
46
46
46
46
46
46
46
46
46
46
46
46
46
46
46
46
46
46
46
46
46
46
45
45
45
45
45
45
45
45
45
45
45
45
45
45
45
45
45
45
45
45
45
45
45
45
45
45
45
45
45
45
45
45
45
45
45
45
45
45
45
45
45
45
45
45
45
45
45
45
45
45
45
45
44
44
44
44
44
44
44
44
44
44
44
44
44
44
44
44
44
44
44
44
44
44
44
44
44
44
44
44
44
44
44
44
44
44
44
44
44
44
44
44
44
44
44
44
44
44
44
44
44
43
43
43
43
43
43
43
43
43
43
43
43
43
43
43
43
43
43
43
43
43
43
43
43
43
43
43
43
43
43
43
43
43
43
43
43
43
43
43
43
43
43
43
42
42
42
42
42
42
42
42
42
42
42
42
42
42
42
42
42
42
42
42
42
42
42
42
42
42
42
42
42
42
42
42
42
42
42
42
42
42
42
42
42
42
42
42
42
42
42
42
42
41
41
41
41
41
41
41
41
41
41
41
41
41
41
41
41
41
41
41
41
41
41
41
41
41
41
41
41
41
41
41
40
40
40
40
40
40
40
40
40
40
40
40
40
40
40
40
40
40
40
40
40
40
40
39
39
39
39
39
39
39
39
39
39
39
39
39
39
39
39
39
38
38
38
38
38
38
38
38
38
38
38
38
38
38
37
37
37
37
37
37
37
37
37
37
37
37
37
36
36
36
36
36
36
36
36
36
36
36
36
36
36
36
35
35
35
35
35
35
34
34
34
34
33
32
32
31
