15796
10251
9852
7686
6904
5929
5390
5285
4523
4408
3676
3609
3534
3503
3102
2729
2383
2367
2238
2192
2104
2074
1936
1824
1804
1797
1475
1448
1436
1426
1423
1421
1397
1353
1343
1335
1320
1304
1272
1254
1201
6016080
1152
1095
1092
958
942
932
909
897
891
877
831
828
818
765
760
745
725
712
710
692
690
688
675
670
669
645
640
636
1843
630
603
600
598
593
590
582
578
577
572
566
543
538
532
527
520
519
514
510
507
507
506
495
486
480
480
473
466
463
462
459
459
456
446
441
438
435
433
426
424
423
416
412
403
396
391
390
389
388
387
99998
386
384
383
370
361
361
2034
357
348
346
342
340
338
337
334
332
332
330
330
322
322
320
319
318
317
316
1590405
308
307
305
299
299
297
294
293
291
287
284
281
280
1408706
277
276
274
273
273
272
264
264
263
262
262
259
259
259
258
80674
257
255
253
283
249
247
247
246
242
242
241
241
240
240
239
239
235
232
232
232
231
230
229
228
225
225
224
223
223
223
221
221
221
219
219
218
218
216
213
213
213
212
211
211
210
206
206
206
206
204
1003674
201
201
201
199
199
199
198
196
196
196
195
195
193
193
193
192
192
191
189
188
188
187
186
186
186
185
182
181
181
179
179
176
828814
175
175
175
175
174
174
172
171
174
170
169
169
169
96042
168
166
165
165
165
165
164
162
162
161
161
7317
160
160
158
158
157
156
155
155
154
154
153
153
151
151
150
150
149
149
149
149
149
148
148
148
146
146
145
145
145
144
143
142
140
140
140
139
139
139
139
139
138
138
138
137
137
136
135
135
133
133
132
131
131
131
130
129
129
128
130
125
125
125
125
123
122
122
122
121
121
121
121
243
120
120
119
119
118
118
118
117
116
116
116
115
115
114
113
113
113
113
113
116
112
112
112
111
111
111
111
111
110
109
109
109
514006
108
108
107
106
106
106
106
105
104
506944
103
103
103
103
102
302
99
98
98
97
96
96
96
123540
95
95
95
95
95
116
94
94
94
94
93
92
91
91
91
90
90
89
88
217
87
86
86
86
85
85
85
85
84
142
83
82
81
81
81
80
79
79
78
78
78
77
76
76
76
75
75
75
74
73
73
73
72
72
72
91
71
70
70
70
69
69
68
68
68
68
67
67
67
66
66
66
64
64
64
64
64
64
64
286059
11213
63
63
62
61
60
60
60
1249
81334
59
59
59
58
58
57
57
56
56
56
56
4408
54
53
253607
503
51
191701
112
47
47
46
46
230944
187950
24614
39
105485
195062
722
140
24322
171613
418
400
269
157620
144336
64839
86
2459
132086
348
118672
112941
229
132
301
628
100
98340
167
4130
93666
571
13338
358
206
17536
97211
2453
196
290
33
70381
69541
74020
8809
1354
68562
127
5746
210
50021
359
63194
144
175
18612
8375
2199
35254
56635
52539
54044
43911
37649
2414
50071
365
47559
209
1097
61
1015
28737
45660
39949
43845
104
40610
40237
22223
42767
257
40025
40390
42241
517
1315
42083
40110
39559
694
34845
35225
415
35163
38366
30382
35550
28578
34652
33797
35606
6662
493
30961
34313
31848
222
2820
7709
65
13989
84
77
228
151
79
28924
16358
26436
847
139
27356
25577
51
27246
2979
518
1323
199
877
2202
445
799
27771
1062
54
22652
415
198
59
2242
244
20263
22999
125
101
22303
20354
20990
65
20664
16993
17346
21587
20526
9306
73
17452
279
17195
78
1028
13366
19405
42
93
17552
17053
1955
5543
7927
6263
16050
15863
444
394
123
31
1189
15789
156
16160
75
13852
4361
14521
43
69
39
14101
280
672
14365
14621
254
10279
1200
14616
218
16156
13248
132
10842
45
11223
13049
12684
533
16115
12552
2182
13
310
14845
381
4101
12480
13122
50
16369
167
11918
40
12498
508
11538
63
12134
12587
12943
6901
1845
75
53
10656
11556
11208
10355
1421
128
10954
10065
1131
10953
159
9930
392
10047
4376
5009
50
26
2595
659
93
90
101
11096
1836
6081
12015
10380
2749
81
9353
10942
8705
1876
93
5954
10076
65
7201
8998
65
167
137
9512
616
8794
133
8556
3746
6432
8665
27
8387
8337
2916
22
31
6576
11025
652
8754
8119
214
8058
47
453
41
86
1451
7910
178
6900
9959
25
43
9463
260
8033
7939
7629
4668
664
7535
47
7440
305
63
7279
114
7227
7385
7193
7366
971
24
6027
7045
7572
353
94
7583
379
1617
79
77
58
175
7002
7027
14
48
6700
260
103
4107
403
6541
25
501
170
3203
101
5540
6361
6356
2019
7860
16
1568
6398
58
50
7425
6104
192
632
2821
29
52
5977
6844
210
68
5880
83
657
2118
91
380
124
50
1405
30
76
51
72
5746
5221
88
187
194
44
5613
1367
5564
107
5772
5527
5510
353
97
6832
5425
5536
41
4907
1896
120
84
4960
97
5342
3600
279
41
627
2115
5239
5220
210
2025
202
17
12
5293
80
1698
5616
83
5074
352
273
110
451
39
5080
5006
57
33
4580
4929
5036
4924
219
4887
4884
821
55
4934
38
17
4796
109
5501
4372
10
143
38
38
23
36
4760
4600
210
104
71
1571
4720
4718
26
4707
31
327
93
145
4758
13
70
6232
5939
4655
17
4558
4620
4618
12
337
3131
3016
276
562
4552
467
3886
69
4896
3341
4505
4503
3691
887
4484
53
4729
101
10
110
4795
38
18
4426
4426
3187
35
209
47
4818
4399
29
186
264
33
16
27
4363
49
223
4540
2643
75
4467
4324
4344
4324
4308
18
152
4027
31
56
3271
149
4272
57
3015
116
2867
18
4260
21
24
30
11
4226
4308
57
34
4232
107
15
21
25
33
4520
32
18
3610
15
4169
20
4319
60
18
4476
12
16
22
330
13
4197
4117
33
19
32
32
24
1856
14
24
15
20
19
311
15
12
11
11
204
4270
1295
57
4409
4067
50
4944
4049
5933
4029
4073
4042
4021
856
219
1114
1212
97
3965
3593
2596
170
37
111
909
4233
63
3919
47
3970
4053
3817
182
3760
3832
257
199
3746
3579
3734
63
3723
3724
1038
3754
4249
146
3694
249
87
361
3737
3627
3625
3640
3622
3584
3643
541
73
119
3543
723
2245
1738
100
3471
3459
3463
3455
4465
3443
3442
196
114
1755
3409
3407
3404
91
3382
101
925
56
3302
76
3350
3353
3333
3506
3299
3296
3288
3287
3290
129
244
272
1557
3234
3243
3236
235
3631
4614
3205
51
3246
50
3199
47
38
2213
1288
2043
138
81
3225
29
27
3169
3147
3135
3136
3092
3132
3126
2172
32
3102
3136
3104
3102
3097
3070
3073
2849
3065
2934
3005
3040
2997
3038
362
3051
693
3032
1696
73
2976
118
2963
2894
85
154
2946
1591
82
3019
2932
913
2919
2917
2899
2912
2909
2831
211
1624
2892
152
2888
630
2873
3167
2857
2857
1754
3488
233
814
2857
2828
2818
2827
279
63
2807
2777
2215
91
160
2787
2801
2783
2778
2790
1085
2785
2756
109
2751
2757
2746
2744
2742
224
46
1433
528
215
2698
2373
2684
2683
76
54
2669
2664
2697
2669
2679
21
18
2641
2653
2636
481
2620
3479
41
60
2091
73
2605
2594
2595
2593
31
2595
35
2581
2576
20
2569
2568
2571
2568
2572
2552
3186
344
362
233
2534
2538
43
2533
2523
2522
2522
2518
214
2513
2507
2523
2516
2508
138
2493
2495
2481
2484
755
2481
2473
1625
2471
1293
638
2477
2464
2448
116
2439
57
2437
314
39
608
320
79
2986
2403
2446
208
2396
2395
1965
379
2381
2381
2380
2370
120
521
57
2364
71
2157
2346
102
2325
2333
2320
329
2315
2296
2303
50
2297
105
2295
2493
2298
191
97
2129
2279
2279
1445
39
101
1633
2269
672
2267
74
543
2264
2269
2118
2252
2261
2266
2279
2237
81
2223
2222
2448
2232
631
2298
2250
130
59
2217
2203
77
2198
2198
2194
22
2195
103
2174
2170
2168
2167
2168
79
139
2163
2370
2160
2159
2154
1564
885
2142
305
3170
86
2137
28
2134
96
2131
2131
2060
2124
814
1037
2122
2123
2140
18
2118
2053
265
2112
2705
48
2102
40
2096
2096
47
18
2090
2081
2079
31
29
2072
2070
217
2056
2039
2049
81
2049
2061
2048
2041
2072
2050
162
2032
2031
2029
2198
2032
24
57
2017
109
2010
2010
2028
2004
1998
1993
602
53
1974
1971
1648
127
1967
1967
305
1962
1922
1955
1134
1947
1963
1991
61
221
1940
1798
1924
1925
1931
102
1922
1919
70
1918
1840
208
51
1248
1912
1268
1903
48
69
68
1894
2215
1891
1887
1886
30
339
738
1872
1868
1867
1902
108
1856
1856
420
1854
1846
1843
1842
1840
1862
1838
1836
532
1833
1838
47
1830
33
1818
185
23
392
1808
2614
1805
1796
1796
1790
1788
1789
64
1786
1788
1810
1783
1783
64
1781
1789
1780
1549
64
2261
495
221
1768
1768
1764
1760
1758
131
1754
1753
1750
1748
558
24
52
1744
276
289
42
665
133
1738
1731
1728
1727
53
1724
1668
163
1749
1741
1732
1740
1721
1721
222
1716
262
22
1716
1706
1706
179
1703
1702
1701
42
28
63
1702
1468
1992
1696
51
30
1695
1692
1689
56
1113
1684
1683
154
1678
1678
1677
1677
787
1671
1670
1669
1594
110
1654
1661
1663
1658
1657
1656
1654
1654
307
1649
32
185
467
11
1638
1639
1637
1501
1630
335
1623
1623
1621
25
1619
275
1618
1567
1612
196
1608
1607
1359
1600
46
483
1595
1595
1595
1598
1592
1592
1197
1586
1075
1585
1585
1584
112
69
1581
1578
1578
1575
35
1571
1550
332
1540
35
1567
34
1566
1565
1285
1563
1562
29
1566
1539
52
1562
1556
1565
224
74
1566
1558
18
1549
1549
1578
1547
1546
13
1551
1545
12
1552
1553
1558
1544
1542
1465
1538
53
1532
1547
1549
71
1496
1522
1163
1477
47
1515
1513
1519
1500
77
1494
1712
1489
1404
1008
1481
323
1477
1217
1475
164
1474
1467
1470
1464
1376
1459
1459
1457
707
271
1470
1471
21
628
103
1443
1442
1444
1438
1436
1330
1434
250
12
1430
328
1426
1425
1436
1429
1386
1420
1420
1420
1420
1418
1417
1298
1428
1408
1419
1278
310
1405
59
1402
1400
42
175
1404
1396
1465
1394
167
1388
1387
1385
1383
30
1380
1379
1415
1320
886
493
1404
1374
240
1373
1377
1369
1369
33
40
1355
1355
200
46
1353
1352
322
41
219
1239
1346
71
1341
1340
388
1339
44
1338
1338
1337
1335
1334
1334
1334
1336
1334
168
1329
1315
426
1330
1328
33
1340
1326
1326
1323
1322
24
1317
1316
133
1315
1314
1314
99
22
202
33
75
108
37
1314
1299
1303
1300
1299
163
715
261
1289
456
1273
1287
1287
1285
1289
1284
1299
1156
79
1280
160
1243
1277
1274
987
1272
1277
1274
1269
421
1265
885
1286
1262
1262
1263
1261
1262
1176
1559
1269
1255
1261
1253
97
1250
1234
1240
1247
1244
1243
1242
1508
1262
450
134
1240
1239
1204
1267
622
125
12
1241
1229
1236
18
1234
37
1235
1231
47
1233
948
1232
1225
1225
1224
13
1223
1276
1221
759
1247
1220
1220
1219
1212
1217
1217
1216
1220
1213
1206
79
1210
48
1209
1207
38
1206
1204
1203
1212
1202
1153
172
1197
274
98
1196
1196
1171
37
1193
1187
1186
148
35
1186
33
1180
1180
1179
1179
1178
401
1179
1194
253
1176
1176
26
173
1172
352
1170
188
1166
1166
1182
1165
1164
1164
1045
1163
1163
1162
983
52
1183
204
1155
1158
1154
270
1150
65
1079
1148
1148
1147
1145
1066
1143
1132
971
97
1138
1140
1137
1137
618
15
1134
1135
1132
1130
1130
1128
1100
1127
1127
413
1126
1126
489
1124
1124
1116
1124
1121
1120
1119
1119
216
1118
1103
179
87
1115
856
1120
1118
1135
1123
1114
1106
1078
1112
1111
1111
1111
1128
1110
1110
53
1114
962
150
10
1108
98
1105
1105
1104
82
18
1108
1101
1100
1099
1097
1100
1101
1096
1098
1095
1094
1093
1094
1095
1085
1089
1088
52
1087
29
1088
1077
293
1083
1083
74
121
1079
1078
1078
1077
1023
1075
1075
1128
52
52
93
51
1071
1070
1080
1069
1067
1067
1067
1060
1074
849
1065
1063
1062
1058
1055
1054
1012
18
11
1053
1052
163
1054
1062
1052
1050
1050
34
69
1048
11
843
1048
954
23
22
581
1060
1101
1007
12
1039
1029
1038
1038
919
16
1037
1037
15
15
14
14
1035
236
166
1034
1019
1032
10
136
10
70
1028
41
425
1027
1025
1025
169
92
120
1022
1022
77
1021
1021
1022
1019
1019
1017
330
1077
1015
1000
1012
1012
1012
1010
50
1008
1006
1016
984
1004
128
1008
1002
1002
981
400
218
1001
1000
1000
1000
1005
996
72
436
126
997
994
990
992
990
988
989
987
987
985
474
984
984
984
67
983
983
982
387
988
945
980
979
978
978
978
976
976
918
35
975
972
971
880
816
609
970
969
969
972
968
541
36
134
966
966
1100
874
965
965
713
964
965
962
388
968
960
120
958
958
962
959
941
52
317
99
952
951
818
41
921
115
947
471
947
743
875
945
161
98
944
174
943
264
942
941
941
941
486
940
940
940
51
943
947
938
853
125
936
936
935
934
430
73
79
932
412
939
61
928
927
928
926
931
925
931
839
924
923
34
167
922
781
906
745
944
918
512
197
85
921
78
910
28
916
90
916
915
915
914
914
914
606
277
39
25
913
913
912
913
911
792
921
912
910
909
909
454
139
908
26
907
907
907
53
906
870
904
904
855
505
906
770
902
902
124
899
226
897
897
57
896
105
112
895
895
41
894
893
459
892
892
304
892
894
891
890
596
148
891
98
888
104
888
123
137
885
885
793
883
882
882
49
886
881
880
885
760
887
883
882
527
44
876
876
876
875
553
322
876
55
873
873
872
872
871
877
870
723
30
869
869
344
29
870
868
868
769
803
865
864
865
869
37
863
850
862
862
862
861
869
419
859
861
858
851
857
857
856
856
856
856
338
856
863
858
860
854
854
104
852
857
851
18
858
848
477
15
847
846
762
356
845
844
842
842
830
841
120
15
85
840
840
840
839
839
839
69
846
838
53
843
836
836
836
835
834
836
618
140
195
831
831
828
828
121
827
826
826
833
838
825
69
635
824
824
824
194
823
823
263
74
825
409
52
31
37
141
820
819
829
818
818
819
817
278
816
815
815
801
814
814
37
812
91
28
811
223
705
812
19
808
66
814
807
807
191
806
798
805
805
805
806
804
804
104
27
814
89
794
801
801
801
26
800
799
799
799
30
1029
525
63
790
796
796
33
788
795
795
794
794
794
823
794
23
16
792
785
792
797
574
104
173
61
117
26
788
256
787
24
787
786
786
23
905
21
785
776
797
785
230
782
782
782
144
249
696
633
38
781
779
16
44
778
267
267
777
777
70
776
118
97
174
775
47
774
402
262
772
772
771
771
708
770
692
132
769
767
767
767
101
764
764
750
71
764
763
168
63
816
763
762
762
328
125
34
760
761
633
38
758
758
758
758
758
759
729
757
757
344
57
756
756
21
754
753
769
752
716
749
749
749
749
749
749
629
51
85
748
742
742
42
742
678
566
741
740
740
740
740
739
668
738
24
37
30
37
610
379
735
735
728
734
734
27
754
733
735
732
732
732
769
731
731
444
26
729
729
729
22
750
728
91
727
727
727
565
138
723
723
17
722
722
204
92
92
700
322
154
720
720
48
13
719
719
718
718
718
137
717
716
16
716
715
715
715
726
714
714
140
713
713
712
68
102
710
708
708
708
708
120
57
85
708
707
708
706
76
705
705
250
705
710
704
709
704
703
703
472
409
702
713
701
700
701
699
27
537
698
697
697
697
696
689
696
605
697
695
142
693
693
420
692
41
694
691
690
200
689
94
688
688
688
688
688
667
86
687
687
687
22
937
686
686
686
686
63
685
685
685
180
683
242
18
687
366
681
681
58
65
149
680
680
680
85
679
679
665
35
678
678
678
34
678
679
536
676
676
676
676
439
570
675
38
17
667
23
673
323
43
15
674
678
672
672
672
672
21
671
202
672
670
670
670
670
33
215
19
670
158
662
669
158
32
668
668
668
66
500
667
667
666
169
99
665
664
664
692
663
663
299
648
662
18
661
661
661
661
31
24
660
646
660
660
23
664
134
659
659
658
658
657
657
20
13
657
656
656
82
103
656
655
11
453
654
654
654
108
10
72
653
142
659
652
77
651
203
14
652
650
650
650
650
650
628
19
495
654
88
670
129
129
17
646
646
645
645
421
141
649
644
644
644
454
27
642
173
594
643
571
641
81
648
640
642
639
639
639
639
583
198
603
638
638
638
638
358
637
646
636
636
20
139
636
82
635
635
635
635
635
473
557
67
374
633
633
633
632
632
632
93
120
15
630
630
630
63
629
503
572
180
627
628
591
626
31
625
625
16
610
502
623
627
615
622
622
622
349
638
110
621
82
642
620
606
18
621
619
618
618
616
616
622
615
615
587
615
614
452
347
613
613
599
19
612
612
612
612
24
613
296
37
611
611
44
15
162
36
547
609
609
609
609
475
608
608
608
608
608
34
18
606
606
606
130
606
24
605
605
10
52
24
37
16
604
604
29
603
603
29
605
589
602
28
607
27
601
601
607
19
12
600
75
68
599
599
592
46
291
600
598
598
23
16
135
597
16
596
15
595
581
595
595
595
20
405
327
19
19
593
593
404
18
46
18
592
592
592
593
59
17
591
10
584
16
16
590
15
575
589
589
589
58
14
14
13
587
587
587
587
588
587
75
12
12
586
586
11
11
585
585
585
200
585
10
584
584
576
583
583
92
582
582
69
580
580
580
580
580
531
579
579
578
578
583
73
185
577
577
577
564
506
576
36
505
575
575
575
77
574
574
55
566
573
573
580
573
572
256
571
571
571
571
17
570
570
570
568
568
267
56
84
567
567
301
55
566
566
589
131
565
565
565
564
564
38
556
563
563
563
142
205
562
562
562
562
562
282
562
561
463
560
560
560
560
76
559
559
559
559
584
229
557
173
24
542
556
556
556
555
557
260
554
554
554
526
554
554
266
49
553
553
553
553
553
553
556
69
552
468
552
552
552
552
510
559
40
40
453
551
551
319
550
550
566
550
549
549
549
339
472
551
86
30
184
548
548
15
547
547
547
547
547
42
546
546
34
33
12
544
32
60
25
18
529
24
24
528
546
23
23
30
23
541
534
541
29
15
78
540
540
540
28
28
539
539
539
62
27
13
27
538
538
538
539
26
26
75
474
537
537
503
25
25
18
536
536
536
536
24
24
234
24
535
535
501
86
121
513
520
534
534
534
534
471
513
534
15
22
22
533
533
21
21
14
21
532
532
532
532
532
532
20
153
531
531
531
531
19
12
19
509
530
530
530
509
531
13
18
11
11
18
18
207
529
17
10
66
528
16
16
16
16
37
527
527
527
527
15
15
15
15
15
113
530
385
14
14
525
13
524
524
524
524
524
13
12
12
523
468
11
11
11
11
11
11
522
522
10
10
10
10
521
521
521
521
520
415
520
49
28
518
518
146
258
517
524
516
516
517
109
186
515
515
515
515
473
514
37
513
513
513
512
512
519
168
511
512
503
510
96
166
509
509
511
515
508
508
508
52
507
51
506
506
506
510
78
491
477
505
504
153
503
503
503
504
292
502
502
502
431
501
501
501
501
502
516
494
276
458
500
500
472
500
500
500
72
499
499
643
302
498
498
498
498
127
140
84
497
483
497
497
55
34
349
356
68
355
495
495
495
494
494
499
493
493
493
493
493
504
492
492
492
379
365
372
491
491
491
491
491
491
495
491
105
252
490
490
490
490
490
489
489
489
61
187
488
123
81
396
487
487
199
486
486
486
486
486
486
486
86
72
485
450
415
486
71
288
484
484
484
470
508
462
483
125
69
279
342
482
482
482
482
482
482
481
481
481
482
480
480
480
480
480
489
73
479
478
478
478
478
408
478
482
477
477
477
477
477
147
476
476
476
475
475
475
40
292
425
474
474
474
474
474
475
520
67
263
340
473
473
473
473
473
136
346
472
472
472
472
471
471
470
470
469
469
469
469
468
468
468
47
467
467
467
467
468
116
466
59
318
465
465
465
465
465
135
464
464
463
463
463
379
56
462
462
462
462
447
461
461
461
461
461
454
463
460
460
460
453
461
461
459
459
459
459
458
458
458
458
212
226
408
457
457
457
197
428
456
456
456
456
456
428
460
28
70
455
455
455
455
455
455
495
139
454
454
454
454
454
418
453
53
235
81
452
452
452
452
452
455
101
129
451
451
451
451
451
451
451
450
450
450
451
64
449
449
449
449
449
449
449
100
56
189
448
357
448
448
448
448
299
446
446
446
446
446
424
445
445
444
444
402
443
443
443
64
414
442
442
442
442
442
446
441
441
441
441
441
55
55
440
440
440
440
440
440
441
445
33
33
439
439
439
439
438
438
438
438
438
438
438
438
437
437
437
437
437
51
44
121
436
436
435
436
42
112
301
364
434
434
434
434
434
434
434
433
433
433
40
47
432
432
200
333
431
431
431
432
30
434
431
80
31
101
262
430
430
430
430
430
107
429
429
429
429
429
429
429
429
430
162
428
428
428
432
357
322
427
427
427
427
427
426
426
426
428
425
411
425
425
426
424
423
423
423
423
423
423
423
423
416
404
389
149
408
422
422
422
422
422
414
421
421
421
421
428
91
420
420
420
420
420
420
420
424
419
419
419
419
421
418
418
418
418
418
418
53
417
419
52
381
416
416
416
416
416
416
416
79
51
149
415
415
415
415
400
414
414
414
119
413
413
413
413
413
413
328
412
412
414
390
411
411
411
411
411
404
347
410
410
410
361
80
304
409
409
409
30
408
408
408
408
408
408
408
410
666
22
36
365
407
407
407
407
407
407
407
365
84
364
406
406
406
406
406
328
405
405
405
398
405
409
406
54
173
404
404
404
419
404
46
403
403
403
403
403
403
403
403
403
404
52
395
402
401
401
401
401
401
401
401
401
50
400
400
400
400
400
400
400
400
70
56
399
399
399
399
399
399
41
139
237
391
398
398
398
398
397
397
397
399
179
249
396
396
227
262
395
395
395
395
395
394
394
394
394
394
394
204
393
393
393
315
308
392
392
392
392
392
392
392
363
356
391
391
391
391
396
33
110
390
390
390
390
390
277
382
389
389
389
382
389
390
390
94
199
388
388
388
388
388
65
331
387
387
387
387
387
387
387
37
387
351
386
386
175
371
385
385
385
385
385
385
385
385
385
48
195
209
356
384
384
384
384
384
384
385
272
47
82
131
383
383
383
383
383
383
384
60
60
116
221
277
382
382
382
382
382
382
382
382
389
382
382
375
73
360
381
381
135
381
176
372
379
379
379
380
388
379
77
350
378
378
378
379
380
230
377
377
377
377
378
152
376
376
376
376
376
376
376
130
375
375
220
304
374
374
374
375
326
51
373
373
373
373
373
373
373
372
372
372
372
372
371
371
371
371
371
371
371
370
370
370
370
370
370
370
371
382
371
369
369
369
369
369
369
74
144
221
354
368
368
368
368
368
362
150
178
353
360
367
367
367
367
367
367
367
367
367
369
58
37
226
366
366
366
366
366
366
366
359
345
197
365
365
365
365
365
358
369
70
35
77
154
343
364
34
363
363
363
363
363
363
363
61
362
362
362
362
341
362
362
362
362
362
361
361
361
361
361
361
361
361
361
361
298
45
66
45
241
360
332
324
359
359
359
359
22
120
358
358
358
358
358
358
267
35
231
343
357
357
357
357
357
76
209
300
356
357
26
355
355
355
355
355
377
359
137
186
354
354
354
354
354
87
66
353
353
353
353
353
353
353
44
191
352
352
352
352
352
127
281
211
344
351
351
351
351
112
301
336
350
350
350
350
350
350
441
62
349
61
82
229
243
320
348
348
348
349
356
25
242
347
347
347
347
347
360
347
334
346
346
30
142
107
345
345
345
345
345
345
345
345
43
204
281
344
344
344
353
77
343
343
55
342
342
342
342
342
61
54
54
278
334
341
341
341
341
341
341
341
341
341
342
341
179
284
340
340
340
340
339
339
339
339
339
339
339
339
339
249
340
23
23
338
338
338
338
338
338
338
338
338
338
15
218
197
337
337
337
337
337
337
21
105
266
336
336
336
336
336
336
336
340
167
209
244
328
258
335
335
335
335
173
313
334
334
334
195
53
123
277
319
333
333
333
333
333
333
52
73
206
332
332
332
332
332
205
275
303
331
331
120
267
267
211
316
330
330
330
330
303
77
98
154
133
245
329
329
332
139
272
328
328
314
328
328
328
328
328
329
306
292
327
327
327
327
327
327
32
74
228
277
326
326
326
319
326
326
326
326
248
325
325
325
325
325
325
325
325
325
296
324
324
324
324
324
324
324
324
324
325
121
254
325
71
64
162
267
323
323
323
323
323
323
323
84
112
315
322
322
322
322
238
90
300
321
321
321
321
321
321
322
40
229
320
320
320
320
320
320
320
320
320
322
53
165
221
319
319
319
319
319
319
319
320
46
39
312
318
318
318
318
318
318
318
318
318
318
321
79
107
142
247
240
317
317
317
317
318
36
316
316
316
316
317
280
294
315
315
315
315
315
316
318
302
97
314
314
314
314
314
61
313
313
313
313
39
67
151
312
312
312
312
312
319
38
59
164
311
311
311
311
311
311
311
311
311
37
310
310
310
310
310
310
310
310
171
310
311
78
64
246
232
302
309
309
309
309
310
77
91
98
308
308
308
308
308
308
308
20
307
307
307
307
307
307
307
307
307
307
307
229
306
306
60
74
81
214
277
305
305
305
305
305
305
305
179
45
304
304
304
304
304
304
304
304
304
304
303
303
303
303
303
303
183
162
302
302
302
302
505
304
302
112
119
301
301
301
301
301
301
41
300
300
300
300
300
293
40
194
278
278
250
299
299
299
299
299
299
299
299
299
299
299
299
236
299
299
292
144
291
298
298
298
298
298
298
298
299
298
59
143
199
297
297
297
297
297
297
297
297
297
58
44
296
296
296
296
296
296
296
297
296
36
78
85
281
295
295
295
295
295
295
295
295
295
295
295
295
296
295
42
133
119
273
294
294
294
294
294
294
298
294
27
293
293
293
293
293
293
293
293
293
293
293
293
293
293
293
61
26
110
292
292
292
292
292
292
292
292
292
39
172
291
291
291
291
291
291
185
150
290
290
290
290
290
290
290
290
290
290
291
30
37
261
289
289
289
289
289
289
289
289
291
64
36
162
218
134
274
288
288
288
288
288
288
288
288
288
225
289
35
119
245
280
280
287
287
287
287
287
287
287
287
287
288
289
287
288
111
286
286
286
286
286
286
286
47
236
145
285
285
285
285
285
285
285
285
257
285
285
271
285
285
285
242
249
284
284
284
284
284
284
284
284
284
284
73
129
283
283
283
276
283
283
283
58
275
254
282
282
282
282
282
286
282
282
57
29
141
281
281
281
281
281
281
253
283
28
105
105
224
280
280
280
280
280
280
280
280
280
27
76
279
279
279
279
279
279
279
279
279
279
159
194
82
278
278
278
264
278
214
277
277
277
277
277
277
277
277
277
277
277
277
277
277
277
277
277
157
276
276
276
276
276
276
185
72
93
156
191
275
275
275
275
275
275
275
275
275
275
275
280
183
176
274
274
274
274
274
274
274
274
274
274
274
274
274
274
21
49
105
217
273
273
266
273
273
273
273
273
244
244
272
272
272
272
272
272
272
274
68
54
187
145
110
208
264
271
271
271
264
271
276
272
53
193
249
270
270
270
270
270
270
270
270
249
270
17
38
59
115
213
269
269
269
269
269
269
269
269
269
269
269
272
101
321
214
274
16
58
107
254
268
261
268
261
268
268
268
268
268
268
268
268
268
261
268
267
239
267
267
267
267
267
267
268
269
14
63
182
203
266
266
266
266
266
266
266
266
266
266
140
153
265
265
265
266
89
250
264
243
264
264
264
264
264
264
264
264
264
264
264
264
265
265
265
266
264
236
264
264
32
109
25
74
74
179
263
263
263
263
263
193
263
263
263
263
263
263
263
263
73
66
185
213
262
262
262
262
262
262
262
234
262
262
261
261
261
261
261
261
261
261
261
261
261
261
261
261
261
261
43
92
183
148
78
155
260
260
260
260
260
260
260
260
260
260
70
210
245
259
259
259
259
259
259
259
259
259
181
237
160
258
258
258
258
258
258
258
258
230
47
89
257
257
257
257
257
257
257
257
257
257
257
117
257
67
256
256
256
242
256
256
256
256
256
256
66
164
255
255
255
255
255
255
255
265
37
65
254
254
254
254
254
254
254
218
204
253
253
253
253
253
253
253
254
210
224
252
252
245
252
252
252
252
252
252
252
252
252
261
55
244
251
251
251
251
251
251
251
250
250
250
250
250
229
250
250
250
250
250
250
130
249
249
249
249
249
249
249
250
248
248
248
248
248
248
227
248
248
248
248
248
248
249
156
247
247
247
247
240
247
29
211
246
246
246
246
246
246
246
246
246
246
246
169
219
56
49
196
210
245
245
217
245
245
245
245
245
245
245
245
245
30
34
55
118
244
244
244
244
244
244
244
244
244
244
244
244
244
230
33
47
75
180
243
243
243
117
208
243
243
243
243
243
243
243
243
243
243
243
245
25
53
200
158
242
242
242
242
242
242
242
242
242
242
242
242
101
241
241
241
241
241
241
241
241
241
241
241
234
241
245
114
23
30
30
121
170
226
240
233
240
240
240
240
240
240
240
163
240
240
240
240
240
240
240
240
240
30
240
240
92
239
239
239
239
239
239
239
239
239
30
70
203
238
238
238
238
238
238
238
238
238
238
41
97
167
237
237
237
223
237
237
237
237
237
237
237
237
238
40
54
159
236
236
236
236
236
236
236
236
236
236
236
236
236
194
39
74
235
235
235
235
235
221
235
235
235
235
73
66
220
234
234
234
234
234
234
234
234
234
149
198
233
233
233
233
233
233
226
233
233
233
233
233
233
233
233
233
233
233
233
233
169
232
232
197
232
232
232
232
232
234
235
232
21
21
231
231
154
231
231
231
231
231
231
104
41
118
230
230
230
230
230
230
230
223
230
230
230
230
223
230
230
202
231
82
26
166
229
229
229
229
229
229
229
229
222
230
54
81
95
228
228
228
228
228
228
228
228
228
228
228
228
228
228
228
232
59
59
192
227
227
227
227
227
227
227
227
227
227
227
157
229
198
212
149
219
163
226
226
226
226
226
226
226
226
226
226
226
226
226
212
226
226
226
15
85
225
225
225
225
225
211
225
225
225
225
225
225
225
225
225
225
225
169
225
70
210
224
224
224
224
224
224
224
224
224
224
224
224
224
224
226
226
224
111
181
27
223
223
223
223
223
223
223
223
223
223
225
33
33
33
89
61
159
222
222
222
222
222
222
222
222
222
222
222
222
222
222
222
159
222
186
221
221
186
221
221
221
221
221
221
221
221
221
221
221
221
88
45
192
220
220
220
220
220
220
220
220
220
220
220
220
220
220
220
65
93
219
219
219
219
219
219
219
219
219
219
219
219
219
219
233
50
64
218
218
218
218
218
218
204
218
218
218
218
218
218
218
218
218
184
63
217
217
217
175
217
217
217
217
217
217
217
217
183
48
216
216
216
216
216
216
216
188
216
153
216
216
62
222
103
61
215
215
215
215
215
215
215
215
215
215
215
215
215
215
215
215
215
194
25
67
214
214
214
214
193
214
214
214
214
214
151
214
213
213
213
213
213
80
87
213
213
213
220
30
37
142
177
212
212
212
212
212
212
212
212
212
212
212
212
212
212
212
212
212
16
212
213
50
211
211
211
211
211
211
211
211
211
211
211
211
211
211
211
211
70
210
84
210
210
70
210
210
210
210
210
210
210
210
210
210
210
55
69
146
209
209
209
209
209
209
209
209
209
209
209
202
19
33
208
208
208
208
208
208
208
208
208
208
208
208
208
208
208
208
208
173
39
207
207
207
207
207
207
207
207
207
81
207
207
207
207
200
207
207
207
207
200
157
206
192
206
206
80
199
206
206
206
206
206
206
206
199
206
206
206
199
206
206
205
205
205
205
205
205
205
205
205
205
205
205
205
191
205
162
204
204
204
204
204
204
204
197
15
204
197
134
205
56
203
203
203
154
182
203
140
203
203
203
203
203
203
140
203
203
204
205
203
97
111
202
202
202
160
202
167
202
202
202
202
195
202
202
174
69
62
203
203
180
201
201
201
201
201
201
201
201
180
201
201
201
131
201
201
201
194
201
201
201
201
138
68
202
201
202
200
81
200
200
200
67
200
200
200
200
200
200
200
200
200
46
116
101
199
199
199
199
199
199
199
199
199
199
199
199
199
199
192
198
170
198
198
198
198
198
198
198
198
198
198
198
198
198
184
198
198
198
198
51
100
135
65
202
57
197
197
197
43
197
197
197
197
155
197
197
197
197
197
197
197
120
196
119
196
28
70
147
196
196
196
196
196
196
196
196
196
196
196
196
196
196
196
196
196
196
196
196
196
196
119
188
195
195
195
195
195
195
195
195
195
195
195
195
195
196
195
131
194
194
194
194
89
194
194
194
194
194
55
194
193
193
193
193
193
172
193
193
158
193
158
192
59
192
38
192
192
192
192
192
87
192
192
192
192
129
192
192
192
192
192
192
192
192
192
129
193
164
192
192
135
191
51
191
191
191
191
170
191
191
191
191
142
191
23
30
192
190
190
190
190
190
190
190
190
190
190
190
190
190
29
190
190
127
29
113
63
189
189
189
189
147
189
189
189
189
189
189
189
189
189
189
189
189
28
188
188
188
188
188
188
188
188
188
188
188
188
188
188
188
48
188
188
188
188
188
188
188
34
188
118
188
124
117
187
187
187
26
54
40
187
187
187
187
187
187
187
187
188
179
74
130
186
186
186
186
186
186
186
186
186
186
186
186
186
186
186
186
186
158
25
172
53
187
171
52
185
185
185
185
185
185
185
185
52
185
185
100
184
184
51
184
184
184
184
184
184
184
177
184
184
184
184
184
184
183
183
183
183
183
183
141
183
183
183
183
183
183
183
183
169
183
183
120
183
176
182
182
49
182
182
182
182
182
182
182
182
147
182
182
182
48
181
181
181
181
181
181
181
181
181
181
181
181
181
181
181
181
34
90
180
180
180
180
180
61
180
180
173
173
180
180
180
180
54
180
180
180
180
110
181
179
179
109
179
179
179
179
179
179
179
179
179
74
109
178
178
178
171
178
150
178
178
178
178
178
178
178
178
178
178
178
52
178
38
45
185
30
177
79
177
177
177
114
170
177
177
177
177
177
177
177
93
177
177
177
177
177
177
177
179
57
106
176
176
43
176
176
176
176
113
176
176
176
176
22
176
176
176
176
43
175
175
112
175
175
175
42
175
175
175
175
175
175
175
147
175
175
112
91
42
34
160
174
174
174
174
174
174
174
174
174
174
174
174
174
174
174
146
97
47
110
166
166
173
26
173
173
166
173
173
173
61
173
173
173
173
173
173
173
173
173
173
173
61
176
174
174
39
172
172
60
67
172
172
172
172
172
172
172
172
172
172
172
172
172
18
172
172
25
171
171
45
171
17
164
38
150
171
171
171
171
171
171
171
171
171
171
171
171
171
171
171
122
73
171
150
171
171
17
166
30
170
51
58
170
170
170
170
170
170
170
170
170
170
170
170
170
170
170
170
170
170
163
170
169
169
169
169
169
169
169
169
169
169
169
141
169
170
170
169
169
168
168
42
77
168
168
168
168
168
168
168
168
168
168
168
168
168
70
14
168
56
126
91
168
167
167
167
167
167
167
167
167
167
167
167
167
167
167
167
27
167
34
160
160
83
168
167
167
153
145
166
103
166
166
152
103
166
166
166
61
166
166
166
145
166
166
166
166
166
166
166
166
159
152
89
19
33
131
75
33
167
170
165
165
165
165
39
165
165
165
165
165
165
165
165
165
165
165
165
39
165
165
165
165
165
158
164
164
164
164
164
164
164
164
164
164
164
164
164
164
164
164
164
164
164
164
164
164
164
24
164
164
143
157
17
79
163
156
163
163
163
163
163
163
163
163
128
163
163
163
44
163
163
65
37
30
149
113
162
162
162
162
162
113
162
162
162
162
148
155
162
162
162
162
162
162
162
57
63
161
161
56
161
161
161
161
161
161
161
161
161
161
161
161
161
161
161
161
161
161
161
126
161
105
21
35
14
161
97
160
160
83
153
160
160
160
160
55
160
160
160
83
160
160
160
160
160
160
160
160
20
160
139
34
69
160
34
20
34
139
26
159
159
47
159
159
159
159
159
159
159
159
159
159
159
159
33
159
54
131
159
159
159
159
159
159
159
159
159
89
145
158
18
158
158
158
158
158
158
158
158
158
158
158
32
18
158
158
158
158
158
158
158
158
158
158
158
158
158
158
157
157
157
157
157
66
157
157
157
157
157
157
157
157
157
157
150
24
31
157
149
86
156
72
156
156
79
156
156
156
156
156
156
156
156
156
156
156
156
128
72
156
156
156
156
156
156
156
156
156
156
156
44
30
86
30
157
85
85
155
155
155
29
155
92
92
155
155
155
155
155
155
155
155
155
155
155
155
155
155
155
155
155
155
155
155
155
155
154
154
154
154
154
154
154
154
154
154
154
154
154
154
154
154
154
154
154
154
154
154
154
154
154
140
21
153
153
153
153
153
48
153
153
153
55
153
153
153
153
153
153
153
153
153
153
153
153
153
153
153
153
153
153
153
153
153
153
76
19
152
152
152
152
152
145
152
138
138
152
152
152
152
152
152
152
152
152
152
152
152
19
152
19
145
125
151
102
67
25
151
151
151
151
151
151
151
151
151
151
151
25
39
152
153
150
150
17
150
150
150
150
150
150
150
150
150
150
150
150
150
150
150
150
150
150
150
150
150
150
150
150
150
24
24
24
151
65
149
149
149
135
149
149
149
149
149
149
149
149
149
149
149
93
149
149
58
149
37
148
148
148
148
148
148
141
148
148
64
148
148
148
148
148
148
78
148
148
148
148
148
148
148
148
92
148
85
29
151
63
35
147
42
147
147
147
147
147
147
147
147
147
147
147
147
147
147
147
21
112
146
146
20
146
146
146
146
41
146
139
146
146
146
146
146
146
62
146
146
20
146
146
146
146
146
146
146
146
146
146
146
146
76
146
146
41
146
146
146
146
146
90
34
20
20
13
138
145
33
145
145
145
145
145
145
145
145
145
145
145
145
145
145
145
145
145
145
145
145
145
145
117
61
149
131
32
137
144
144
144
144
144
144
144
144
144
144
144
144
144
144
144
144
53
144
74
144
144
144
123
59
143
143
143
143
143
143
143
143
143
143
122
143
136
143
143
143
143
143
143
143
143
143
143
143
143
143
143
38
143
143
52
143
145
16
16
142
142
142
65
142
142
142
30
142
121
135
142
142
142
142
142
142
142
142
86
142
142
93
142
142
142
142
142
51
135
142
136
15
141
141
141
141
141
141
141
141
36
43
141
141
141
141
141
141
141
141
141
141
141
141
141
15
141
141
141
141
141
15
128
14
140
140
140
140
140
140
35
140
140
140
140
140
140
140
140
140
140
140
42
133
133
42
98
112
13
139
139
139
139
139
139
139
139
139
139
139
139
139
139
139
139
139
139
139
139
139
139
139
139
139
139
139
139
139
139
12
138
138
138
138
138
138
138
138
138
138
138
47
138
138
138
138
138
12
61
138
138
138
138
138
138
138
138
131
138
75
124
12
54
138
82
216
137
137
137
137
137
137
137
74
137
137
137
137
137
137
53
137
137
137
137
137
137
137
137
137
137
137
137
137
137
137
137
137
137
137
130
116
11
74
10
108
136
136
136
136
136
136
136
136
136
136
136
136
136
136
136
136
136
136
136
136
129
136
136
136
136
136
136
136
136
136
136
136
136
136
136
136
122
135
135
135
135
135
135
135
135
121
135
135
135
135
135
135
135
135
135
135
135
135
135
114
135
135
135
135
128
136
99
29
134
134
134
134
134
134
134
134
134
134
134
134
134
134
127
134
134
134
134
134
134
71
134
134
127
29
134
63
133
133
133
133
133
126
133
133
133
133
133
133
133
133
133
133
133
133
133
133
133
133
133
133
133
133
133
133
105
133
133
42
105
56
21
28
63
98
125
118
132
132
132
132
132
132
132
132
132
132
132
132
132
132
132
132
132
132
132
132
132
132
132
132
132
132
132
132
132
132
132
132
132
132
69
111
68
124
131
131
131
26
131
117
131
131
131
131
131
131
131
131
131
68
131
131
131
131
131
131
131
131
131
131
131
117
131
131
131
131
103
117
130
53
130
130
130
39
25
130
130
130
60
130
130
130
130
130
130
130
130
130
130
130
130
130
130
130
130
130
130
130
130
130
130
130
130
130
95
95
130
130
130
67
130
45
129
129
80
129
129
94
129
129
87
129
129
31
129
122
129
129
129
129
129
129
129
129
129
129
129
129
129
38
129
129
129
129
129
129
129
129
52
129
129
129
133
128
107
128
128
128
128
128
128
30
114
128
128
128
128
128
128
128
128
128
128
128
128
128
128
128
128
128
128
128
128
128
93
37
128
127
127
127
15
127
127
127
50
127
127
127
127
127
127
127
127
127
127
127
127
127
120
127
127
127
127
127
127
127
127
127
127
85
127
127
127
57
30
63
126
126
126
126
126
21
126
126
126
126
126
126
91
126
126
126
126
126
63
126
126
126
84
126
126
126
126
126
126
126
126
126
126
126
62
55
83
125
125
125
83
76
125
125
48
34
34
125
125
125
125
125
125
125
125
125
125
125
125
125
125
125
125
125
125
125
34
125
125
125
124
19
124
124
124
124
124
124
124
124
82
26
124
117
124
117
124
54
124
124
124
124
124
124
124
124
124
124
124
124
124
124
124
124
124
61
54
60
123
123
123
32
123
123
123
25
123
123
123
123
123
123
123
123
123
123
123
123
123
123
123
123
122
122
122
122
24
122
122
122
122
122
122
122
122
122
122
122
122
122
122
122
122
122
122
122
108
38
37
107
121
121
121
121
121
121
44
121
30
37
121
100
51
121
121
121
121
121
121
121
121
121
107
121
121
121
121
121
121
121
121
121
30
121
121
121
121
107
122
120
120
120
120
29
120
120
120
120
120
29
120
92
113
120
120
120
120
120
120
120
120
120
120
120
120
120
120
120
120
123
28
119
119
119
119
119
119
119
119
119
119
112
119
119
119
119
119
119
28
119
119
112
119
119
119
119
119
119
119
119
119
98
105
63
119
21
91
21
98
118
118
118
118
118
118
118
118
118
118
118
111
118
118
118
118
118
118
118
118
118
118
118
118
118
118
118
118
118
118
118
118
118
118
118
118
118
118
118
62
41
41
119
117
117
117
117
117
117
117
110
117
117
47
117
117
117
117
117
117
117
117
117
117
117
117
117
117
117
117
117
117
117
117
117
33
118
116
116
116
116
95
116
25
116
116
116
116
109
116
102
116
116
116
116
116
116
116
116
116
116
116
116
116
116
116
116
116
116
116
116
116
116
116
116
116
116
116
116
116
116
116
109
117
121
115
66
73
115
115
115
115
115
115
115
108
94
115
115
115
115
115
115
115
115
115
115
115
115
115
115
115
115
115
115
115
115
115
115
115
115
115
115
108
115
101
115
51
107
114
30
23
114
51
23
114
114
114
114
114
114
114
114
114
114
114
114
114
114
114
114
114
114
114
114
114
114
114
114
114
114
114
51
114
86
44
113
113
113
113
113
113
113
113
113
113
99
113
113
113
113
113
113
113
113
113
113
113
113
113
113
113
113
113
113
113
113
113
113
113
113
113
113
113
113
113
29
113
113
64
43
22
72
113
112
112
112
112
112
112
112
112
112
112
112
112
112
112
112
112
112
112
112
112
112
112
112
35
112
112
112
112
112
112
112
112
112
112
112
112
112
112
112
112
112
112
112
98
112
111
111
111
111
111
111
111
111
111
111
111
111
111
111
111
111
111
111
111
111
111
111
111
111
111
111
111
111
111
111
111
111
111
111
111
111
111
111
111
111
111
111
111
111
111
111
111
111
111
111
111
111
111
34
27
111
40
110
110
110
110
19
110
110
110
110
110
96
89
110
110
110
110
110
110
110
110
103
110
110
110
110
110
110
110
110
110
110
110
110
110
19
139
109
25
109
109
25
109
109
102
109
102
109
109
109
109
109
109
109
109
109
109
109
109
109
109
109
109
109
109
109
109
109
67
109
109
109
109
24
31
108
108
108
45
108
108
108
108
108
108
108
108
108
108
108
108
108
108
108
45
108
108
108
108
108
108
108
108
108
108
108
108
73
108
108
108
108
108
108
31
132
44
107
30
107
107
107
107
107
107
107
100
107
107
23
107
58
107
107
107
107
107
107
107
107
107
107
107
107
107
107
107
100
107
100
107
107
23
107
107
100
29
106
36
106
106
106
106
106
106
106
106
106
106
106
106
106
106
106
106
29
106
106
106
106
106
106
106
106
106
106
106
106
106
99
29
36
110
105
105
105
105
105
105
105
105
105
105
105
105
105
105
105
105
105
105
105
105
105
105
105
56
105
105
98
105
105
105
105
105
77
105
106
104
104
104
104
20
104
104
104
104
104
104
104
104
104
104
104
104
104
104
104
104
104
104
104
104
104
104
104
104
104
104
104
104
104
104
104
104
97
104
104
104
105
125
103
103
103
19
103
103
96
103
26
96
103
103
103
103
103
103
103
103
103
103
103
103
103
103
103
103
103
103
103
103
103
103
103
103
89
96
96
103
103
103
103
103
19
103
19
102
102
102
102
102
88
88
102
102
102
102
102
102
67
102
102
102
102
102
102
102
102
102
102
102
102
102
102
102
102
102
102
102
102
25
102
39
25
102
17
101
101
45
101
101
101
101
101
101
101
101
101
101
101
101
101
101
101
101
101
101
101
101
101
101
101
101
101
101
101
80
101
101
101
101
101
101
101
101
101
101
101
101
101
101
101
101
101
101
101
101
101
101
94
101
37
37
100
100
100
100
100
100
100
100
100
100
100
86
100
100
100
100
100
100
100
100
100
100
100
100
100
100
100
100
100
100
100
100
100
100
100
100
100
100
100
100
100
100
100
100
100
100
100
65
72
79
37
37
23
92
99
99
99
99
99
99
99
99
29
99
99
92
99
99
99
99
99
99
99
99
99
99
99
99
99
99
99
99
92
99
99
99
99
99
99
99
99
99
99
99
99
99
99
99
99
99
99
36
35
35
91
98
98
98
98
98
98
98
98
98
98
98
91
98
98
98
98
98
98
98
98
98
98
98
98
98
98
98
98
98
91
84
98
98
98
98
35
21
14
21
21
98
97
97
97
97
97
97
97
20
97
97
97
97
34
97
97
97
97
97
97
97
97
97
90
97
97
97
97
97
97
97
97
97
97
97
69
97
97
97
97
97
90
83
34
27
34
34
26
26
96
96
96
96
96
96
96
96
96
96
96
26
96
96
96
96
96
96
96
96
96
96
96
96
96
96
96
96
96
96
96
96
96
96
96
96
96
96
96
96
96
96
96
96
96
96
96
96
33
26
19
101
124
26
75
95
95
95
95
18
95
95
95
81
32
95
95
95
95
95
95
95
95
95
95
74
95
95
95
95
95
95
95
95
95
95
95
95
95
95
95
95
95
95
95
95
95
95
95
88
95
53
32
95
95
95
95
32
32
25
18
94
94
94
17
94
94
94
94
94
94
94
94
94
94
94
87
10
94
94
94
94
94
94
94
94
94
94
94
94
17
59
94
94
94
94
94
94
94
94
94
94
94
94
94
94
94
94
31
94
94
24
94
94
31
31
93
93
93
93
93
93
93
93
93
93
86
86
93
79
93
93
93
93
93
93
93
93
93
93
93
93
93
93
93
93
93
93
93
93
93
93
93
93
93
93
86
93
93
93
93
93
30
16
16
30
29
29
57
92
92
92
92
92
92
92
92
92
92
92
92
57
92
92
92
92
92
92
92
92
92
92
92
92
92
92
92
92
92
92
92
92
92
92
92
92
92
92
92
92
92
92
92
92
92
92
92
92
29
22
22
29
15
22
15
15
84
91
91
91
91
91
91
91
42
91
91
91
91
91
91
91
84
28
91
91
91
91
91
91
91
91
91
91
91
91
91
91
91
91
91
91
91
91
91
91
91
84
91
91
91
84
91
91
91
91
91
91
91
91
91
91
91
42
91
14
91
69
90
90
90
90
90
90
20
90
90
90
90
90
90
90
90
90
90
90
90
90
90
90
83
90
90
90
90
90
90
90
90
90
90
69
90
90
90
90
90
90
90
90
90
90
90
69
90
90
90
90
90
90
90
20
90
13
27
13
20
19
89
89
89
89
89
89
89
89
89
89
61
89
89
89
89
89
89
89
89
89
89
89
89
89
89
89
89
89
89
89
89
89
89
89
89
89
89
12
89
89
89
89
89
89
89
89
89
89
89
82
26
82
25
25
88
88
88
88
88
11
88
88
88
88
88
11
88
88
88
88
88
88
88
53
81
11
88
88
88
88
88
88
88
88
88
88
88
88
88
88
88
88
88
88
88
88
88
88
88
88
88
88
88
88
88
88
88
88
88
88
88
88
18
88
88
88
88
88
88
18
81
88
88
24
87
87
87
87
10
87
87
87
87
87
87
87
10
87
87
87
87
87
87
87
66
80
87
87
87
87
87
87
87
87
87
87
87
87
87
87
87
87
87
87
87
87
87
87
87
87
87
87
87
87
87
87
87
24
87
87
87
80
17
17
24
86
23
86
86
86
86
86
86
86
86
79
86
86
86
86
86
86
86
86
86
86
86
86
86
86
86
86
86
86
86
86
86
86
86
86
86
86
86
86
86
86
86
86
86
86
86
86
86
86
86
23
86
86
86
86
86
86
23
16
66
15
85
85
85
85
85
85
85
85
85
85
85
85
85
85
85
85
85
85
85
85
85
85
85
85
85
85
85
85
85
85
85
85
85
85
85
85
85
85
85
85
85
71
85
85
85
85
85
85
15
15
22
14
77
84
84
84
14
84
21
84
84
84
84
84
84
84
84
84
84
84
84
84
84
84
84
84
84
84
84
84
14
84
84
84
84
84
84
84
84
84
84
84
84
84
84
84
84
77
77
14
84
20
69
83
83
83
83
83
83
83
83
83
83
55
83
83
83
13
83
83
83
83
83
83
83
83
13
83
76
83
83
83
83
83
83
83
83
83
83
83
83
83
20
83
83
83
83
83
83
83
83
83
83
83
83
83
83
83
83
83
83
83
62
83
83
83
83
83
83
83
13
83
83
83
83
13
20
20
19
19
82
82
82
82
82
82
82
12
82
12
82
82
82
40
82
82
12
82
82
82
82
82
82
82
82
82
82
82
82
82
82
82
82
82
82
82
82
82
82
82
82
82
82
82
82
82
82
19
82
82
82
82
12
19
82
19
81
81
81
81
81
81
81
81
81
81
81
81
81
18
81
81
81
81
81
81
81
81
81
81
81
81
81
81
81
81
81
81
81
81
81
81
81
81
81
81
81
81
81
18
81
81
81
81
18
81
18
81
74
81
18
11
67
18
80
80
80
80
17
80
80
80
80
80
80
80
80
80
73
80
80
80
80
80
80
80
80
80
80
80
80
80
80
80
73
80
80
80
80
80
80
80
80
80
80
80
80
80
80
80
80
80
80
80
80
80
80
80
80
80
10
17
17
16
16
16
16
79
79
79
79
79
79
79
79
79
79
58
79
79
79
79
79
79
79
79
79
79
79
79
79
79
79
65
79
79
79
79
79
79
79
79
79
79
79
79
79
79
79
79
79
79
79
79
79
79
16
16
57
15
15
78
78
78
78
78
71
78
78
78
78
57
71
78
78
78
78
78
78
78
78
78
78
78
78
78
78
78
78
78
78
78
78
78
78
78
78
78
78
78
78
78
78
78
78
78
78
78
78
78
78
78
78
71
78
71
78
78
78
78
78
14
77
56
14
77
77
77
77
77
77
14
77
77
77
77
77
77
77
77
77
77
77
77
77
77
77
77
77
77
77
77
77
77
77
77
77
77
77
77
77
77
77
77
77
77
77
77
77
77
77
77
77
77
77
63
77
77
77
77
77
77
77
14
77
77
77
77
77
77
77
70
14
14
13
13
13
69
76
76
76
76
76
76
76
76
76
76
76
76
76
76
76
76
62
76
76
76
76
76
76
76
76
76
76
76
76
76
76
76
76
76
76
76
76
76
76
76
76
76
76
76
76
76
76
76
76
76
69
76
13
76
76
76
76
13
76
76
13
13
13
13
13
13
12
75
75
75
75
75
12
12
75
75
75
75
75
75
75
75
75
75
75
75
75
68
12
75
75
75
75
75
75
75
12
75
75
12
75
75
75
75
75
12
75
75
75
75
75
75
75
75
75
75
75
75
75
75
75
68
75
75
12
12
75
12
12
12
12
75
11
11
74
74
74
74
74
74
74
74
74
11
74
74
74
74
74
74
74
67
74
74
74
74
74
74
74
74
11
74
74
74
74
74
74
74
74
74
74
74
39
74
74
74
74
74
74
74
74
74
74
74
74
11
67
74
74
67
74
11
74
74
74
74
74
11
11
11
11
67
10
10
10
59
73
73
73
73
73
73
73
73
10
73
73
73
73
73
73
73
73
73
73
73
73
10
73
73
73
73
73
73
73
73
73
73
73
73
73
73
73
73
10
73
10
73
73
73
73
73
73
73
73
73
73
73
73
73
73
73
73
73
73
73
73
73
73
73
73
73
73
73
73
73
73
73
73
73
73
10
73
73
10
10
10
10
10
72
72
72
72
72
72
72
72
72
72
72
72
72
72
72
58
72
72
72
72
72
72
72
72
72
72
72
72
72
72
72
72
72
72
72
72
72
72
72
72
72
72
72
72
72
72
72
72
72
72
72
72
72
72
72
72
72
72
72
72
72
72
72
71
71
71
71
71
71
71
71
71
71
71
71
71
71
71
71
71
71
71
71
71
71
71
71
71
71
71
71
71
71
71
71
71
71
71
71
71
71
71
71
71
71
71
71
71
71
71
71
71
71
71
71
71
71
71
71
71
71
71
50
71
71
71
71
49
70
70
70
70
70
70
70
70
70
70
63
70
70
70
70
70
70
70
70
70
70
70
70
70
70
70
70
70
70
70
70
63
70
70
70
70
70
70
70
70
70
70
70
70
70
70
70
70
70
70
70
70
70
70
70
70
70
70
70
70
70
70
70
70
70
70
70
70
70
70
70
70
70
70
70
69
69
69
69
69
69
69
69
69
69
69
69
69
69
69
69
69
69
69
69
69
69
69
69
69
69
69
69
69
69
69
69
69
69
69
69
69
69
69
69
69
69
69
69
69
69
69
69
69
69
69
69
69
69
69
69
69
69
69
69
69
69
69
69
69
68
68
68
68
68
68
68
68
68
68
68
54
68
68
68
68
68
68
68
68
61
68
68
68
68
61
68
68
68
68
68
68
68
68
68
68
68
68
68
68
68
68
68
68
68
68
68
68
68
68
68
68
68
68
68
68
68
68
68
68
68
68
68
68
68
68
68
68
68
68
68
68
68
67
67
67
67
67
67
67
67
67
67
67
67
67
67
67
67
67
67
67
67
67
60
67
67
67
67
67
67
67
67
67
67
67
67
67
39
67
67
67
67
67
67
67
67
67
67
67
67
67
53
60
67
67
67
67
67
67
53
66
66
66
66
66
66
66
66
66
66
66
66
66
66
66
66
66
66
66
66
66
66
66
66
66
66
66
66
66
66
66
66
66
66
66
66
66
66
66
66
66
66
66
66
66
66
66
66
66
66
66
66
66
66
66
66
66
66
66
66
66
66
66
66
65
65
65
65
65
65
65
65
65
65
65
65
65
65
65
65
65
65
65
65
65
65
65
65
65
65
65
65
65
65
65
65
65
65
65
65
65
65
65
65
65
65
65
65
65
65
65
65
65
65
65
65
65
65
65
65
65
65
65
65
51
65
65
65
64
64
64
64
64
64
64
64
64
64
64
64
64
64
64
64
64
64
64
57
64
64
64
64
64
64
64
64
64
64
64
64
64
64
64
64
64
64
64
64
64
64
64
64
64
64
64
64
64
64
64
64
64
64
64
64
64
64
64
64
64
64
64
64
64
64
64
64
64
64
64
64
64
64
64
64
64
63
63
63
63
63
63
63
63
63
63
63
63
63
63
63
63
63
56
63
63
63
63
63
63
63
63
63
63
63
63
63
63
63
63
63
63
63
63
63
63
63
63
63
63
63
63
63
56
63
63
63
63
63
63
63
63
63
63
63
63
63
63
49
63
63
63
63
63
49
63
62
62
62
62
62
62
62
62
62
62
62
62
62
62
62
62
62
62
62
62
62
62
62
55
62
62
55
62
62
62
62
55
62
62
62
62
62
62
62
62
62
62
62
62
62
62
62
62
62
62
62
62
62
62
62
62
62
62
62
62
62
62
62
62
62
62
62
62
62
62
62
62
62
62
62
62
62
62
62
62
48
41
62
62
62
62
41
62
62
62
55
62
62
62
62
62
62
62
64
61
61
61
61
61
61
61
61
61
61
61
61
61
61
54
61
54
61
61
61
61
61
61
61
61
61
61
61
61
61
61
61
61
61
61
61
61
61
61
61
61
61
61
61
61
61
61
61
61
61
61
61
61
61
61
61
60
60
60
60
60
60
60
60
60
60
60
60
60
60
60
60
60
60
60
60
60
60
60
60
60
60
60
60
60
60
60
60
60
60
60
60
60
60
60
60
60
60
60
60
60
60
60
60
60
60
60
60
60
60
60
60
60
60
60
60
60
60
60
60
60
60
60
60
60
60
60
60
53
60
60
60
60
60
60
60
60
60
60
60
60
60
60
59
59
59
59
59
59
59
45
59
59
59
59
59
59
59
59
59
59
59
59
59
59
59
59
59
59
59
59
59
59
59
59
59
59
59
59
59
59
59
59
59
59
59
59
59
59
59
59
59
59
59
59
59
59
59
59
59
59
59
59
59
59
59
59
59
59
59
59
59
59
59
59
59
59
59
59
59
59
59
59
59
59
59
58
58
58
58
58
58
58
58
58
58
58
58
58
58
58
58
58
58
58
58
58
58
58
58
58
58
58
58
58
58
58
58
58
58
58
58
58
58
58
58
58
58
58
58
58
58
58
58
58
58
58
58
58
58
58
58
58
58
58
58
58
58
58
58
58
58
58
58
58
58
58
58
58
58
58
58
58
58
58
58
58
58
58
58
58
58
58
58
58
58
58
58
58
58
58
58
58
57
57
57
57
57
57
57
57
57
57
57
57
57
50
57
57
57
57
57
57
57
57
57
50
57
57
57
57
57
57
57
57
57
57
57
57
57
57
57
57
57
57
57
57
57
57
57
57
57
57
57
57
57
57
57
57
57
57
57
57
57
57
57
57
57
57
57
57
57
57
57
57
57
57
57
57
57
57
57
57
57
57
57
57
57
57
57
57
57
57
57
56
56
56
56
56
56
56
56
56
56
56
56
56
56
56
56
56
56
56
56
56
56
56
56
56
56
56
56
56
56
56
56
56
56
56
56
56
56
56
56
56
56
56
56
56
56
56
56
56
56
56
56
56
56
56
56
56
56
56
56
56
56
56
56
56
56
56
56
56
56
56
56
56
56
56
56
56
56
56
56
56
56
56
56
56
56
56
56
56
56
55
55
55
55
55
55
55
55
55
55
55
55
55
55
55
55
55
55
55
55
55
55
55
48
55
55
55
55
55
55
55
55
55
55
55
55
55
55
55
55
55
55
55
55
55
55
55
48
55
55
55
55
55
55
55
55
55
55
55
55
55
55
55
55
55
55
55
55
55
55
55
55
55
55
55
55
55
55
55
55
55
55
55
55
55
55
55
55
55
55
55
48
55
55
55
55
55
34
54
54
54
54
54
54
54
54
54
54
54
54
54
54
54
54
54
54
54
54
54
47
54
54
54
54
54
54
54
54
54
54
54
54
54
54
54
54
54
54
54
54
54
54
54
54
54
54
54
54
54
54
54
54
54
54
54
54
54
54
54
54
54
54
54
54
54
54
54
54
54
54
54
54
54
54
54
54
54
54
54
54
54
54
54
54
54
54
54
47
54
54
54
54
54
54
47
53
53
53
53
53
53
53
53
53
53
53
53
53
53
53
53
53
53
53
53
53
53
53
53
53
53
53
53
53
53
53
53
53
53
53
53
53
53
53
53
53
53
53
53
53
53
53
53
53
53
53
53
53
53
53
53
53
53
53
53
53
53
53
53
53
53
53
53
53
53
53
53
53
53
53
53
53
53
53
53
53
53
53
53
53
53
53
53
53
53
53
53
53
53
53
53
52
52
52
52
52
52
52
52
52
52
52
52
52
52
52
52
52
52
52
52
52
52
52
52
52
52
52
52
52
52
52
52
52
52
52
52
52
52
52
52
52
52
52
52
52
52
52
52
52
52
52
52
52
52
52
52
52
52
52
52
52
52
52
52
52
52
52
52
52
52
52
52
52
52
52
52
52
52
53
52
51
51
51
51
51
51
51
51
51
51
51
51
51
51
51
51
51
51
51
51
51
51
51
51
51
51
51
51
51
51
51
51
51
51
51
51
51
51
51
51
51
51
51
51
51
51
51
51
51
51
51
51
51
51
51
51
51
51
51
51
51
51
51
51
51
51
51
51
51
51
51
51
51
51
51
50
50
50
50
50
50
50
50
50
50
50
50
50
50
50
50
50
50
50
50
50
50
50
50
50
50
50
50
50
50
50
50
50
50
50
50
50
50
50
50
50
50
50
50
50
50
50
50
50
50
50
50
50
50
50
50
50
50
50
50
50
50
50
50
50
50
50
50
49
49
49
49
49
49
49
49
49
49
49
49
49
49
49
49
49
49
49
49
49
49
49
49
49
49
49
49
49
49
49
49
49
49
49
49
49
49
49
49
49
49
49
49
49
49
49
49
49
49
49
49
49
49
49
49
49
49
49
49
49
49
49
49
49
49
49
49
49
49
49
49
49
49
49
49
49
49
49
49
48
48
48
48
48
48
48
48
48
48
48
48
48
48
48
48
48
48
48
48
48
48
48
48
48
48
48
48
48
48
48
48
48
48
48
48
48
48
48
48
48
48
48
48
48
48
48
48
48
48
48
48
48
48
48
48
48
48
48
48
48
48
48
48
48
48
48
48
48
48
48
48
48
48
48
47
47
47
47
47
47
47
47
47
47
47
47
47
47
47
47
47
47
47
47
47
47
47
47
47
47
47
47
47
47
47
47
47
47
47
47
47
47
47
47
47
47
47
47
47
47
47
47
47
47
47
47
47
47
47
47
47
47
47
47
47
46
46
46
46
46
46
46
46
46
46
46
46
46
46
46
46
46
46
46
46
46
46
46
46
46
46
46
46
46
46
46
46
46
46
46
46
46
46
46
46
46
46
46
46
46
46
46
39
46
46
46
46
46
46
46
46
46
46
46
45
45
45
45
45
45
45
45
45
45
45
45
38
45
45
45
45
45
45
45
45
45
45
45
45
45
45
45
45
45
45
45
45
45
45
45
45
45
45
45
45
45
45
45
45
45
45
45
45
45
45
45
45
45
45
45
45
45
44
44
44
44
44
44
44
44
44
44
44
44
44
44
44
44
44
44
44
44
44
44
44
44
44
44
44
44
44
44
44
44
44
44
44
44
44
44
44
44
44
44
44
44
44
44
44
44
44
44
44
44
44
44
44
43
43
43
43
43
43
43
43
43
43
43
43
43
43
43
43
43
43
43
43
43
43
43
43
43
43
43
43
43
43
43
43
43
43
43
43
43
43
43
43
43
43
43
36
42
42
42
42
42
42
42
42
42
42
42
42
42
42
42
42
42
42
42
42
42
42
42
42
42
41
41
41
41
41
41
41
41
41
41
41
41
41
41
41
41
41
41
41
41
41
41
41
41
41
41
40
40
40
40
40
40
40
40
40
40
40
40
40
40
40
40
39
39
39
39
39
39
39
39
39
39
39
39
38
38
38
38
38
38
38
38
37
37
37
37
37
37
36
36
36
36
35
34
34
