91638
61528
25019
16133
10793
9240
9239
8903
8868
8172
7215
6520
6106
5917
5822
4909
4546
3743
3728
3561
3514
3480
3391
3190
3175
2982
2849
2762
2676
61673
2602
2494
2437
2409
2240
2213
2082
2067
2023
1940
1877
1807
1745
1648
6597108
1542
1535
1523
1521
1483
1474
1452
1442
1436
1421
1356
1343
1264
1242
1225
1219
1219
1196
1191
1174
1167
1136
1122
1099
1079
1034
1032
1000
992
991
978
964
953
944
929
857
827
808
801
791
785
758
752
748
738
737
717
696
696
683
673
672
670
659
653
643
641
633
633
625
620
615
610
606
605
599
596
592
586
578
575
576
557
553
550
550
531
514
507
500
489
488
484
484
482
17423
473
471
468
461
456
443
437
431
428
425
417
415
413
412
408
403
396
395
1353332
390
389
383
382
1451852
376
371
370
366
364
362
360
359
359
358
357
357
353
352
350
350
348
344
342
339
335
334
333
332
330
330
328
325
324
323
322
322
321
316
316
316
304
303
301
294
9390
289
288
288
285
282
282
281
45734
279
279
279
279
278
276
274
273
271
270
266
263
262
258
256
256
256
254
253
253
252
249
249
249
248
248
248
248
246
240
240
237
235
233
232
231
231
231
586
227
226
223
221
221
219
217
216
215
214
213
212
212
212
212
211
210
210
210
209
209
209
208
207
205
204
204
834677
203
202
201
200
200
197
196
196
195
290
193
192
192
191
191
187
185
184
184
184
184
183
182
181
178
177
174
174
173
170
169
168
167
167
167
165
1252
164
164
162
160
160
159
157
155
154
154
153
153
153
152
152
151
150
150
150
149
149
144
144
143
143
143
142
142
141
141
140
138
138
137
137
136
136
135
135
134
134
133
131
131
130
129
129
129
128
128
127
125
125
124
123
123
122
122
122
121
121
120
119
119
118
118
117
117
116
116
116
115
115
114
113
113
112
112
111
110
109
109
109
108
107
105
105
105
104
104
104
104
104
104
104
102
102
101
98
97
97
96
96
96
96
96
2244
178
95
94
94
94
94
93
93
93
91
90
89
88
88
88
88
459
87
87
87
86
85
85
85
84
84
82
82
82
81
80
80
79
78
76
76
76
75
75
75
75
75
73
72
72
72
71
71
70
70
70
69
69
69
68
108
66
65
64
64
63
60
60
59
59
196083
56
56
704
54
54
54
228
52
48
47
102410
119486
167
286
250
91
77291
106
136
56
48
60405
120
124
55
25
520
54398
50439
38001
46340
160
48095
47395
44480
50
44180
44210
41
43094
26
324
64
90
33986
212
89
55
37
34230
33432
32877
68
59
31898
31398
55
30766
30660
102
26605
31
27
17502
142
1961
27158
13648
4547
28
32
27
22
15
7596
55
22
21593
961
76
62
25
20722
86
92
45
86
54
15
11
33
28
28
18
13
26
59
18609
12
13586
23
92
83
111
17135
34
23
14619
27
15
21
17
17
56
37
31
44
37
29
26
26
25
24
17
13
10
10
10
82
14802
15291
14408
28
40
40
14401
72
37
15
11
13772
13479
39
87
25
82
58
52
12841
12283
13
11
12580
65
166
51
50
44
96
59
56
53
45
48
34
42
37
28
14
34
27
23
29
21
9523
24
21
20
20
18
17
16
16
16
15
14
12
12
12265
12002
64
7076
11213
10168
11091
66
9938
10986
15
90
10644
10629
9556
61
114
16
91
34
5269
11
40
30
33
96
54
22
19
11
48
53
49
32
28
9238
17
13
24
8920
55
23
31
47
67
53
42
42
36
36
34
34
26
32
25
17
15
455
14
8714
10
201
320
8609
29
8424
115
8314
49
38
30
91
27
90
39
22
13
76
11
66
50
54
51
41
27
33
46
46
43
43
37
36
36
29
29
35
35
35
35
34
33
33
33
32
25
25
18
31
30
28
28
28
21
21
21
27
26
25
25
24
24
24
23
22
15
15
21
20
20
19
19
19
18
18
18
18
11
17
17
17
17
16
16
15
15
15
15
15
14
14
13
13
13
13
12
12
12
12
11
11
11
10
10
10
7993
59
6898
7782
96
44
7347
51
151
919
7553
6039
5713
63
7058
57
28
7234
30
1427
30
93
7045
4445
6956
79
80
6802
6791
6775
106
274
6700
46
6684
352
20
6557
6382
6527
6455
6397
28
6337
6260
47
36
29
61
75
6199
6178
3337
5406
230
122
5935
11
5884
45
279
53
5805
18
41
236
38
32
93
4915
152
82
5708
80
13
3026
5699
50
44
39
3311
24
16
143
17
5559
5546
5477
5261
5114
3448
670
40
69
457
44
553
5251
44
25
24
4873
3207
141
29
74
88
1037
5173
41
34
44
43
5155
38
34
36
29
33
28
27
21
21
14
14
3621
495
5067
5039
244
880
243
4956
4894
290
4639
64
4834
46
3577
48
51
112
109
99
86
32
156
27
65
44
21
27
40
78
35
35
11
27
373
16
22
13
11
34
4678
45
37
54
38
38
37
27
33
30
43
21
40
33
32
18
36
15
33
33
33
26
19
32
32
16
29
19
19
522
25
18
18
24
24
23
22
22
22
22
21
21
20
20
20
13
19
19
19
12
12
11
11
11
17
17
17
15
15
15
15
14
14
13
13
13
12
11
10
10
4591
478
232
4518
320
262
60
18
164
52
325
48
370
4373
474
93
4368
70
257
180
159
689
4307
53
77
4294
33
39
4251
4243
148
148
75
135
51
4212
110
63
55
3022
51
36
90
53
34
47
47
40
39
45
42
26
101
4195
100
35
32
32
24
93
23
29
27
27
20
25
17
85
22
22
15
56
41
13
61
12
81
18
11
15
70
14
33
26
67
11
11
52
10
70
69
67
66
63
61
51
57
50
35
55
55
41
34
27
54
40
53
31
51
51
50
50
49
49
42
48
48
41
41
47
46
46
39
45
45
45
24
44
44
44
43
29
42
42
42
35
41
41
41
34
27
20
40
33
39
39
39
25
25
38
38
38
38
38
24
24
17
37
37
37
37
37
37
37
37
30
30
30
30
16
36
36
36
36
36
36
29
29
29
35
35
35
35
35
28
28
28
34
34
34
34
27
27
27
20
33
33
33
33
33
33
33
33
33
33
33
33
33
33
33
33
33
26
19
32
32
32
32
32
32
32
32
25
25
25
18
31
31
31
31
31
31
31
31
31
31
24
17
10
30
30
30
30
30
30
30
30
30
23
23
29
29
29
29
29
29
29
29
28
28
28
28
28
28
28
28
28
28
28
28
28
28
28
28
28
21
21
27
27
27
27
27
27
27
13
26
26
26
26
26
26
26
26
26
26
26
26
26
26
26
26
26
26
26
26
19
25
25
25
25
25
25
25
25
25
25
18
11
11
24
24
24
24
24
24
24
24
24
24
24
24
24
24
24
24
24
24
24
24
24
24
17
10
10
23
23
23
23
23
23
23
23
23
23
23
23
23
23
23
16
16
16
22
22
22
22
22
22
22
22
22
22
22
22
22
22
22
22
22
22
22
22
15
15
15
15
15
21
21
21
21
21
21
21
21
21
21
21
21
21
21
21
21
14
14
14
14
20
20
20
20
20
20
20
20
20
20
20
20
20
20
20
20
20
20
20
20
20
20
20
20
13
13
13
13
19
19
19
19
19
19
19
19
19
19
19
19
19
19
19
19
19
19
19
19
19
19
19
19
19
19
12
18
18
18
18
18
18
18
18
18
18
18
18
18
18
18
18
18
18
18
18
18
18
18
18
18
18
18
18
18
11
11
11
17
17
17
17
17
17
17
17
17
17
17
17
17
17
17
17
17
17
10
10
10
16
16
16
16
16
16
16
16
16
16
16
16
16
16
16
16
16
16
16
16
15
15
15
15
15
15
15
15
15
15
15
15
15
15
15
15
15
14
14
14
14
14
14
14
14
14
14
14
14
14
14
14
14
14
14
14
14
14
14
14
14
14
14
14
13
13
13
13
13
13
13
13
13
13
13
13
13
13
13
13
13
13
13
13
13
13
13
13
13
13
13
13
13
12
12
12
12
12
12
12
12
12
12
12
12
12
12
12
12
12
12
12
12
12
12
12
12
12
12
12
12
12
12
12
12
12
12
11
11
11
11
11
11
11
11
11
11
11
11
11
11
11
11
11
11
11
11
11
11
11
11
11
11
11
11
11
11
11
11
11
11
10
10
10
10
10
10
10
10
10
10
10
10
10
10
10
10
10
10
10
10
10
10
10
10
10
10
10
10
10
10
10
109
35
3711
3915
3896
3863
3839
3829
3780
47
3782
3738
3673
3703
3617
3666
2437
3474
3634
107
3203
3593
3029
3568
3482
14
3004
120
3309
3389
3369
3253
471
3331
3325
3301
3296
100
3285
3283
25
2400
3260
3233
3200
68
3194
56
3128
144
31
3100
2925
3073
3060
3045
2962
3033
3030
3009
3000
2403
2990
2977
44
470
2544
2868
2930
2917
2879
2879
2876
1889
71
2797
2795
2707
2580
874
2731
2707
45
2015
2687
2685
2668
2673
2668
2646
2615
2612
178
102
19
17
56
2557
2546
2284
2454
2531
2524
445
113
2473
2465
139
2434
2413
2241
2415
39
2391
2381
2384
2383
1852
2297
2155
1654
2355
2350
2335
13
2076
1866
1619
2317
108
2269
71
1715
2112
2243
2215
481
2200
2208
33
2222
2221
2207
2196
2194
2181
104
2171
1644
60
59
2163
2134
223
2152
1976
2146
193
2123
2128
1057
322
2127
2127
63
2111
2114
1637
51
57
2001
2083
2081
19
28
2074
2070
1108
21
20
15
2056
58
2044
2039
2036
1346
2017
2016
2009
2006
2005
1998
1929
1988
1944
1966
1935
1959
1927
164
1945
1366
1892
1843
1912
39
408
1233
1890
771
1890
1890
1820
1741
72
454
1802
1365
1070
1852
94
1856
297
1843
72
176
177
1826
1823
28
1806
1799
1798
66
1785
138
31
31
52
1737
1730
1226
237
1627
1102
1712
1180
39
42
40
12
1553
1694
33
88
1689
1177
1686
62
1685
955
1151
1679
1667
1670
367
529
1657
54
1131
1333
1651
1130
115
17
31
1638
1421
21
1637
1636
767
36
1561
1477
1551
86
76
1494
1590
13
1615
1223
1537
45
1595
10
1591
1601
68
199
1598
55
60
310
1584
1584
42
1575
1538
39
1548
33
1565
25
18
31
31
31
19
1549
16
19
1509
16
1485
1442
13
11
11
10
1539
1529
1535
1506
1058
1376
1527
309
1490
1517
1514
1507
176
1505
957
1424
1249
1388
1381
1492
1491
1487
297
298
1480
1381
1477
53
363
1466
1465
591
418
1398
1361
1429
1280
803
726
130
1422
906
1408
1401
1411
1394
316
1249
115
1394
43
76
1369
872
1396
38
1382
1366
94
1373
1366
48
1365
1362
151
98
1353
1353
169
671
1349
1342
60
316
552
1326
1329
132
1326
1317
1323
81
74
1318
1289
1314
1257
1309
1288
1308
208
1243
74
60
1060
1304
1136
1298
57
1294
66
59
42
1280
1259
1279
642
47
22
77
238
49
1266
1256
632
750
1246
58
449
1190
1119
1049
32
1246
21
68
1243
1240
63
1237
465
1105
1230
1229
396
81
955
1227
198
142
714
1224
1223
67
136
1218
1216
1215
172
1214
605
100
1212
1211
63
1210
1182
83
46
1178
611
22
48
1199
1170
29
35
90
26
32
38
1185
1183
111
81
1179
1179
24
72
22
154
1172
127
66
1164
1161
1160
1146
75
47
1159
1110
247
1155
1154
1095
632
35
433
13
586
33
110
1145
1131
93
56
42
42
1133
531
88
1122
37
22
573
27
1125
1130
38
1129
163
37
30
16
1128
104
1118
40
1012
1123
141
36
609
77
1119
1117
977
556
1115
16
1113
77
28
21
27
27
13
26
19
1110
1110
25
1067
16
106
924
20
20
12
67
969
717
17
78
1091
13
557
1095
962
1093
1093
1091
1091
69
69
68
1089
1089
1088
1060
65
1050
1021
59
58
51
44
1079
1079
57
43
55
537
1046
346
52
51
51
23
1072
49
41
27
557
556
1059
44
16
22
27
40
40
40
40
26
1061
1060
1053
38
253
29
35
34
33
717
24
1052
1052
30
16
29
15
28
27
27
27
19
1047
459
25
25
1046
479
24
17
1045
23
22
22
22
22
22
469
21
21
21
21
21
1042
20
20
20
20
13
13
13
1041
19
19
18
18
18
18
18
18
18
11
11
1039
17
17
17
17
17
17
1038
331
16
16
15
15
15
15
15
15
1036
14
14
14
1035
13
13
13
13
13
13
12
12
12
12
11
10
10
10
10
10
492
1027
864
1024
1024
64
1021
1019
984
499
443
1009
994
306
1012
991
1009
911
708
1000
1005
1001
56
1000
222
935
997
878
994
54
949
989
987
987
896
982
352
981
977
88
972
965
970
969
710
458
968
968
35
958
960
945
958
354
920
338
952
847
811
920
947
946
939
923
412
941
409
940
939
939
855
938
840
238
923
921
933
931
930
419
929
178
891
924
833
921
907
388
919
919
918
364
369
821
401
127
910
133
860
775
327
905
905
51
904
895
258
880
879
389
374
898
884
576
29
868
895
895
684
683
892
876
757
889
342
887
880
885
884
71
882
362
40
347
366
876
659
875
873
870
338
652
204
859
348
857
717
863
863
861
854
238
28
860
859
859
247
105
762
852
851
571
52
413
727
845
844
326
843
843
843
807
840
839
810
711
249
122
828
834
834
833
322
832
831
796
827
827
680
232
280
314
307
733
61
823
178
821
309
819
749
685
816
809
284
25
815
813
813
813
113
700
175
251
271
683
31
806
57
805
805
581
196
734
782
801
38
777
84
797
76
164
793
247
792
791
756
70
790
755
132
740
788
788
774
787
276
786
15
784
742
161
782
271
781
746
368
137
74
777
189
713
761
425
767
137
772
485
121
770
258
768
152
753
739
765
688
184
749
175
706
69
761
726
221
122
758
40
54
753
753
746
752
731
241
38
749
154
112
748
13
746
158
39
11
521
744
149
58
92
85
50
146
20
726
705
739
39
255
737
30
30
736
162
735
735
203
168
28
307
69
733
18
731
710
52
192
66
730
730
730
652
721
686
28
70
188
146
726
208
201
725
214
73
723
211
134
721
720
482
698
124
711
557
200
193
710
716
618
569
142
65
43
36
644
77
202
195
698
474
201
711
661
199
66
695
687
190
686
189
635
47
704
704
704
704
697
158
25
703
122
667
44
183
155
99
168
98
699
698
271
54
697
697
696
696
45
695
555
694
694
692
692
167
691
180
173
82
33
690
557
688
51
687
78
176
43
43
686
153
684
159
683
683
67
682
682
682
45
107
100
603
679
104
138
676
158
151
675
661
164
17
674
674
597
163
37
29
630
35
28
671
657
34
124
75
33
669
669
669
25
18
668
668
24
667
667
576
58
365
379
155
134
92
154
119
153
69
20
663
145
26
26
662
662
654
542
24
45
17
660
569
149
86
659
631
617
64
658
546
21
21
20
13
19
19
19
12
12
648
11
11
17
170
16
16
15
15
15
50
644
140
133
14
643
118
62
649
488
68
613
53
11
136
73
52
10
107
58
127
511
643
636
608
573
517
118
62
642
348
124
641
634
473
53
500
262
101
639
632
254
184
624
610
43
434
35
55
48
635
635
54
522
633
633
45
45
632
36
609
112
77
622
608
111
628
54
47
627
627
620
396
116
46
46
374
45
114
107
100
37
85
50
623
560
622
622
517
489
489
111
111
111
103
33
109
25
108
24
618
527
506
30
568
43
15
616
616
497
56
42
35
35
28
21
14
601
531
447
34
27
614
103
40
613
529
410
39
39
32
32
18
38
31
31
611
604
597
527
37
23
610
400
99
36
29
609
539
98
35
35
28
21
608
90
34
27
20
20
586
96
82
33
606
494
95
74
32
32
32
32
25
25
11
31
31
31
24
10
604
541
93
86
30
30
30
30
30
30
30
30
30
23
23
23
16
603
407
92
29
602
91
91
70
63
21
14
14
601
27
20
13
600
600
530
89
89
89
75
61
26
19
599
571
564
74
25
18
24
24
24
17
10
597
597
79
23
23
16
533
22
595
588
546
469
21
21
21
21
21
14
146
83
76
20
20
20
20
20
20
13
13
593
593
579
68
68
19
19
19
12
529
591
591
17
17
17
17
10
590
464
72
72
58
16
16
16
547
71
15
15
15
15
15
15
22
420
70
56
14
14
14
14
14
587
587
202
76
13
13
13
13
13
586
75
12
12
12
12
12
12
12
12
508
466
389
53
11
11
11
11
11
11
584
66
10
10
10
534
72
72
65
58
582
71
71
518
70
70
580
552
524
69
62
572
68
61
61
47
578
557
66
66
576
576
534
198
540
64
64
57
574
63
63
42
573
566
503
62
41
41
565
565
47
515
487
480
298
25
25
45
31
569
51
568
554
505
134
57
36
567
567
567
56
56
566
566
167
55
55
55
48
544
26
564
39
39
563
563
563
325
52
24
51
44
561
50
50
50
43
43
560
539
497
49
49
559
559
559
34
48
48
41
34
558
558
334
40
40
557
557
557
550
46
39
32
556
549
507
45
45
45
38
38
31
555
555
527
44
44
44
44
37
37
37
37
37
30
225
43
43
36
553
476
434
42
42
35
35
21
552
552
41
41
41
41
41
27
13
40
40
40
33
33
33
33
26
550
550
550
389
39
39
39
39
39
32
32
32
25
479
38
38
38
38
31
31
548
37
37
37
30
30
547
547
547
36
36
36
36
29
29
22
15
546
476
455
35
35
35
28
28
28
21
14
538
475
307
34
34
34
34
34
34
34
34
34
34
27
27
544
33
33
33
33
33
33
33
33
33
26
26
19
19
32
32
32
32
32
32
32
32
32
32
32
32
25
25
25
18
11
31
31
31
31
31
31
31
31
31
31
31
24
24
24
24
17
499
345
37
30
30
30
30
30
30
30
30
30
30
30
30
30
30
30
30
23
23
23
23
16
540
533
519
435
29
29
29
29
29
29
29
29
29
29
29
29
29
29
22
22
22
22
22
22
504
28
28
28
28
28
28
28
28
28
28
28
21
21
14
14
538
433
27
27
27
27
27
27
27
27
27
27
27
27
27
20
20
20
20
13
13
537
537
26
26
26
26
26
26
26
26
26
26
26
26
26
26
26
26
19
12
298
25
25
25
25
25
25
25
25
25
25
25
25
25
25
25
25
25
18
18
18
11
535
535
535
500
24
24
24
24
24
24
24
24
24
24
24
24
24
24
24
24
24
24
24
24
24
24
24
24
17
17
17
17
17
17
10
10
534
23
23
23
23
23
23
23
23
23
23
23
23
23
23
23
23
23
23
23
23
23
23
23
16
16
16
16
16
16
16
16
533
533
22
22
22
22
22
22
22
22
22
22
22
22
22
22
22
22
22
22
22
22
22
22
22
22
22
22
15
15
15
15
532
21
21
21
21
21
21
21
21
21
21
21
21
21
21
21
21
21
21
21
21
21
21
21
21
21
21
21
21
21
21
21
21
21
14
14
14
14
14
524
20
20
20
20
20
20
20
20
20
20
20
20
20
20
20
20
20
20
20
20
20
20
20
20
20
13
13
13
13
13
13
530
530
516
397
19
19
19
19
19
19
19
19
19
19
19
19
19
19
19
19
19
19
19
19
19
19
19
19
19
19
19
19
19
19
19
19
19
19
19
19
19
19
19
12
12
12
12
12
529
18
18
18
18
18
18
18
18
18
18
18
18
18
18
18
18
18
18
18
18
18
18
18
18
18
18
18
18
18
18
11
11
11
11
11
528
507
507
402
17
17
17
17
17
17
17
17
17
17
17
17
17
17
17
17
17
17
17
17
17
17
17
17
17
17
17
17
17
10
10
10
10
527
16
16
16
16
16
16
16
16
16
16
16
16
16
16
16
16
16
16
16
16
16
16
16
16
16
16
16
16
16
16
16
16
16
16
16
16
16
15
15
15
15
15
15
15
15
15
15
15
15
15
15
15
15
15
15
15
15
15
15
15
15
15
15
15
15
15
15
15
15
15
15
15
15
15
15
15
15
15
15
15
15
15
15
15
15
15
15
15
15
15
14
14
14
14
14
14
14
14
14
14
14
14
14
14
14
14
14
14
14
14
14
14
14
14
14
14
14
14
14
14
14
14
14
14
14
14
14
14
14
14
14
14
14
14
14
14
14
14
14
14
14
13
13
13
13
13
13
13
13
13
13
13
13
13
13
13
13
13
13
13
13
13
13
13
13
13
13
13
13
13
13
13
13
13
13
13
13
13
13
13
13
13
523
509
12
12
12
12
12
12
12
12
12
12
12
12
12
12
12
12
12
12
12
12
12
12
12
12
12
12
12
12
12
12
12
12
12
12
12
12
12
12
12
12
12
12
12
12
12
12
12
12
12
12
12
12
12
12
522
11
11
11
11
11
11
11
11
11
11
11
11
11
11
11
11
11
11
11
11
11
11
11
11
11
11
11
11
11
11
11
11
11
11
11
11
11
11
11
11
11
11
11
11
11
11
11
11
11
11
11
11
11
11
11
11
11
11
11
11
11
11
521
451
38
10
10
10
10
10
10
10
10
10
10
10
10
10
10
10
10
10
10
10
10
10
10
10
10
10
10
10
10
10
10
10
10
10
10
10
10
10
10
10
10
10
10
10
10
10
10
10
520
233
518
518
518
433
223
516
473
486
513
513
415
511
469
510
509
509
507
500
506
506
506
499
436
386
504
503
503
461
426
272
501
501
500
500
500
409
499
499
499
261
491
386
154
496
496
48
495
495
488
494
494
494
494
207
493
493
493
493
493
360
492
485
485
331
491
490
490
490
217
63
489
489
475
461
293
487
480
480
340
437
367
485
485
485
477
476
469
462
413
482
454
419
481
481
467
40
40
480
480
368
479
479
472
478
478
478
477
477
358
372
476
476
476
441
475
475
468
474
473
473
473
473
466
470
470
386
253
469
469
315
426
342
383
466
466
465
430
402
374
346
464
463
462
434
385
461
461
405
460
460
397
459
354
235
458
442
379
455
384
405
446
452
452
347
277
298
451
451
451
325
450
449
449
449
421
414
372
321
342
446
446
208
54
445
242
430
402
443
373
323
337
246
441
441
441
441
406
349
195
432
432
375
374
360
435
421
365
50
364
350
280
433
419
405
425
397
117
431
394
428
428
421
427
357
336
315
426
426
426
425
411
411
334
424
424
424
424
403
389
423
423
423
423
339
422
359
421
421
421
420
420
419
328
418
418
285
145
403
283
415
401
394
414
14
391
342
307
411
411
410
410
410
340
291
409
409
381
318
52
408
408
407
407
344
330
406
398
321
272
404
264
403
403
403
382
283
401
401
401
394
338
400
400
393
393
393
399
398
398
398
370
335
397
369
348
299
215
40
382
333
312
235
395
395
395
59
80
387
393
393
393
393
393
239
57
392
385
378
391
363
328
321
390
390
257
389
326
179
388
387
366
310
261
386
372
176
385
385
357
265
244
230
383
381
290
227
380
373
366
359
303
379
379
372
344
246
106
378
378
329
287
377
363
376
376
376
376
376
47
375
375
375
375
375
312
46
374
373
373
373
107
372
372
309
225
92
371
301
168
168
370
286
369
369
369
368
368
179
165
367
353
318
283
366
366
303
365
365
365
351
364
364
364
301
280
363
363
363
363
363
356
90
362
362
299
152
361
361
347
319
290
311
276
66
359
296
268
37
358
351
288
253
294
287
356
349
342
355
347
221
165
186
95
151
39
353
346
269
248
248
352
352
352
352
338
331
289
351
351
288
350
350
273
266
349
348
348
348
103
347
347
340
346
346
346
339
318
171
101
345
282
344
337
274
71
343
343
280
91
342
342
342
342
328
272
341
341
257
229
340
339
332
332
276
241
310
337
330
218
336
336
336
336
336
336
336
224
84
335
335
321
321
334
250
236
173
333
333
130
332
332
332
331
331
331
330
274
267
329
329
266
328
328
258
251
327
229
75
326
326
263
172
158
325
325
311
234
59
324
324
324
324
324
310
310
191
323
323
323
316
315
259
259
168
49
321
321
321
321
321
321
321
320
236
319
284
263
256
221
207
172
165
88
39
318
318
248
255
185
101
317
317
247
316
239
183
57
315
308
314
307
209
313
313
313
313
313
306
306
298
270
228
67
311
311
290
310
310
310
303
240
156
100
295
232
176
113
308
308
308
252
182
140
307
307
286
236
201
187
145
305
291
284
256
158
165
88
304
304
304
262
122
303
303
303
289
302
302
302
302
281
281
232
301
301
294
224
293
223
299
208
208
131
298
298
298
270
270
297
297
297
297
255
227
171
296
296
296
289
289
233
233
212
295
295
295
295
295
295
274
267
232
232
190
148
22
294
294
294
294
294
112
293
286
181
62
292
292
292
292
278
271
264
222
173
277
228
290
290
290
289
289
212
177
288
288
225
225
211
287
287
287
217
161
286
286
286
272
285
285
222
75
284
284
284
284
284
284
277
277
228
283
283
199
129
282
51
281
246
162
224
91
56
279
279
265
251
209
271
257
215
215
187
277
277
207
276
276
276
276
206
206
24
275
107
274
273
273
259
259
231
196
133
147
28
272
272
272
272
272
167
20
271
271
271
271
271
271
264
236
47
270
270
270
270
263
207
172
67
269
262
234
206
206
45
268
268
268
268
268
267
267
267
267
267
253
204
197
71
266
266
266
266
112
265
265
265
265
265
265
202
202
188
264
264
264
145
263
263
263
263
242
221
137
67
262
178
178
150
136
261
261
261
261
184
114
260
260
260
260
260
260
260
246
259
259
259
258
258
258
244
244
160
257
257
250
173
256
256
256
249
249
193
81
46
255
255
255
255
255
255
255
254
254
254
254
191
205
65
253
253
253
253
253
148
141
29
252
252
252
245
238
189
203
168
161
112
35
21
251
251
251
251
188
104
34
250
250
250
173
187
249
249
242
186
200
130
46
248
248
150
108
108
129
247
247
247
247
247
219
177
142
121
246
246
246
246
246
246
245
245
245
231
119
244
244
237
195
167
167
104
20
243
243
243
243
243
236
180
166
159
103
26
242
242
242
242
242
242
235
221
158
88
81
46
241
241
234
234
157
73
59
38
240
233
239
239
148
238
238
238
238
238
238
238
168
237
237
174
160
34
236
236
173
145
235
235
235
235
228
228
214
165
144
123
81
39
234
234
234
234
227
171
150
129
31
52
233
233
226
226
170
170
72
30
232
232
232
232
148
231
231
203
168
168
119
63
230
230
230
230
230
230
230
230
230
195
97
104
27
55
229
229
229
145
82
26
26
228
228
228
221
221
165
151
95
74
227
227
164
157
226
163
93
79
79
225
225
225
218
155
148
141
141
134
224
224
224
224
224
224
217
203
175
98
223
209
209
209
202
160
153
69
222
222
124
138
75
221
221
221
221
221
221
221
221
221
221
186
116
53
25
220
220
192
192
150
31
219
219
219
219
205
184
218
211
204
155
22
22
217
217
217
217
217
196
154
154
147
56
28
216
216
216
202
153
153
55
215
215
215
145
117
68
214
214
214
214
214
214
88
18
213
213
213
213
213
213
213
206
122
66
24
212
212
212
107
107
211
211
211
211
169
134
210
210
210
196
147
140
133
56
56
21
209
209
209
202
104
83
20
208
208
208
208
208
131
124
207
207
207
207
207
207
207
207
25
206
206
206
206
136
129
122
115
17
17
205
205
205
205
205
205
205
191
191
191
128
114
114
79
51
204
204
204
204
204
134
134
78
57
203
203
203
203
203
203
203
203
133
202
202
202
202
125
104
76
13
34
201
194
194
138
131
75
12
12
200
200
200
200
200
200
200
193
165
130
130
123
95
67
88
199
199
199
199
199
192
185
178
108
101
24
198
198
198
198
198
184
128
121
44
37
197
197
197
197
197
162
134
134
134
134
127
127
106
106
196
196
196
196
182
175
133
195
195
195
195
195
195
195
194
194
194
187
117
61
33
193
193
193
193
193
186
130
123
123
123
109
109
67
46
192
192
192
192
192
192
192
192
192
192
192
122
94
94
191
191
191
191
184
128
121
44
37
190
190
190
190
190
190
127
189
189
189
189
175
175
126
105
98
56
77
188
188
188
188
188
181
160
111
104
90
34
187
187
187
187
187
187
187
124
124
186
186
186
186
186
186
179
116
116
109
123
95
39
185
185
185
185
185
185
122
59
101
52
45
31
45
184
121
142
86
79
51
30
183
183
183
183
183
169
120
113
92
182
182
175
161
119
91
56
35
56
181
181
181
181
174
160
118
118
118
111
90
180
180
180
180
180
180
180
166
159
179
179
179
179
116
137
88
25
178
178
178
178
178
178
101
80
66
38
59
17
177
177
170
114
107
37
176
176
176
176
176
176
169
162
148
113
106
78
50
71
22
175
175
175
175
175
175
175
154
112
133
105
77
70
174
174
174
111
111
104
104
97
48
173
173
173
166
159
110
110
103
96
68
26
172
172
172
165
88
81
74
60
171
171
171
171
171
171
171
108
80
170
170
170
170
163
156
128
79
72
169
169
169
169
169
169
169
169
85
85
43
168
168
168
168
168
168
168
168
161
154
105
98
91
35
28
167
167
167
167
167
167
167
167
167
167
160
153
104
104
76
62
41
166
166
166
166
166
166
166
166
166
96
89
89
89
82
165
165
165
158
102
102
102
39
53
25
25
67
164
164
164
164
157
136
38
31
31
31
163
163
163
163
100
100
30
16
162
162
162
162
162
162
162
162
155
155
141
99
36
57
78
161
161
161
140
98
84
35
160
160
160
160
160
153
90
159
159
159
159
159
159
159
159
159
145
124
96
96
33
26
47
158
158
158
158
158
158
158
158
158
158
151
95
88
88
88
88
81
67
32
25
157
157
157
157
157
157
157
157
157
157
157
157
150
150
143
94
87
66
31
24
24
156
156
156
156
156
156
149
142
93
86
30
155
155
155
155
155
155
155
155
155
64
64
57
78
22
15
36
154
154
154
147
133
91
84
105
63
21
21
153
153
153
153
153
153
153
153
153
139
62
27
27
27
48
69
13
34
152
152
152
152
152
152
152
152
145
138
138
89
110
82
75
26
26
19
19
19
151
151
151
151
151
151
151
144
130
81
81
74
74
95
67
25
25
150
150
150
150
150
150
150
150
150
150
150
150
150
129
87
87
80
66
52
24
24
24
149
149
149
149
149
149
149
149
149
142
135
72
51
23
23
16
148
148
148
148
141
113
22
147
147
147
147
147
147
147
140
84
77
21
21
21
14
14
14
146
146
146
146
146
146
146
146
146
146
118
83
76
83
41
145
145
145
131
124
82
75
19
26
144
144
144
144
144
144
144
144
144
144
144
144
81
102
60
60
18
11
143
143
143
143
143
136
136
73
73
10
142
142
142
142
142
142
142
135
65
16
16
141
141
141
141
141
141
141
141
120
78
71
57
50
50
15
15
15
140
140
140
140
133
133
126
126
119
77
77
77
70
14
14
139
139
139
139
139
139
132
76
69
90
13
13
13
138
138
138
138
138
138
138
138
138
138
75
96
68
68
61
12
12
137
137
116
109
109
60
136
136
136
136
136
136
136
129
129
129
122
122
66
66
38
10
135
135
135
135
135
128
128
121
72
72
134
134
134
134
134
134
134
134
134
134
134
127
127
127
120
71
50
43
133
133
133
133
133
105
70
63
49
42
132
132
132
132
132
132
132
132
132
125
111
69
69
55
55
131
131
131
131
131
131
124
124
124
103
68
61
130
130
130
130
130
130
130
130
123
123
67
60
53
46
46
129
129
129
129
129
129
129
129
129
129
129
115
108
66
59
52
128
128
128
128
128
128
128
128
128
128
128
128
114
114
100
44
37
37
127
127
127
127
127
127
120
113
106
64
126
126
126
126
126
119
112
63
63
28
28
125
125
125
125
125
125
125
125
125
125
125
125
125
118
118
118
111
62
62
83
48
48
124
124
124
124
124
124
124
124
117
61
61
54
54
47
40
33
123
123
123
123
123
116
60
60
53
46
46
39
122
122
122
122
122
122
122
122
122
122
122
115
87
59
59
52
45
38
31
121
121
121
121
121
121
121
121
121
121
114
114
93
51
51
120
120
120
120
120
120
120
120
57
57
78
78
50
50
119
119
119
119
119
119
119
119
119
119
119
119
119
119
112
91
56
56
56
56
56
42
42
35
118
118
118
118
118
118
118
118
118
118
118
118
90
55
55
55
55
55
48
48
48
48
27
117
117
117
117
117
117
117
117
117
117
110
110
110
103
54
54
54
54
47
40
40
116
116
116
116
116
116
116
116
116
109
53
39
39
32
32
115
115
115
115
115
115
115
115
115
115
115
115
115
115
115
108
108
52
52
45
45
45
45
45
66
38
17
114
114
114
114
114
114
114
107
107
51
30
23
113
113
113
113
113
113
113
113
113
106
50
43
43
36
29
22
112
112
112
112
112
112
112
105
49
49
49
35
35
111
111
111
111
111
111
111
111
111
111
111
104
104
48
41
41
41
34
34
34
20
110
110
110
110
110
110
110
110
110
110
110
110
110
103
96
47
47
40
40
33
54
19
109
109
109
109
109
109
109
109
109
102
88
46
46
46
46
39
39
32
32
32
32
25
25
108
108
108
108
108
108
108
108
108
108
101
94
45
45
45
38
38
38
31
31
31
24
24
24
107
107
107
107
107
107
107
107
107
107
107
44
44
44
37
37
30
30
106
106
106
106
106
106
106
106
99
78
43
43
36
36
36
36
36
36
36
36
29
29
29
22
105
105
105
105
105
105
105
105
105
98
84
42
42
35
35
28
104
104
104
104
104
104
104
104
90
41
41
41
41
41
27
103
103
103
103
103
103
103
103
103
96
96
96
89
40
33
26
26
26
102
102
102
102
102
102
102
102
95
39
39
32
25
18
18
101
101
101
101
101
101
101
101
101
101
94
38
38
31
31
31
31
31
17
100
100
100
100
100
100
100
100
100
93
37
37
37
37
37
23
23
99
99
99
99
99
99
99
99
99
99
99
99
92
36
36
22
15
98
98
98
98
98
98
98
98
91
84
84
35
35
35
28
28
28
21
97
97
97
97
97
97
97
97
90
83
34
34
34
34
34
34
34
34
34
34
34
34
34
27
27
20
96
96
96
96
96
96
96
96
96
96
96
96
96
96
96
96
96
96
89
89
89
75
33
33
33
33
33
33
26
26
26
26
19
19
95
95
95
95
95
95
95
95
95
95
95
95
95
88
81
32
32
32
32
25
11
11
94
94
94
94
94
94
94
94
94
94
87
87
80
31
31
31
31
24
24
24
24
24
24
24
17
93
93
93
93
93
93
93
93
93
93
93
86
86
30
30
23
23
23
23
23
16
16
92
92
92
92
92
92
92
92
92
92
92
92
92
92
92
92
92
85
29
29
29
29
29
29
22
22
22
22
22
22
22
22
15
15
15
91
91
91
91
91
91
91
91
91
91
91
91
84
84
28
28
28
28
28
28
49
49
21
21
21
21
14
14
14
90
90
90
90
90
90
90
90
76
27
27
27
27
27
27
27
27
27
27
27
27
20
20
20
20
20
20
20
20
13
13
13
89
89
89
89
89
89
89
89
89
89
89
89
89
82
82
82
68
54
26
26
26
26
26
26
26
26
26
26
26
26
26
19
19
88
88
88
88
88
88
88
88
88
88
81
25
25
25
25
25
25
25
25
25
25
18
18
18
18
87
87
87
87
87
87
80
24
24
24
24
24
24
17
17
17
17
10
10
86
86
86
86
86
86
86
86
79
65
23
23
23
23
23
23
23
23
23
23
23
23
16
16
16
16
16
16
16
16
16
16
85
85
85
85
85
85
85
85
85
85
85
85
85
78
22
22
22
22
22
22
22
22
22
22
22
15
15
15
15
15
15
15
15
15
15
15
84
84
84
84
84
84
84
84
84
77
21
21
21
21
21
21
21
21
21
21
21
14
14
14
14
14
14
14
14
14
83
83
83
83
83
83
83
83
83
83
83
83
83
83
83
83
83
76
20
20
20
20
20
20
20
20
20
20
20
20
20
20
20
41
13
13
13
13
13
13
82
82
82
82
82
82
82
82
82
82
82
19
19
19
19
19
19
19
19
19
19
19
19
19
19
19
19
12
12
12
12
12
12
12
12
12
12
12
81
81
81
81
81
81
81
81
81
81
81
81
81
81
74
74
74
67
18
18
18
18
18
18
18
18
18
18
18
18
18
18
18
18
18
18
18
18
18
18
18
18
11
11
11
80
80
80
80
80
80
80
80
80
80
80
80
80
80
80
66
17
17
17
17
17
17
17
17
17
17
17
17
17
17
17
17
17
17
17
17
17
17
17
17
10
10
10
10
10
10
79
79
79
79
79
79
79
79
79
79
79
79
79
72
72
16
16
16
16
16
16
16
16
16
16
16
16
16
16
16
16
16
16
16
16
16
16
16
16
16
16
16
16
16
78
78
78
78
78
78
78
78
78
78
78
78
78
78
71
15
15
15
15
15
15
15
15
15
15
15
15
15
15
15
15
15
15
15
15
15
77
77
77
77
77
77
77
77
77
63
14
14
14
14
14
14
14
14
14
14
14
14
14
14
14
14
14
14
14
14
14
14
14
14
14
14
14
14
14
14
76
76
76
76
76
76
76
76
76
76
76
76
76
76
76
13
13
13
13
13
13
13
13
13
13
13
13
13
13
13
13
13
13
13
13
13
13
13
13
13
13
13
13
13
13
13
13
13
13
13
13
13
13
13
13
13
75
75
75
75
75
75
75
75
75
75
75
75
75
75
12
12
12
12
12
12
12
12
12
12
12
12
12
12
12
12
12
12
12
12
12
12
12
12
12
12
12
12
12
12
12
12
12
12
12
12
12
12
12
12
12
12
12
12
12
12
12
12
12
74
74
74
74
74
74
74
74
74
74
74
74
74
74
11
11
11
11
11
11
11
11
11
11
11
11
11
11
11
11
11
11
11
11
11
11
11
11
11
11
11
11
11
11
11
11
11
11
11
11
73
73
73
73
73
73
73
66
66
66
66
66
66
59
10
10
10
10
10
10
10
10
10
10
10
10
10
10
10
10
10
10
10
10
10
10
10
10
10
10
10
10
10
10
10
10
10
10
10
10
10
10
10
10
10
72
72
72
72
72
72
72
72
72
72
72
72
72
65
71
71
71
71
71
71
71
71
71
71
71
71
71
71
71
71
71
64
70
70
70
70
70
70
70
70
70
70
70
70
70
70
70
63
63
69
69
69
69
69
69
69
69
69
69
69
69
69
69
69
69
69
55
68
68
68
68
68
68
68
68
68
68
68
68
61
67
67
67
67
67
67
67
67
67
67
67
67
67
39
66
66
66
66
66
66
66
66
66
66
66
66
66
66
66
65
65
65
65
65
65
65
65
65
65
65
65
65
65
65
65
65
65
65
65
65
65
58
51
51
64
64
64
64
64
64
64
64
64
64
64
64
64
64
64
64
64
50
63
63
63
63
63
63
63
63
63
63
63
63
63
63
63
63
63
62
62
62
62
62
62
62
62
62
62
62
62
62
62
62
62
62
55
55
61
61
61
61
61
61
61
61
61
61
61
61
61
61
61
61
61
61
61
61
61
61
61
61
61
61
54
60
60
60
60
60
60
60
60
60
60
60
60
60
60
60
60
60
60
60
53
53
59
59
59
59
59
59
59
59
59
59
59
59
59
59
59
59
59
59
59
59
58
58
58
58
58
58
58
58
58
58
58
58
58
58
58
58
51
57
57
57
57
57
57
57
57
57
57
57
57
57
57
57
57
57
57
57
57
57
57
57
57
57
43
56
56
56
56
56
56
56
56
56
56
56
56
56
56
56
56
56
56
56
56
56
56
56
56
56
56
56
55
55
55
55
55
55
55
55
55
55
55
55
55
55
55
55
55
55
55
55
55
55
55
55
55
55
55
55
55
55
55
54
54
54
54
54
54
54
54
54
54
54
54
54
54
54
54
54
53
53
53
53
53
53
53
53
53
53
53
53
53
53
53
53
53
53
53
53
53
53
53
52
52
52
52
52
52
52
52
52
52
52
52
52
52
52
52
52
51
51
51
51
51
51
51
51
51
51
51
51
51
51
37
50
50
50
50
50
50
50
50
50
50
50
50
50
50
50
50
50
50
50
50
50
50
50
50
50
50
50
50
50
49
49
49
49
49
49
49
49
49
49
49
49
49
49
49
49
49
48
48
48
48
48
48
48
48
48
48
48
48
48
48
48
48
47
47
47
47
47
47
47
47
47
47
47
47
47
47
47
47
47
47
47
47
46
46
46
46
46
46
46
46
46
45
45
45
45
45
45
45
45
45
45
45
45
45
45
45
45
45
44
44
44
44
44
44
44
43
43
43
43
43
43
43
43
42
42
42
42
42
42
35
41
41
41
41
41
41
40
40
40
40
40
40
39
39
39
39
18
38
38
38
38
37
36
36
36
35
35
28
34
33
33
32
31
30
