197046
30001
35903
16122
15952
14010
11578
10772
10538
10382
10327
8784
7553
6972
6953
6397
6356
6176
6005
5892
5393
5066
4603
4335
4076
3864
3732
3717
3705
3653
3452
3054
2866
2695
2465
2335
2167
2120
2090
2025
2241
1968
7512690
1759
1740
1715
1648
1590
1584
1571
1421
1373
1311
1308
1304
1276
1231
1209
1204
1196
1130
1117
1113
1072
1033
1015
1007
984
961
960
3419284
909
5359
867
867
836
834
814
807
803
786
785
778
774
770
770
768
732
719
719
714
702
700
699
687
918
672
667
9017
56372
610
598
597
596
593
592
583
580
580
573
572
552
520
519
514
504
500
493
492
491
489
473
473
473
470
461
459
452
450
446
432
426
420
420
419
406
400
399
37191
389
387
387
386
384
381
379
371
368
367
362
361
359
358
357
652
346
342
341
340
339
337
336
333
330
327
326
322
321
317
314
314
313
311
308
308
303
301
299
299
296
295
294
290
288
281
280
279
278
278
277
276
275
275
273
271
271
270
270
270
269
267
267
267
266
266
263
262
262
261
261
260
259
258
255
1114
254
253
250
248
246
246
245
245
999465
244
243
242
242
241
239
239
235
235
234
234
232
231
230
229
225
222
221
221
221
220
219
219
219
218
217
216
216
215
215
212
211
209
208
208
206
205
205
203
199
199
199
198
198
197
197
196
194
193
1231
192
192
191
439
188
187
187
185
185
185
182
180
178
177
177
176
175
175
171
170
170
169
169
168
168
167
167
167
165
165
165
639
163
163
160
158
155
155
155
154
154
154
154
153
153
152
151
151
151
172
149
148
148
147
151972
146
146
144
141
139
139
139
138
138
138
137
136
134
132
132
131
129
129
129
128
128
127
127
127
126
126
126
125
123
123
187
122
121
119
118
118
118
117
117
117
114
114
112
111
110
110
110
110
109
109
109
109
108
107
107
106
104
104
103
103
103
103
103
102
101
101
101
99
99
97
97
96
96
96
95
95
95
94
94
94
93
92
91
91
91
89
89
89
88
87
87
86
86
85
84
83
83
83
82
81
80
80
79
78
78
78
78
76
76
76
78
75
75
73
73
72
72
72
71
70
70
69
69
68
68
67
67
66
65
100
64
63
62
61
316
59
59
59
58
56
55
55
55
51
49
49
322
172
46
120962
17323
12627
156
40
34534
130714
282
96
94
135
134
111
142
224
118
86215
88
64
83
697
83329
16999
40
46
88
239
100
96
157
68002
89
501
28
54496
42
28
41464
73
50
55091
54068
1734
64
50627
190
91
62
30
65
25
48031
45367
160
30
51
18
169
32
137
68
73
208
34
67
38
10178
51
23
35
76
72
50
29
23
36739
36588
36387
157
34979
169
187
73
29
28
28
39
30965
24922
90
62
356
58
18
435
18
34
30
27
25
24
17
31
50
61
16
65
48
51
74
127
24693
43
41
74
46
23
34
29
21
20
19
215
24439
1926
22257
80
28
55
20
32
113
45
87
72
59
8160
20664
27
34
66
55
51
33
31
31
29
29
20
18
15
17326
54
16870
724
36
2425
167
198
85
34
12
38
17
2339
229
25
45
2248
35
73
29
20
25
21
28
20
66
16427
58
57
45
44
36
32
31
17
13
19
25
25
25
21
20
17
16
13
11
86
80
13352
15069
442
76
7689
14590
41
41
11141
241
24
85
23
85
30
13471
73
1101
26
11
488
61
82
44
47
65
14
59
42
17
17
14
12
88
12417
109
38
44
44
15
86
21
20
16
78
67
64
61
54
53
25
52
49
40
42
39
25
38
31
24
16
36
29
35
26
32
31
27
27
26
25
25
25
23
23
23
22
21
21
21
20
20
20
20
19
19
18
18
11
17
16
16
16
15
15
15
15
15
13
13
12
12
12
12
11
11
11
10
10
10
12138
23
11532
11221
31
135
10384
101
118
91
10335
22
720
203
53
210
9768
9815
65
31
772
9514
8895
89
4224
247
11
70
9360
1156
25
103
31
22
8963
61
54
37
22
6728
200
26
1417
57
16
61
8937
61
20
68
60
33
31
33
32
18
31
29
29
26
20
19
18
13
13
13
12
87
260
7521
18
8389
8355
148
21
42
61
42
46
28
40
34
23
23
18
16
12
12
12
10
71
40
65
58
49
61
60
45
17
57
36
22
55
13
54
40
49
49
41
47
39
31
44
43
41
41
41
40
39
38
38
31
31
17
37
36
29
35
35
34
34
27
27
32
32
32
31
31
31
30
29
29
29
29
22
28
28
28
20
20
26
26
26
26
26
25
25
25
25
18
24
10
23
23
23
16
16
16
22
22
22
22
22
22
22
15
21
21
14
14
20
20
13
19
19
19
19
18
18
18
11
17
17
17
17
16
16
16
16
16
16
16
16
15
15
15
15
14
14
14
14
14
14
14
14
14
13
13
13
13
13
13
12
12
12
12
12
11
11
11
11
11
11
10
4607
30
7816
7524
4038
5970
7457
6749
6524
7300
7255
7232
7226
309
7217
117
7113
89
42
6901
4272
70
6743
6782
485
472
70
6479
309
6339
6268
6277
50
25
4609
74
6185
45
37
12
6177
25
28
12
6142
148
6021
71
80
23
74
25
4546
44
39
5820
86
3098
228
114
5786
81
31
5651
4361
59
72
47
24
17
30
12
17
13
4802
70
104
1286
37
5313
54
32
261
1016
54
48
32
48
40
2909
20
26
15
192
5173
55
47
30
48
46
36
40
32
32
23
36
26
31
17
30
26
24
23
19
19
19
18
17
10
16
1571
4995
281
4989
859
168
45
78
4895
21
4817
4862
51
4848
48
35
46
133
61
42
401
25
471
131
4759
4437
425
64
129
66
4731
62
32
4718
42
26
41
33
81
37
84
26
24
22
15
14
74
64
574
67
61
61
57
55
47
53
46
52
50
49
35
35
48
48
32
45
45
44
37
23
43
43
35
20
26
39
39
39
25
38
38
38
38
4643
30
36
36
36
36
34
32
32
31
24
24
30
23
29
29
22
27
26
25
25
25
18
23
23
22
22
15
21
21
21
21
14
20
20
19
19
18
18
18
11
11
17
17
17
16
16
16
16
16
16
15
15
15
15
15
14
14
14
13
12
12
12
12
11
11
11
10
10
10
519
517
4594
1012
4584
4559
395
343
1783
345
2962
387
282
217
40
264
236
233
55
193
36
128
71
278
255
190
206
52
181
163
218
129
2173
215
65
109
76
10
156
54
53
39
56
47
28
27
89
51
20
18
101
76
45
3844
125
130
106
122
59
51
120
41
47
38
114
50
48
47
40
39
43
43
29
35
39
101
24
100
37
99
28
28
34
96
33
95
25
10
93
30
23
28
21
18
24
24
16
84
14
20
20
20
19
10
16
56
14
11
10
31
65
51
68
60
45
55
25
59
36
35
47
53
53
32
4105
52
45
45
45
51
44
44
37
50
50
43
49
49
49
42
42
21
48
48
48
48
41
34
47
47
47
47
40
40
40
33
46
46
46
39
39
25
45
45
45
45
45
31
44
44
44
44
44
44
44
37
37
37
37
37
43
43
43
43
43
36
36
29
22
42
42
42
42
42
42
42
41
41
41
41
41
41
41
41
41
41
41
34
40
40
40
40
33
33
26
19
39
39
39
39
39
39
39
39
39
39
39
39
39
39
32
32
25
38
38
38
38
38
38
38
31
31
24
24
37
37
37
37
37
37
37
37
37
30
36
36
36
36
36
36
36
29
29
35
35
35
35
35
35
35
35
35
35
35
35
28
28
21
21
34
34
34
34
34
34
34
34
34
34
34
34
34
34
27
27
20
13
33
33
33
33
33
33
33
33
33
33
33
33
26
12
12
32
32
32
32
32
32
32
32
32
32
32
32
32
32
32
25
25
25
18
31
31
31
31
31
31
31
31
31
31
31
31
24
24
30
30
30
30
30
30
30
30
30
30
30
30
30
30
30
30
30
30
30
23
23
29
29
29
29
29
29
29
29
29
29
29
29
29
29
29
29
29
29
29
148
28
28
28
28
28
28
28
28
28
28
28
28
28
28
28
28
28
14
27
27
27
27
27
27
27
27
27
27
27
27
20
20
20
13
26
26
26
26
26
26
26
26
26
26
26
26
26
26
26
26
26
19
19
19
12
12
25
25
25
25
25
25
25
25
25
25
25
25
25
25
25
25
25
25
25
25
18
18
18
11
24
24
24
24
24
24
24
24
24
24
24
24
24
24
24
24
24
24
24
24
24
24
24
24
24
24
24
23
23
23
23
23
23
23
23
23
23
23
23
23
23
23
23
23
23
23
23
23
23
16
16
22
22
22
22
22
22
22
22
22
22
22
22
22
22
22
22
22
15
15
15
21
21
21
21
21
21
21
21
21
21
21
21
21
21
21
21
21
21
21
21
21
21
21
21
21
21
21
14
14
20
20
20
20
20
20
20
20
20
20
20
20
20
20
20
20
20
20
20
20
20
20
20
20
13
13
13
13
13
19
19
19
19
19
19
19
19
19
19
19
19
19
19
19
19
19
19
19
19
19
19
19
19
19
19
19
19
19
19
19
19
19
19
12
12
12
18
18
18
18
18
18
18
18
18
18
18
18
18
18
18
18
18
18
18
18
18
18
18
18
18
18
18
18
18
18
18
11
11
17
17
17
17
17
17
17
17
17
17
17
17
17
17
17
17
17
17
17
17
17
17
17
17
17
17
17
17
17
17
17
17
17
10
10
10
10
16
16
16
16
16
16
16
16
16
16
16
16
16
16
16
16
16
16
16
16
16
16
16
16
16
16
16
16
16
16
16
16
16
15
15
15
15
15
15
15
15
15
15
15
15
15
15
15
15
15
15
15
15
15
15
15
15
15
15
15
15
15
15
15
15
15
15
15
15
15
14
14
14
14
14
14
14
14
14
14
14
14
14
14
14
14
14
14
14
14
14
14
14
14
14
14
14
14
14
14
14
14
14
14
14
14
14
14
14
13
13
13
13
13
13
13
13
13
13
13
13
13
13
13
13
13
13
13
13
13
13
13
13
13
13
13
13
13
13
13
13
13
13
13
13
12
12
12
12
12
12
12
12
12
12
12
12
12
12
12
12
12
12
12
12
12
12
12
12
12
11
11
11
11
11
11
11
11
11
11
11
11
11
11
11
11
11
11
11
11
11
11
11
11
11
11
11
11
11
11
11
11
11
11
11
10
10
10
10
10
10
10
10
10
10
10
10
10
10
10
10
10
10
10
10
10
10
10
10
10
10
10
10
10
10
10
10
10
10
10
10
10
10
10
4054
4036
3961
4003
3974
3969
3950
3677
3855
115
3746
3792
3772
30
3309
3754
20
3652
3624
3055
3448
3442
3010
235
201
3459
3444
3432
3411
3282
3350
91
48
3321
43
3304
3261
3248
255
26
3211
37
3204
3195
2903
3181
3143
3065
3049
3098
28
3086
561
79
2997
2793
2971
2951
2963
53
2924
2922
2917
2353
2845
1564
751
25
2747
2746
2514
33
976
2692
2586
2696
56
2576
2664
1913
23
2509
2652
612
48
2531
26
20
2557
2546
2542
1950
85
2221
2508
2509
2449
464
2434
2429
39
493
2354
2345
2332
2324
84
2322
2312
1700
2302
2292
2272
137
310
25
2262
2260
2258
196
75
2248
44
2224
1201
557
58
2199
2199
2198
66
76
2169
2050
2159
2142
2074
41
2139
2130
2130
86
2122
2121
75
2048
1588
2097
2085
2079
1974
2078
32
30
26
1936
2060
15
14
11
2039
128
2036
2046
1307
1414
1999
1275
1995
35
1992
1996
1995
1991
1983
88
1810
1956
1886
50
1858
1351
20
209
62
1915
1912
852
134
69
201
1886
1873
1867
1864
1861
1858
1856
1852
83
1837
1774
1832
1824
283
1812
1798
50
1053
1787
1715
1775
103
1536
91
1754
1754
1662
1629
1481
80
81
1716
1708
387
39
44
1639
1706
267
28
1695
21
32
1545
86
78
22
1661
1650
20
1641
1416
29
1606
35
33
1625
1617
25
12
18
1611
15
11
1494
651
1592
181
1586
1523
1445
213
1570
1492
1579
53
18
43
1574
1574
453
1544
23
36
34
1566
33
26
18
1550
24
24
17
1493
23
16
16
1525
13
19
746
18
17
17
16
15
14
1545
12
417
11
1540
1539
494
1444
1523
494
1502
1201
1385
1509
1508
1487
281
1329
1489
1487
1464
1476
1475
1453
1463
342
1461
1223
1452
1433
1342
1453
331
289
1447
292
837
40
1438
1436
1387
1435
1307
1425
630
321
1407
94
85
1276
1397
1396
1394
1358
1390
1387
1386
1377
72
1375
1311
1365
286
286
1370
1342
47
1357
1335
1262
1359
1358
1356
54
95
1351
1162
278
1246
781
1320
366
65
800
1261
806
1326
738
1325
359
141
1318
1311
657
720
1307
1299
1298
1296
1225
1292
604
1261
1149
1284
183
99
1280
1196
47
1278
1274
742
1261
1029
671
1244
681
1261
1257
1256
1062
1246
181
207
1228
1238
1236
101
1233
78
1230
649
1227
680
1223
535
1212
36
1217
614
1214
1088
192
1212
1212
1198
63
56
1209
75
669
165
134
1204
1202
1199
168
42
1182
103
1192
44
51
43
29
35
1188
86
72
30
1183
1182
97
17
1176
84
1175
1153
1173
25
1143
994
81
46
100
15
22
1154
1056
1159
11
633
43
1155
623
1112
60
1151
1150
23
50
1146
1146
54
17
105
33
33
1137
108
1135
43
103
89
26
501
32
1130
17
1106
42
1105
41
1118
571
18
30
874
33
1117
32
1108
28
1112
587
27
27
20
1111
19
914
1080
86
23
16
1092
20
13
1089
18
18
17
17
16
13
59
51
1072
1091
1091
68
163
1065
1002
1085
63
1067
38
51
37
56
56
54
46
52
1072
50
41
1069
543
1039
45
1059
37
1065
43
36
36
1064
455
1049
26
1047
32
38
24
30
897
36
29
482
475
34
34
33
33
26
1054
31
31
31
31
24
30
30
30
16
505
15
15
91
28
1049
27
27
20
1048
26
26
26
19
25
25
25
18
1046
1039
24
1024
23
16
22
21
21
21
21
21
1042
20
20
20
13
13
1041
19
1026
928
18
18
18
18
17
17
17
17
17
17
17
814
16
16
16
16
15
15
15
15
15
15
15
497
14
14
14
13
13
13
13
1034
1027
12
11
11
11
11
11
10
10
10
10
10
1021
999
1026
38
1022
979
474
130
1017
503
480
1009
995
365
347
23
994
999
857
996
993
993
992
973
986
111
985
102
892
444
120
980
248
974
928
459
451
444
947
379
300
89
963
956
431
895
953
918
144
947
820
245
942
403
53
934
876
937
411
935
935
95
871
933
180
79
223
405
265
908
579
921
844
830
919
919
918
575
575
914
844
395
891
910
909
188
815
283
701
896
749
126
902
887
894
894
151
885
891
372
889
861
819
110
884
30
883
876
378
237
48
13
880
691
292
879
361
361
878
877
877
863
876
792
351
874
846
866
871
870
870
331
37
316
868
217
168
867
796
33
865
865
802
501
347
864
857
352
686
350
741
859
856
841
750
337
196
852
838
851
751
660
85
273
846
769
335
844
843
843
842
212
841
841
841
840
327
250
250
173
326
745
744
240
834
812
790
62
831
829
827
824
271
774
794
821
800
23
183
756
300
815
297
65
813
785
722
295
809
158
808
807
807
807
296
296
806
260
805
804
803
271
802
797
145
795
787
745
241
17
793
793
275
121
260
85
791
777
707
790
223
250
26
739
38
786
23
784
770
658
447
782
782
782
61
19
780
696
779
589
770
763
84
349
187
67
772
247
99
50
22
770
769
174
768
747
243
508
766
633
626
751
709
764
141
740
102
95
39
758
730
757
757
547
210
210
175
747
173
194
152
33
753
718
242
46
752
402
751
114
749
748
657
34
747
740
740
32
745
744
233
233
212
743
715
218
742
742
735
182
230
83
83
740
739
739
31
30
736
196
147
724
31
212
149
128
330
721
574
91
209
27
726
725
725
25
660
156
16
722
638
631
617
533
721
196
720
342
146
111
20
719
691
201
31
203
132
125
69
13
691
264
194
710
199
192
632
506
135
708
701
652
707
602
119
706
706
565
697
634
641
53
701
586
355
187
109
696
689
185
45
401
51
23
694
694
687
693
686
42
692
167
27
691
54
690
690
179
46
689
157
688
674
177
170
50
678
48
684
75
47
40
26
683
172
171
38
681
681
680
679
105
35
678
160
146
166
159
655
151
39
32
32
675
675
38
667
660
576
673
673
645
71
29
672
84
35
671
671
670
670
33
669
95
32
668
584
667
667
149
666
666
666
22
22
616
154
28
14
664
657
27
663
19
19
536
151
25
661
150
24
660
660
582
147
21
153
131
68
60
18
577
653
646
121
16
16
652
652
651
651
518
14
14
650
643
138
131
68
648
634
137
130
136
101
73
45
38
10
646
618
135
71
64
105
63
643
34
27
642
551
523
124
124
54
47
40
641
557
123
46
129
122
45
114
638
57
636
615
566
48
34
635
628
124
117
54
634
39
52
632
121
631
456
99
92
630
630
371
126
91
49
42
629
629
384
628
628
628
117
96
95
626
625
618
618
93
51
44
44
37
30
624
624
624
624
99
43
623
112
49
49
42
615
601
594
587
41
103
40
40
33
620
109
46
619
591
549
80
38
38
31
485
65
526
526
106
92
43
49
49
608
41
27
27
13
614
614
544
481
103
96
33
32
32
612
38
31
86
37
37
37
92
85
85
36
36
91
70
35
35
35
28
545
34
34
27
607
600
572
33
26
19
88
32
32
32
32
11
94
87
31
31
31
31
24
24
604
604
590
86
30
603
603
92
92
85
29
29
22
22
497
84
28
28
21
21
14
14
601
538
27
27
27
600
544
26
26
19
19
19
19
12
599
599
543
88
25
25
59
59
24
24
17
65
23
23
23
16
30
596
589
582
85
85
71
64
22
22
22
22
22
15
15
154
77
21
76
76
20
20
20
13
13
439
75
19
19
19
19
12
12
12
592
536
18
18
18
18
18
11
11
591
591
465
17
17
17
10
10
590
583
58
16
15
15
15
15
15
588
56
14
14
14
587
573
69
13
13
13
13
13
13
13
75
12
12
12
12
12
585
578
571
326
11
11
11
11
73
45
10
10
10
10
583
72
561
57
581
581
70
63
565
544
495
509
68
68
61
60
577
576
576
450
498
498
57
574
497
56
56
49
49
573
475
62
348
61
571
571
557
60
53
46
570
45
58
58
44
37
568
568
568
57
43
43
567
56
42
566
559
47
47
33
564
46
563
563
556
52
52
45
45
562
541
37
37
554
526
435
50
560
560
469
42
42
42
28
559
559
558
558
558
40
557
557
46
39
556
556
556
556
542
528
45
45
38
464
44
37
16
554
43
36
36
22
546
546
476
28
552
552
552
41
41
41
41
41
41
20
551
551
551
544
40
40
40
33
550
522
39
39
39
39
32
11
38
31
24
548
541
37
37
37
37
37
37
37
30
30
30
30
547
36
36
36
36
36
29
29
29
35
35
35
28
28
34
34
34
34
34
34
27
27
27
20
33
33
33
33
33
26
26
26
26
12
543
543
536
32
32
32
32
32
32
32
25
25
25
535
31
31
31
31
31
31
31
31
31
31
31
31
31
31
31
31
31
24
17
10
506
30
30
30
30
30
30
30
30
30
30
30
30
23
23
23
23
23
23
16
29
29
29
29
29
29
29
29
29
29
29
29
29
29
29
29
29
29
29
29
29
29
22
22
15
539
539
336
28
28
28
28
28
28
28
28
28
28
28
28
21
21
538
538
27
27
27
27
27
27
27
27
27
27
27
27
27
27
27
27
27
27
20
20
20
20
13
425
26
26
26
26
26
26
26
26
26
26
26
26
26
26
26
26
26
26
26
26
26
26
26
26
26
26
26
19
19
19
19
19
12
25
25
25
25
25
25
25
25
25
25
25
25
25
25
25
25
25
25
25
25
25
18
18
18
18
18
11
535
24
24
24
24
24
24
24
24
24
24
24
24
24
24
24
24
24
24
24
24
24
24
17
17
17
17
17
10
513
23
23
23
23
23
23
23
23
23
23
23
23
23
23
23
23
23
23
23
23
23
23
23
23
23
23
23
16
16
16
16
16
533
533
533
204
22
22
22
22
22
22
22
22
22
22
22
22
22
22
22
22
22
22
22
22
22
22
22
22
22
22
22
15
15
15
15
15
21
21
21
21
21
21
21
21
21
21
21
21
21
21
21
21
21
21
21
21
21
21
21
21
21
21
21
21
21
21
21
21
21
21
14
14
14
14
14
14
14
531
20
20
20
20
20
20
20
20
20
20
20
20
20
20
20
20
20
20
20
20
20
20
20
20
20
20
20
20
20
20
13
13
13
13
13
13
13
383
236
61
19
19
19
19
19
19
19
19
19
19
19
19
19
19
19
19
19
19
19
19
19
19
19
19
19
19
19
19
19
19
19
19
19
19
19
19
19
19
19
12
12
12
12
12
12
12
12
529
18
18
18
18
18
18
18
18
18
18
18
18
18
18
18
18
18
18
18
18
18
18
18
18
18
18
18
18
18
18
18
18
18
18
18
18
18
18
11
11
11
11
11
122
17
17
17
17
17
17
17
17
17
17
17
17
17
17
17
17
17
17
17
17
17
17
17
17
17
17
17
17
17
17
17
17
17
17
17
17
17
10
10
10
10
10
10
527
16
16
16
16
16
16
16
16
16
16
16
16
16
16
16
16
16
16
16
16
16
16
16
16
16
16
16
16
16
16
16
16
16
16
16
16
16
16
16
16
435
337
15
15
15
15
15
15
15
15
15
15
15
15
15
15
15
15
15
15
15
15
15
15
15
15
15
15
15
15
15
15
15
15
15
15
15
15
15
15
15
15
15
15
15
15
15
525
525
525
462
448
14
14
14
14
14
14
14
14
14
14
14
14
14
14
14
14
14
14
14
14
14
14
14
14
14
14
14
14
14
14
14
14
14
14
14
14
14
14
14
14
14
14
14
14
14
14
14
14
14
14
14
14
14
14
14
14
14
14
14
14
14
524
524
13
13
13
13
13
13
13
13
13
13
13
13
13
13
13
13
13
13
13
13
13
13
13
13
13
13
13
13
13
13
13
13
13
13
13
13
13
13
13
13
13
13
516
425
12
12
12
12
12
12
12
12
12
12
12
12
12
12
12
12
12
12
12
12
12
12
12
12
12
12
12
12
12
12
12
12
12
12
12
12
12
12
12
12
12
12
12
12
12
12
12
12
12
12
12
12
12
12
12
12
12
12
12
12
12
12
522
501
494
11
11
11
11
11
11
11
11
11
11
11
11
11
11
11
11
11
11
11
11
11
11
11
11
11
11
11
11
11
11
11
11
11
11
11
11
11
11
11
11
11
11
11
11
11
11
11
11
11
11
11
11
11
11
11
11
11
11
11
11
11
11
11
11
11
11
11
11
11
11
11
11
11
11
11
11
11
11
11
11
11
11
66
10
10
10
10
10
10
10
10
10
10
10
10
10
10
10
10
10
10
10
10
10
10
10
10
10
10
10
10
10
10
10
10
10
10
10
10
10
10
10
10
10
10
10
10
10
10
10
10
10
10
10
10
10
10
10
10
10
10
10
10
10
10
10
10
10
10
10
10
10
10
10
520
520
513
519
519
498
148
518
518
511
371
517
517
517
516
516
516
348
334
515
515
514
514
507
507
444
136
513
380
240
512
225
420
509
488
446
508
501
480
424
507
437
506
310
491
504
504
504
427
503
467
501
494
500
423
499
498
498
470
316
78
497
496
461
495
495
432
425
493
493
269
492
492
407
211
462
489
489
489
405
488
488
487
486
486
464
484
484
483
483
483
301
482
335
481
472
478
478
478
373
477
400
469
462
350
217
454
426
34
20
474
467
460
473
473
144
472
472
470
463
365
309
260
434
468
97
467
467
341
466
172
395
464
463
463
462
441
434
461
461
321
460
446
446
459
459
151
458
458
458
458
457
457
449
232
455
455
441
427
454
426
453
452
367
450
450
436
449
448
441
343
126
447
447
426
446
376
445
431
444
444
374
443
443
436
92
440
440
440
433
439
439
376
341
334
284
437
437
73
436
359
121
435
421
427
433
433
432
431
431
368
333
430
360
346
429
428
407
169
427
427
427
399
392
350
259
224
49
426
426
419
405
363
418
424
424
270
423
423
423
416
422
422
240
421
421
351
148
420
420
419
419
300
160
418
327
333
374
374
346
415
331
414
315
336
412
412
398
348
334
410
410
340
340
409
409
409
401
331
407
407
57
405
405
405
404
390
403
402
402
311
255
401
400
400
260
399
399
175
398
384
223
362
327
396
382
312
395
394
135
65
393
393
393
393
309
385
378
391
391
300
390
390
390
194
389
387
387
366
317
317
386
385
385
259
384
384
384
229
382
375
381
381
360
311
80
380
380
282
184
379
379
358
351
378
301
377
377
377
370
258
376
376
376
362
375
375
354
284
235
374
374
360
353
373
373
373
310
303
372
372
372
372
372
274
371
371
371
308
301
370
370
368
368
367
366
366
366
365
365
78
357
294
287
363
258
362
292
361
361
360
213
359
359
331
296
282
358
288
281
357
357
349
146
355
355
355
285
236
257
354
354
354
354
263
353
353
346
269
241
352
352
268
351
344
344
43
350
273
273
245
182
349
349
342
97
348
348
348
285
271
271
347
347
347
347
347
340
346
115
345
345
303
344
344
344
281
343
343
336
273
342
104
341
320
340
340
200
39
88
339
339
325
171
338
338
338
338
331
261
205
337
337
337
337
330
330
316
253
336
189
334
264
264
40
221
221
186
332
332
324
310
303
44
330
330
323
323
329
308
189
42
328
328
328
328
265
258
202
34
313
292
326
326
326
291
263
325
199
324
324
317
296
323
323
323
323
316
316
85
50
322
322
322
133
321
321
244
237
320
68
319
319
319
277
165
318
318
318
318
317
317
303
253
253
315
315
307
286
125
313
313
299
299
229
96
312
228
228
186
74
311
311
240
233
212
309
309
288
155
113
71
78
308
308
308
307
307
307
307
307
307
293
230
167
222
208
207
304
304
304
241
234
220
303
303
170
232
301
196
140
300
300
300
300
299
299
299
250
291
270
297
276
234
296
261
295
295
281
294
294
287
280
231
293
293
293
292
292
292
285
285
229
250
26
291
228
46
290
220
220
199
24
289
289
219
288
288
288
281
204
148
155
64
57
78
287
287
287
70
286
286
285
285
222
215
236
284
283
283
276
282
282
254
163
274
218
204
85
280
280
280
217
217
279
279
174
90
83
55
278
278
278
278
278
271
215
145
124
277
277
179
276
143
275
275
275
268
142
274
274
239
183
36
273
273
273
273
273
273
273
266
210
272
272
272
271
271
271
194
270
270
270
263
144
74
262
268
268
254
254
226
267
260
239
197
127
71
43
266
245
203
196
265
265
202
264
264
264
187
75
263
242
200
193
186
207
262
262
199
185
261
261
261
260
260
260
260
260
260
260
260
253
239
239
92
259
259
259
259
259
252
245
196
210
258
258
257
257
257
173
40
256
256
256
193
53
255
129
254
254
191
239
190
190
85
252
252
245
245
161
91
251
251
251
251
251
237
230
181
167
97
55
34
250
250
250
222
33
249
249
46
32
248
248
248
248
248
248
248
247
226
156
246
246
246
239
218
106
22
245
245
238
175
244
237
167
62
243
243
243
40
242
242
242
235
116
241
178
171
240
233
226
170
121
51
239
239
113
238
238
231
175
175
147
237
237
230
153
111
236
236
236
229
166
145
235
235
228
221
172
102
74
39
18
234
234
234
233
233
233
233
219
219
232
232
232
225
211
169
127
29
231
231
210
210
112
91
77
230
230
230
216
229
229
222
152
40
61
228
228
228
228
214
200
165
227
227
227
164
101
226
226
226
226
226
226
226
219
156
149
149
30
225
225
225
204
162
176
99
92
36
43
224
224
224
147
35
56
35
35
223
223
223
223
223
223
216
153
111
62
222
222
222
159
33
221
221
214
207
200
123
32
220
220
220
220
220
220
213
206
115
31
219
219
219
219
219
212
212
212
205
135
128
121
107
58
218
113
113
217
217
217
210
133
133
28
28
216
167
111
90
76
215
215
215
215
194
187
180
152
61
82
26
19
214
214
214
214
214
200
200
213
213
213
213
199
150
150
143
115
115
73
212
212
212
212
212
212
205
184
128
23
23
211
211
204
141
148
106
57
210
210
210
203
189
147
147
91
21
56
209
209
209
209
209
209
209
209
174
132
20
41
208
208
138
138
131
207
207
207
144
95
206
206
206
206
206
206
143
150
122
205
205
205
205
205
205
121
114
204
204
204
204
204
204
204
197
183
134
134
71
85
203
203
203
203
203
196
189
189
133
133
140
77
56
202
195
195
188
167
139
125
201
201
201
201
124
103
75
61
82
193
193
186
123
46
11
60
199
129
122
101
101
94
198
198
198
198
198
135
128
114
128
100
93
197
197
197
197
197
197
183
120
92
196
196
196
196
196
196
189
182
63
49
195
195
195
195
195
132
111
48
41
20
194
194
194
194
194
131
124
193
193
193
186
165
123
109
102
88
60
192
192
178
66
31
191
191
191
184
184
163
128
65
86
44
190
190
92
50
64
189
189
126
126
126
147
119
105
91
63
91
188
188
188
188
174
118
187
187
173
124
124
117
117
110
89
89
33
186
186
186
186
186
186
172
165
123
109
102
39
185
122
108
101
177
170
156
107
107
183
183
183
176
120
141
113
106
182
182
182
182
182
168
161
119
112
105
105
181
181
181
181
181
118
111
20
180
180
180
180
180
180
145
179
179
179
179
172
165
158
158
116
109
95
67
178
178
178
178
178
178
178
171
171
164
164
150
115
115
108
108
52
177
177
177
177
177
163
114
176
176
176
169
169
162
113
99
120
99
22
22
175
175
175
175
175
175
175
161
161
91
42
42
28
174
174
174
174
174
174
174
167
167
139
97
173
173
173
173
166
166
145
26
19
172
172
172
172
172
172
172
158
102
95
102
39
32
171
171
171
171
101
87
87
170
170
149
107
107
107
86
169
169
169
169
169
169
162
155
148
113
29
168
168
168
168
168
154
105
98
98
42
35
28
167
167
167
167
167
167
167
167
167
167
160
153
153
146
132
104
97
118
83
166
166
166
75
89
61
33
165
165
165
158
158
39
32
164
164
94
94
66
31
52
163
163
163
163
156
100
93
79
37
23
162
162
162
162
155
155
99
92
36
161
161
161
161
84
35
35
160
160
160
160
132
97
90
83
20
20
159
159
159
159
159
159
159
152
96
82
33
33
33
19
158
158
158
158
158
158
151
95
95
88
74
74
32
32
157
157
157
80
31
31
17
156
156
156
156
156
156
156
156
149
142
93
93
93
79
16
155
155
155
155
155
155
155
148
92
154
154
154
154
154
154
154
154
154
147
84
84
28
28
153
153
153
153
153
146
139
139
90
90
62
27
20
152
152
152
152
26
26
19
19
151
151
151
151
151
151
151
144
74
25
18
18
150
150
150
150
150
129
129
87
80
80
80
73
24
52
149
142
135
86
79
79
58
51
23
148
148
148
148
148
141
64
64
64
147
147
147
147
147
147
147
147
147
147
84
84
84
84
84
98
21
21
21
21
146
146
146
146
146
146
146
146
146
139
139
83
104
76
69
48
20
41
145
145
145
145
138
138
138
61
61
19
19
19
19
19
144
144
144
144
137
130
74
74
18
18
143
143
143
143
143
143
143
143
143
136
108
101
101
73
66
66
52
17
10
142
142
142
142
142
142
142
142
142
135
135
135
128
79
44
44
16
16
16
16
16
141
141
141
141
134
127
120
78
15
15
15
15
140
140
140
140
140
126
77
70
70
91
63
63
49
14
14
14
139
139
139
139
139
139
139
139
111
76
69
69
69
62
41
13
13
138
138
138
138
138
138
138
138
131
68
68
68
12
12
12
12
12
137
137
137
137
137
137
137
130
130
123
123
67
46
136
136
136
136
136
136
129
129
73
38
10
10
10
135
135
135
135
135
135
135
135
128
128
128
128
121
114
72
72
58
44
134
134
134
134
134
127
71
64
133
133
133
133
133
133
133
133
133
133
126
119
119
119
70
70
70
132
132
132
132
132
132
132
132
132
132
125
69
90
62
55
55
48
41
41
34
131
131
131
131
124
124
68
61
47
130
130
130
130
130
130
130
130
130
130
130
130
130
123
123
116
67
32
129
129
129
122
122
66
66
66
66
59
52
38
38
128
128
128
128
128
128
128
128
128
121
121
121
114
114
65
65
65
58
51
51
51
44
30
127
127
127
127
127
127
113
113
64
64
64
57
43
126
126
126
126
126
126
126
63
125
125
125
125
125
118
111
104
69
41
34
124
124
124
124
124
124
124
124
124
124
124
61
54
54
47
47
47
40
123
123
123
123
123
123
116
116
116
60
60
53
39
122
122
122
122
122
122
122
115
115
59
59
59
45
38
38
121
121
107
107
51
51
51
30
120
120
120
120
120
113
113
99
99
57
57
57
50
43
43
43
29
119
119
119
119
119
112
56
56
42
35
28
118
118
118
118
118
111
111
104
97
41
117
117
117
117
117
117
117
117
117
110
96
96
47
47
40
33
116
116
116
116
116
116
116
109
109
109
53
46
39
115
115
115
108
108
87
52
45
38
114
114
114
114
114
114
114
114
100
51
44
44
37
23
23
113
113
113
113
113
113
113
106
50
50
71
43
36
36
36
112
112
112
112
112
112
112
112
112
112
49
42
35
35
111
111
111
111
111
111
111
111
111
111
90
76
48
34
55
27
27
27
110
110
110
110
110
110
110
110
110
110
110
110
110
110
103
75
47
47
40
40
40
33
109
109
109
109
109
102
102
74
46
46
46
39
39
32
46
108
108
108
108
108
108
108
108
101
45
45
38
38
38
38
31
31
24
24
24
107
107
107
107
107
107
107
107
100
93
93
44
44
37
37
37
23
106
106
106
106
106
106
106
43
43
43
43
29
29
22
105
105
105
105
105
105
105
105
105
105
42
35
28
28
28
28
28
21
104
104
104
104
104
104
104
83
41
41
41
34
34
34
34
27
27
27
13
103
103
103
103
103
103
40
40
33
33
33
26
26
26
102
102
102
102
102
102
102
102
39
39
39
39
39
39
39
32
25
25
25
39
101
101
101
101
101
101
101
38
38
38
38
31
24
100
100
100
100
100
100
100
100
100
100
100
100
100
37
37
37
30
30
30
30
30
30
30
30
30
30
23
23
99
99
99
99
99
99
99
92
36
36
29
22
22
43
15
98
98
98
98
98
98
98
91
35
35
35
28
28
28
14
97
97
97
97
97
97
97
97
97
34
34
34
34
34
27
27
27
27
20
20
20
96
96
96
96
96
96
96
96
96
96
96
75
33
33
33
33
33
26
26
26
19
95
95
95
74
32
32
32
32
32
25
25
25
18
18
18
94
94
94
94
94
94
94
94
94
94
94
94
94
31
31
31
31
24
24
24
24
17
17
17
93
93
93
93
93
93
93
93
86
79
30
30
30
30
30
30
23
23
23
23
23
16
92
92
92
92
92
92
85
78
29
29
29
29
29
29
29
22
22
22
22
22
15
15
15
91
91
91
91
91
91
91
28
28
28
28
21
21
21
21
21
14
90
90
90
90
90
90
90
90
27
27
27
27
27
27
27
27
20
20
20
13
89
89
89
89
89
89
89
89
89
82
26
26
26
19
19
19
19
19
19
19
19
19
40
12
12
12
12
88
88
88
88
88
88
88
88
81
74
25
25
25
18
18
18
18
18
18
18
18
11
11
11
87
87
87
87
87
87
87
87
87
87
87
80
73
73
66
24
24
24
24
24
24
17
17
17
17
17
17
10
10
86
86
86
86
86
86
86
86
86
86
79
23
23
23
23
23
23
23
23
23
16
16
16
16
16
16
37
85
85
85
85
85
85
85
85
78
78
57
22
22
22
22
22
22
22
22
15
15
15
15
15
15
15
15
84
84
84
84
84
84
84
84
84
84
63
21
21
21
21
21
21
21
21
21
21
21
14
14
14
14
14
14
14
83
83
83
83
83
83
83
83
83
83
83
76
76
76
20
20
20
20
20
20
20
20
20
20
20
20
20
20
13
13
13
13
13
13
82
82
82
82
82
82
82
82
75
19
19
19
19
19
19
19
12
12
12
12
12
12
12
81
81
81
81
81
81
81
81
81
81
81
81
67
67
18
18
18
18
18
18
18
18
18
18
18
18
18
18
11
11
11
11
11
11
11
80
80
80
80
80
80
80
80
80
80
80
80
80
80
80
80
80
80
17
17
17
17
17
17
17
17
17
17
17
17
17
17
17
17
17
17
17
17
17
10
10
79
79
79
79
79
79
79
79
79
72
16
16
16
16
16
16
16
16
16
16
16
16
16
16
16
16
16
16
16
16
16
16
78
78
78
78
78
78
78
78
78
71
57
15
15
15
15
15
15
15
15
15
15
15
15
15
15
15
15
15
15
15
15
15
15
15
15
15
15
15
15
15
15
77
77
77
77
77
77
77
77
70
70
63
14
14
14
14
14
14
14
14
14
14
14
14
14
14
14
14
14
14
14
14
14
14
14
14
14
14
14
14
14
14
14
14
14
14
76
76
76
76
76
76
76
76
76
76
41
13
13
13
13
13
13
13
13
13
13
13
13
13
13
13
13
13
13
13
13
13
13
13
75
75
75
75
75
75
75
75
75
75
75
75
12
12
12
12
12
12
12
12
12
12
12
12
12
12
12
12
12
12
12
12
12
12
12
12
12
12
12
74
74
74
74
74
74
74
74
67
67
46
11
11
11
11
11
11
11
11
11
11
11
11
11
11
11
11
11
11
11
11
11
11
11
11
11
11
11
11
11
11
11
11
11
11
11
11
11
11
11
11
11
73
73
73
73
73
73
73
73
73
73
73
73
73
73
66
66
66
45
10
10
10
10
10
10
10
10
10
10
10
10
10
10
10
10
10
10
10
10
10
10
10
10
10
10
10
10
10
72
72
72
72
72
72
72
72
72
72
72
72
72
72
72
72
71
71
71
71
71
71
71
71
71
71
71
71
64
57
70
70
70
70
70
70
70
70
70
70
70
70
70
63
63
69
69
69
69
69
69
69
69
69
69
69
68
68
68
68
68
68
68
68
68
68
68
68
68
68
61
40
67
67
67
67
67
67
67
67
67
67
67
67
67
60
60
66
66
66
66
66
66
66
66
66
66
66
66
66
59
65
65
65
65
65
65
65
65
65
65
65
51
64
64
64
64
64
64
64
64
64
64
64
57
57
50
63
63
63
63
63
63
63
63
63
63
63
63
63
63
63
63
63
63
63
63
56
62
62
62
62
62
62
62
62
62
62
62
55
61
61
61
61
61
61
61
61
61
61
61
61
61
61
61
61
61
61
61
61
54
60
60
60
60
60
60
60
60
60
59
59
59
59
59
59
59
59
59
59
59
59
59
59
59
59
58
58
58
58
58
58
58
58
58
58
58
58
58
44
57
57
57
57
57
57
57
57
57
57
57
57
56
56
56
56
56
56
56
56
56
56
56
55
55
55
55
55
55
55
55
55
55
55
55
55
55
55
55
55
55
55
54
54
54
54
54
54
54
54
54
54
54
54
54
54
54
47
53
53
53
53
53
53
53
53
53
53
53
53
53
46
46
52
52
52
52
52
52
52
52
52
52
52
51
51
51
51
51
51
51
51
51
51
44
50
50
50
50
50
50
50
50
50
50
50
50
50
50
43
49
49
49
49
49
49
49
48
48
48
48
48
48
48
48
48
41
47
47
47
47
47
47
47
47
47
46
46
46
46
46
46
46
45
45
45
45
45
45
45
31
44
44
44
44
44
44
44
43
43
43
43
43
43
43
42
42
42
42
42
35
41
41
41
41
41
41
41
40
40
40
40
40
39
39
38
38
38
36
36
35
27
