10118
3274
3243
1931
1875
1607
1310
1307
1282
1244
1226
1201
1051
1032
1015
978
922
874
865
862
850
829
807
802
799
781
746
727
3474157
661
657
656
631
614
604
594
584
583
582
577
575
546
531
525
513
509
499
499
494
486
476
472
465
445
439
430
417
413
407
400
392
376
368
363
359
357
355
352
349
349
346
338
335
333
327
320
320
317
314
313
304
302
301
300
297
294
290
287
280
279
278
278
277
276
276
274
270
264
263
261
261
259
257
257
1220382
252
252
247
246
27397
243
239
238
238
236
227
227
226
225
224
224
221
220
218
218
216
215
215
212
211
211
211
210
209
208
994763
204
203
203
202
201
201
199
199
196
194
194
190
189
188
188
187
186
185
184
178
177
176
174
172
170
169
168
168
168
167
167
164
164
164
163
163
160
159
159
158
157
157
157
156
155
153
148
148
147
147
145
142
140
140
139
139
138
138
137
137
137
137
137
137
136
134
134
134
134
132
131
131
129
128
127
127
127
126
125
125
125
124
124
124
123
607922
122
122
122
278
121
120
120
120
120
119
118
117
116
114
114
113
112
112
112
111
111
111
109
109
108
108
107
107
515431
105
105
105
105
105
105
103
37715
102
102
101
101
99
99
98
98
98
98
96
96
95
94
93
93
93
92
92
91
90
90
89
89
88
87
86
86
85
85
400808
83
83
83
83
82
82
80
80
371953
78
77
76
75
72
71
71
70
69
68
68
68
68
67
66
66
65
65
64
64
64
63
62
62
62
62
62
61
61
199
56
56
54
54
54
49097
52
52
50
59
45
101
198201
413
197276
950
302
362
402
3348
2159
138993
127395
339
79453
2806
120998
1037
119585
101489
119603
427
26749
272
994
107029
392
12024
96
37018
99224
94058
248
82410
82714
1551
3250
88
1114
73499
868
201
233
14292
145
72819
22608
418
14441
392
61998
58462
54352
58802
51015
52605
51577
111
46260
81
6787
44256
4033
45172
35079
10500
41142
36083
29682
1235
17542
38713
37314
1417
35233
38145
36322
64
1521
33994
35903
1325
36172
36460
710
17389
972
31634
33261
102
119
31662
30664
29327
4423
197
33778
30467
29092
458
29633
29594
29656
32137
29150
27563
21395
22491
27452
26130
26082
26880
24891
58
612
69
22817
730
9604
3230
78
21634
20364
378
21595
19980
21062
195
19117
18534
19843
12408
20401
19292
17729
6826
19073
19813
17530
192
3140
6411
19389
17844
407
17031
17469
16793
16712
16091
16512
15311
14565
14643
16372
263
14417
1970
5688
11043
916
356
460
285
14308
6175
14946
15300
14305
1740
14697
15343
14602
5613
135
12106
13929
13689
599
1415
12201
13237
12740
2780
30
327
217
13282
13055
12668
256
11839
11595
155
11410
12034
959
130
12100
11774
33
3730
11426
511
457
10183
285
10351
528
10946
144
10976
10724
5280
219
10888
10162
10784
9720
9796
401
9941
9515
1721
238
164
10328
8510
3976
10855
9071
3454
62
347
9562
9195
8848
3739
10132
258
9146
9417
9009
6984
8392
12101
8462
4495
8657
7447
9862
9880
7426
9258
258
8613
8823
202
8176
722
8748
8939
317
271
8393
8495
8153
8441
7640
8346
7579
7540
8471
8172
8385
7917
8100
8577
8059
6834
7299
7299
7320
4664
7147
7111
7735
7960
625
7622
7560
7211
105
8525
7351
7959
7775
118
111
7051
129
4471
102
7137
473
6473
109
217
7864
6571
6342
5240
6163
6242
6062
6215
6736
6187
6130
2288
6222
4566
115
5956
2659
6072
5902
5972
3944
99
6430
5840
3108
107
2675
6360
6189
4510
5692
3515
6688
1537
6354
5641
5639
1746
5546
5525
5788
3348
5712
5531
169
1569
742
1805
5243
5230
268
5219
1447
4649
78
4296
101
5538
5399
5006
97
5214
5122
5002
574
401
47
5331
5076
4814
93
5015
2635
4971
5060
4839
333
4757
5609
4704
4630
127
4549
4736
409
4488
2957
4480
84
51
4455
4711
4491
4553
76
4473
107
135
17
65
281
4349
4602
337
4350
421
4636
4317
107
4055
4274
4267
2361
5089
4435
4374
735
2436
325
17
4435
137
4368
12
123
65
134
207
24
32
15
33
25
4093
4093
4364
1513
3953
3985
415
1239
4035
68
963
5110
4695
156
3910
2895
3910
4126
3597
4156
4681
100
3820
3815
139
3793
3620
4122
353
3967
142
1532
3732
3929
3266
3701
3889
2105
3706
134
3845
86
96
2572
1044
334
3602
128
190
1853
3717
1310
3736
3594
3588
3393
3582
3832
962
1580
480
3486
529
54
3557
1595
360
329
3669
3618
3474
3374
3620
3306
126
3359
3530
3340
3320
3325
3378
3297
151
3322
3307
3249
74
3358
3261
3260
3209
3229
3304
3226
3219
3219
3139
3216
3443
47
73
50
3012
3204
778
3347
3405
3297
57
3039
619
25
3131
307
3434
3126
48
1266
3191
3129
3341
3113
649
3089
3083
3077
3341
3074
62
3065
3143
3228
3057
3042
3044
3034
3021
3022
3017
3166
2999
2988
2973
155
2952
46
3067
2939
2931
503
2909
1922
2973
3903
2893
2088
3031
2865
1891
401
2627
2974
2847
1094
111
2820
541
2803
2801
168
2793
3056
2628
2813
2745
2765
2742
2718
2643
129
2704
334
2638
2724
2742
441
2687
2624
2677
2912
2691
2688
2701
512
2654
1806
2664
2654
2648
106
2711
2639
63
2633
2622
791
2610
2610
1400
2935
2584
2581
2577
2564
2553
2551
2555
2539
970
2676
2514
582
2489
2517
202
2527
2477
2023
2471
1126
2444
2453
2437
2470
73
2426
489
2414
2414
2448
2409
539
2406
24
2389
2433
1118
2443
2379
31
2368
2370
2527
259
1184
2355
2382
2348
2342
2349
2340
2464
2336
2334
826
2375
1171
2330
201
2321
2317
144
2300
2289
1458
2279
2294
2319
2264
2286
2273
2255
99
2217
2239
2190
757
171
2212
321
2204
86
2200
2202
2204
2277
2197
18
80
891
2188
594
409
2185
2177
2173
1522
2168
1347
2166
2164
2156
1047
1460
2193
205
2137
2287
133
2135
2123
2118
2113
1440
46
2110
2106
2105
2099
20
348
2097
50
1466
1268
2059
2048
2043
2007
122
2030
1984
2024
944
1944
2006
2002
2002
852
242
1990
1989
48
1985
1979
1976
1967
1966
1967
1958
109
2252
55
1940
2220
1935
1868
1930
67
154
1920
1385
1917
1909
1907
1806
1579
1896
1891
503
2086
1881
1564
1864
1866
38
1856
368
1850
1231
1845
1845
507
1784
880
1829
49
1827
1822
1831
233
1815
1802
1801
1801
1793
1792
1787
36
1759
1756
1770
1773
1772
32
405
1778
1761
438
59
238
1750
157
71
1743
316
1736
1737
1733
1979
1724
267
376
1711
1706
1703
1702
1702
610
1112
1701
642
1710
1692
1688
1677
1678
1663
1662
1662
1666
1666
1654
161
1653
1650
1648
31
1645
1645
1650
877
204
1636
67
1635
1679
1631
1629
84
622
1622
1630
1616
1608
1608
1633
1603
42
1602
62
1601
40
1599
1598
16
1595
1600
1593
219
1600
1585
1630
1586
208
27
1585
1573
1574
1573
1570
1568
1563
1559
1564
1559
1553
265
1579
18
1550
1551
11
1543
1521
1541
1541
1537
205
184
1527
1527
1534
1528
1522
1533
1517
1515
1510
1510
1509
1509
1508
1511
1506
1505
1503
1502
842
61
63
1493
1923
1486
1483
1478
1476
1475
1471
1470
315
1469
209
67
1465
98
1460
627
1464
1457
42
1455
82
291
1445
848
1442
1439
36
1435
1435
1433
26
1437
1432
1438
1430
1427
1431
1424
1414
1437
1422
234
233
183
1414
1413
1403
773
31
1411
1393
154
97
1391
1386
307
1384
75
1382
1376
1376
81
1403
1376
1373
1368
1389
1360
149
1357
1357
1354
1350
1349
1345
1344
1344
1343
285
1341
1337
1339
1335
1334
1333
1344
1330
1329
1328
1327
1327
1187
1325
44
1324
1323
1322
1321
75
53
1318
1317
1316
1315
1388
680
777
1487
88
1305
1302
1299
1296
1296
328
1296
1292
1302
1289
1288
1287
1286
1263
507
248
1281
1280
622
48
1279
1279
1297
1278
409
1277
1279
1274
1272
465
1271
1336
1267
1266
1263
1262
1257
1255
1142
1255
1253
305
1249
37
1247
1246
1243
1243
1242
542
1241
1241
1242
1240
1236
1235
16
155
1231
1231
1229
1228
1227
1245
1224
1224
1221
1220
1219
1215
1214
1214
1214
1214
1211
756
56
1207
38
1206
1206
1206
37
1203
1202
1200
1200
114
51
1211
1198
1208
1196
1196
1202
1193
227
1207
1194
1192
1192
562
1191
1191
1190
1190
1189
23
1212
411
1178
351
1172
164
1178
23
1168
48
1167
19
1165
1164
1161
1160
1158
1158
1158
1161
1157
1156
1153
1153
1152
249
1150
1150
51
1150
1148
1140
937
1132
1146
1144
1140
1139
1140
1137
1135
1135
925
1133
608
1127
1131
1131
108
100
29
1133
1126
1125
439
32
1129
1123
1123
954
1121
1120
1120
1119
1119
1118
1117
1114
1114
1114
14
1110
1067
1108
1113
1110
1106
1106
1105
1103
25
1101
1100
1099
14
1099
1098
1101
1096
277
137
1096
1095
1093
182
1090
1089
1089
269
1086
946
1084
1083
31
1080
1079
1079
1078
1078
1082
1074
1053
1072
1076
1070
1068
18
1067
1066
1064
1064
119
1066
1063
1062
1061
1047
10
1059
1062
1057
1056
1052
30
1051
1051
1037
1054
1048
25
1049
1237
1045
527
1045
910
21
1043
1041
130
74
1038
1037
959
1035
1033
1031
1030
1016
1030
154
1028
1028
1027
1027
1027
1042
1026
450
618
184
107
1025
1022
1022
1023
1276
1021
384
48
1020
816
1014
1016
1013
1013
956
101
1010
1006
1006
1006
1001
1001
998
459
997
997
997
997
780
996
996
247
995
995
994
998
47
993
992
453
991
991
991
990
989
988
985
985
984
983
983
979
978
376
969
977
975
971
970
967
967
966
819
965
965
965
964
964
963
960
961
957
957
46
857
954
954
953
952
952
161
105
951
606
81
32
950
948
951
946
946
946
946
946
945
945
927
941
940
604
939
938
357
937
937
936
915
96
935
935
291
934
934
926
933
127
932
928
927
924
925
923
27
922
922
922
922
921
25
920
808
121
918
295
162
958
950
916
914
913
703
269
915
912
912
909
909
909
909
912
355
907
914
906
906
822
908
904
904
903
903
900
900
899
199
898
898
898
897
896
112
42
21
895
853
139
894
893
893
894
892
885
891
892
812
447
300
887
159
885
884
884
364
880
879
305
880
878
880
877
876
875
315
874
874
874
873
871
136
870
870
869
183
867
83
845
865
683
648
864
864
864
863
863
862
861
860
858
858
816
857
857
856
432
851
849
848
848
141
849
847
844
844
270
843
843
842
841
841
840
839
839
839
838
838
838
837
60
836
835
744
835
834
834
330
833
832
832
832
832
830
829
829
829
827
826
378
244
825
823
823
822
822
822
820
63
818
818
818
195
823
817
816
816
816
326
794
640
395
311
814
814
814
807
737
818
813
812
810
809
809
32
808
808
807
807
806
805
804
804
804
804
748
803
803
802
221
801
80
800
800
799
800
798
798
798
126
188
823
796
795
794
794
108
793
793
764
127
238
196
790
790
788
787
786
786
785
785
785
15
786
784
49
782
782
781
785
779
779
310
780
778
778
778
456
777
777
567
182
90
20
775
775
774
774
774
773
773
766
772
772
772
765
771
771
435
770
763
126
769
769
678
97
768
767
767
766
185
765
765
758
766
764
386
762
761
761
257
739
739
759
129
66
114
759
372
756
755
755
755
755
55
754
117
754
753
158
577
751
751
289
753
750
750
750
767
749
749
749
749
98
748
748
747
95
745
745
87
744
744
114
93
86
743
211
742
742
742
741
740
621
742
599
200
738
737
737
227
736
736
733
733
733
737
732
172
731
723
86
728
727
727
726
726
635
18
723
478
86
51
722
722
722
666
775
723
721
721
28
720
720
20
720
719
719
117
718
728
717
717
696
716
716
716
717
715
731
714
714
20
712
201
89
717
709
709
712
646
707
707
707
706
706
706
705
705
334
327
704
627
703
604
702
702
702
702
702
701
701
700
700
699
699
699
699
699
698
698
165
612
696
612
695
44
23
696
694
694
694
694
694
379
36
692
692
692
685
691
691
691
690
179
11
689
681
688
86
16
687
687
687
687
686
686
686
685
685
683
683
683
683
577
663
681
681
681
681
680
652
672
679
679
679
21
678
601
398
677
243
676
88
639
674
72
673
673
673
673
673
539
301
672
671
363
669
669
668
668
94
668
667
667
660
484
29
665
664
664
664
664
664
132
83
674
664
663
75
89
672
662
137
95
662
661
17
660
659
658
658
658
658
656
656
299
666
655
179
654
654
17
654
653
653
653
652
652
652
652
589
133
651
650
650
650
650
447
649
649
649
649
649
75
12
648
647
647
646
625
645
645
616
644
645
643
643
34
642
642
642
642
641
641
641
53
618
639
639
639
638
638
57
637
637
637
63
635
635
634
185
632
632
632
289
16
631
630
629
629
629
628
628
627
627
631
626
626
626
626
625
625
625
625
625
625
107
358
78
623
623
623
623
623
622
621
621
621
621
565
625
620
620
620
619
619
584
618
618
617
617
218
78
616
616
615
566
614
614
614
614
613
438
612
17
611
611
611
611
611
610
393
609
609
609
609
609
28
608
608
608
608
594
27
61
410
606
606
200
622
549
605
605
604
604
604
604
596
603
603
604
602
602
602
21
601
90
97
600
600
600
600
242
599
571
284
25
18
598
597
596
596
596
596
596
596
595
595
595
595
594
594
593
593
19
466
592
543
611
577
591
591
73
17
592
590
590
589
588
597
587
587
587
587
586
586
586
12
501
585
585
585
11
600
584
584
584
583
583
582
106
581
581
84
580
48
581
579
565
578
578
95
102
589
311
577
576
576
16
574
287
573
573
573
573
573
20
502
544
572
572
572
572
572
577
361
571
571
571
564
570
570
570
570
570
24
569
569
569
572
568
568
568
568
568
568
57
196
567
322
565
565
565
54
319
564
81
563
563
563
563
520
562
562
555
562
65
561
561
554
64
525
560
560
560
560
560
399
301
562
580
559
559
559
552
167
27
34
537
558
558
558
558
558
557
557
557
557
556
457
72
100
554
554
204
78
218
553
552
552
552
552
553
89
313
557
558
550
550
333
543
123
11
551
549
549
549
94
548
548
548
548
548
16
547
476
546
546
546
546
552
34
545
545
545
545
545
20
530
544
544
544
544
544
543
543
542
542
541
79
92
540
540
540
350
539
455
539
539
539
539
14
70
543
539
426
538
538
538
537
537
537
509
123
60
536
536
536
536
53
25
171
10
521
535
535
535
534
534
16
23
16
512
533
533
533
534
536
91
532
21
482
531
531
13
531
530
530
530
530
530
530
530
530
473
11
529
529
529
10
66
528
528
528
528
528
528
528
520
527
527
527
527
338
15
92
15
120
526
660
14
525
525
525
525
528
13
13
524
524
334
166
12
12
523
523
375
11
522
522
522
522
10
10
17
521
521
521
521
521
521
521
521
73
436
65
513
520
520
520
520
519
519
518
518
518
433
517
517
327
180
516
516
452
514
514
514
513
513
513
513
513
513
512
512
511
511
511
511
511
510
510
510
510
516
509
509
138
508
508
508
508
508
508
500
500
507
507
507
254
506
506
64
505
505
505
182
504
504
504
34
461
503
502
502
501
501
501
501
501
500
499
499
499
499
499
499
498
498
371
497
497
496
496
496
432
488
495
495
494
494
171
493
493
493
493
493
359
492
492
162
491
491
490
490
490
490
370
489
489
489
489
489
489
489
61
61
145
117
488
488
403
487
487
487
487
486
486
37
457
443
485
485
485
485
485
485
422
484
484
484
484
483
483
483
483
483
482
482
483
483
54
375
480
480
480
480
480
472
479
479
479
479
205
478
478
478
477
477
428
385
476
476
475
475
475
103
47
467
474
474
474
474
475
340
270
473
473
473
473
473
473
473
59
122
472
472
472
345
86
471
471
471
471
470
470
470
273
469
167
251
468
468
468
468
469
110
432
467
467
467
467
467
467
467
459
466
466
466
465
465
465
465
465
465
464
464
464
464
464
463
463
463
463
463
463
463
63
70
462
462
462
462
223
440
461
461
460
460
461
172
228
459
459
459
459
157
458
458
458
458
458
458
458
457
457
457
457
457
457
457
457
57
456
456
456
442
456
456
456
456
456
456
455
385
55
454
454
454
454
454
454
454
75
453
453
453
109
452
452
452
452
73
59
451
451
451
451
51
450
450
450
450
450
450
450
450
99
449
56
42
294
448
448
448
448
448
448
447
447
447
447
446
446
446
446
446
446
446
446
60
445
445
87
430
444
444
444
444
444
444
444
93
170
149
443
443
443
443
443
443
443
64
379
442
442
442
442
442
441
441
441
76
440
440
440
444
439
439
362
438
438
438
438
438
438
438
438
94
192
437
437
422
401
436
436
436
71
414
421
435
435
435
435
435
436
434
434
434
434
434
160
433
433
432
432
432
432
432
418
340
431
431
431
417
431
409
430
430
430
429
429
432
99
372
428
428
428
428
231
252
427
427
427
420
118
426
426
426
426
425
425
425
425
425
425
25
410
424
424
424
424
442
241
416
423
423
423
423
114
422
422
422
422
422
423
421
421
421
421
421
421
420
420
420
420
420
420
97
419
419
419
419
419
419
419
419
419
40
418
418
418
418
123
291
417
417
417
417
52
416
416
416
416
170
415
415
415
415
414
414
414
414
414
414
416
119
371
406
413
413
413
413
413
415
413
412
412
412
412
412
412
412
412
404
411
411
334
410
410
410
410
449
409
409
409
352
408
408
408
408
408
407
407
266
406
406
406
406
406
406
69
405
405
405
405
61
397
404
404
404
404
404
403
403
403
403
395
402
402
402
402
402
402
402
402
51
226
359
401
401
401
50
57
393
400
400
400
400
400
400
400
400
49
399
399
399
399
398
398
398
398
398
264
397
397
397
397
397
397
397
396
396
396
396
396
396
397
395
395
395
395
107
380
387
394
394
394
50
365
393
393
393
393
393
393
393
112
392
392
392
392
392
392
174
391
391
391
391
54
369
390
390
390
390
390
382
368
389
389
389
389
389
389
52
388
388
388
388
388
388
388
388
58
149
387
387
387
387
387
387
387
388
386
386
386
386
386
348
378
385
385
385
385
385
385
385
385
384
384
384
384
384
384
384
47
383
383
383
383
383
385
53
382
382
382
382
383
381
381
381
65
380
380
380
379
379
379
372
77
315
378
378
378
378
378
378
48
314
377
377
377
377
377
377
437
348
376
376
376
376
376
376
376
242
361
375
375
375
375
361
374
374
374
374
374
374
374
374
374
374
375
373
373
373
373
373
373
373
29
337
344
372
372
372
375
161
371
371
371
371
371
372
118
370
370
370
370
370
370
370
370
370
370
370
370
47
278
369
369
369
369
369
46
67
354
368
368
368
368
368
368
368
368
368
368
59
52
206
367
367
367
367
367
367
367
367
367
367
359
366
366
366
366
366
366
366
64
141
365
365
364
364
355
258
363
363
355
362
362
362
362
362
144
333
361
361
361
361
361
361
361
360
360
360
360
360
346
86
128
240
359
359
359
359
359
359
359
359
359
361
36
78
358
358
358
358
358
358
359
359
360
217
336
357
357
357
357
357
357
357
356
356
356
356
82
355
355
355
355
355
355
355
355
39
39
354
354
354
354
354
354
354
354
66
234
353
353
353
353
353
353
353
352
352
352
352
352
352
352
71
204
351
351
351
351
154
231
350
350
350
350
202
349
349
334
348
348
348
348
348
348
348
348
334
130
186
347
347
347
262
346
346
346
346
346
346
347
30
345
345
345
345
345
345
345
345
345
29
344
344
344
344
344
344
345
147
343
343
343
343
343
343
343
343
343
181
342
342
342
342
342
342
335
201
341
341
341
341
341
341
341
341
341
341
60
102
340
340
340
340
340
340
340
340
340
340
213
255
339
339
339
339
339
72
205
184
338
338
338
338
338
338
338
281
337
337
337
337
337
337
337
337
337
337
316
70
140
336
336
336
336
336
336
336
76
286
335
335
335
335
335
335
335
335
54
208
334
334
334
334
333
333
333
333
333
333
333
333
73
269
325
332
332
332
332
332
332
332
332
332
332
332
72
86
275
331
331
331
331
331
331
331
331
162
330
330
330
330
330
330
330
330
336
84
301
329
329
329
322
329
332
333
265
328
328
328
328
328
328
328
328
328
328
314
327
327
327
327
327
327
327
326
326
326
325
325
325
325
325
325
163
324
324
324
324
324
316
323
323
323
323
323
323
323
323
324
294
301
322
322
322
322
322
322
322
322
394
323
90
321
321
321
321
321
321
321
321
321
321
321
321
321
40
47
320
320
320
320
320
320
320
179
319
319
319
319
319
319
319
319
319
66
262
290
304
318
318
318
318
318
318
275
268
317
317
317
317
317
316
316
316
316
316
316
316
317
56
70
77
112
315
315
315
315
315
315
315
230
314
314
314
314
314
314
314
314
314
314
314
314
222
299
306
313
313
313
313
313
313
313
313
313
312
312
312
312
312
312
314
101
304
311
311
311
311
311
311
311
323
44
107
198
226
310
310
310
310
309
309
309
309
309
309
309
280
308
308
308
308
308
308
181
307
307
307
307
307
307
292
299
306
306
306
306
144
298
305
305
305
305
305
305
305
305
305
305
108
283
304
304
304
304
304
304
304
304
341
65
303
303
303
303
303
296
303
43
64
295
302
302
302
302
302
302
302
302
302
302
302
302
302
302
302
35
119
245
301
301
301
301
301
301
301
301
301
301
272
300
300
300
300
300
300
68
299
299
299
299
299
299
303
158
298
298
298
298
298
298
298
298
298
298
298
298
59
297
297
297
297
297
297
297
297
297
297
276
44
219
296
296
296
296
296
296
296
71
295
295
295
295
295
295
295
295
295
294
294
294
294
294
294
280
294
294
294
294
279
293
293
293
293
293
315
292
292
292
292
292
292
292
278
123
39
291
291
291
291
291
291
334
38
94
290
290
290
290
290
290
290
290
290
290
290
290
72
254
289
289
289
289
289
289
289
289
289
289
289
289
288
288
288
288
288
288
288
147
252
238
287
287
287
287
287
287
287
287
287
287
286
286
286
286
286
286
286
286
286
286
286
110
285
285
285
285
285
285
285
285
285
285
285
285
285
285
284
284
284
284
284
284
284
284
284
284
284
284
228
285
284
31
80
283
283
283
283
23
247
282
282
282
282
282
282
282
282
211
281
281
281
281
281
281
281
281
281
281
281
77
280
280
280
280
280
280
280
280
280
280
280
27
27
251
279
279
279
279
279
279
279
279
279
54
103
271
278
278
278
278
278
278
284
200
277
277
277
277
277
277
277
277
277
277
270
277
277
277
171
178
255
276
276
276
276
276
276
276
276
275
275
275
275
275
275
275
275
275
275
275
268
57
57
43
85
274
274
274
274
274
274
274
274
274
274
274
274
274
225
231
273
273
273
273
273
273
273
273
273
252
41
272
272
272
272
272
272
272
272
250
271
271
271
271
271
271
271
271
271
271
32
116
179
263
270
270
270
270
270
270
270
270
270
270
270
270
136
101
248
192
269
269
269
269
269
269
269
269
269
269
269
93
16
100
254
268
268
268
268
268
268
268
268
268
268
268
268
269
92
176
267
267
267
267
267
267
267
267
267
267
49
252
266
266
266
266
266
266
266
266
266
266
266
266
266
266
266
266
265
265
265
265
265
265
265
265
265
265
266
250
264
264
264
264
264
264
264
264
264
152
263
263
263
263
263
263
263
263
263
263
263
263
263
249
101
122
164
262
262
262
262
262
262
262
262
262
262
262
262
262
199
262
261
261
261
261
261
261
261
120
260
260
260
260
260
260
260
260
260
260
210
259
259
259
259
259
259
251
258
258
258
258
258
258
258
258
258
262
194
103
257
257
257
257
257
257
257
257
258
39
256
256
256
256
256
256
256
256
256
256
256
256
256
227
255
255
255
255
255
255
255
255
255
255
255
255
240
254
254
254
254
254
254
254
254
254
254
57
92
253
253
253
253
253
253
253
253
253
253
91
182
252
252
252
252
252
252
252
252
252
252
252
251
251
251
251
251
251
251
251
251
251
251
251
251
251
251
251
251
251
251
251
237
54
250
250
250
250
250
250
250
250
250
250
250
250
236
53
214
249
249
249
249
249
249
249
249
249
249
249
249
249
249
249
228
265
249
249
136
248
248
248
248
248
248
248
248
248
248
248
248
247
247
247
247
247
247
247
247
247
247
247
247
247
247
247
247
247
247
107
43
71
162
246
246
246
246
246
246
246
246
246
246
246
246
56
35
245
245
245
245
245
245
245
245
245
245
245
245
245
146
55
244
244
244
244
244
244
244
244
244
181
68
236
243
243
243
243
243
243
243
243
243
243
243
74
242
242
242
242
242
242
242
242
242
242
242
243
213
234
241
241
241
241
241
241
241
241
241
241
241
241
241
241
164
211
243
240
240
240
240
240
240
240
240
240
240
240
240
240
240
71
57
239
239
239
239
239
239
239
239
232
239
119
126
175
238
238
238
238
238
238
238
238
238
238
238
238
238
238
238
238
238
238
239
237
237
237
237
237
237
237
237
237
237
237
237
33
236
236
236
236
236
236
236
236
236
236
236
236
236
236
137
235
235
235
228
235
235
235
228
235
235
235
235
240
185
185
234
234
150
234
234
234
234
234
234
234
234
234
234
234
234
16
233
233
233
233
233
233
233
233
233
233
233
233
183
232
232
232
232
232
232
232
232
232
232
232
232
232
232
232
232
232
233
269
154
21
105
231
231
231
231
231
231
231
231
231
231
231
231
231
112
230
230
230
230
230
230
230
230
230
216
229
229
229
229
229
229
229
229
229
229
229
103
95
60
228
228
228
228
228
228
228
228
228
228
157
227
199
227
227
227
227
227
227
227
227
227
227
226
226
226
226
226
226
226
226
226
226
226
219
226
226
230
225
225
225
225
225
225
225
225
225
225
225
225
225
225
225
225
29
227
224
224
224
224
224
224
224
224
224
224
224
224
224
224
216
223
223
223
223
223
223
223
223
223
223
223
223
223
223
223
223
223
223
223
223
223
139
222
222
222
222
222
222
222
222
222
222
222
222
222
222
186
221
221
221
221
221
221
221
221
221
221
221
221
221
221
221
221
221
221
60
137
193
220
220
220
220
220
220
66
17
143
225
220
219
219
219
219
219
219
219
219
219
219
219
219
100
218
218
218
218
218
218
218
218
218
218
218
218
218
218
218
218
218
218
204
217
217
217
217
217
217
217
217
217
217
217
217
217
217
217
217
217
217
217
217
98
84
216
209
216
216
216
216
216
216
216
216
27
55
83
215
215
215
215
215
215
215
215
215
215
215
12
216
214
214
214
214
214
214
214
214
214
214
214
214
214
214
214
200
95
95
25
238
213
213
213
213
150
213
213
213
213
213
213
213
213
213
213
213
213
24
212
212
212
212
212
212
212
212
212
212
212
212
212
212
212
212
93
211
155
211
211
211
211
211
211
211
211
211
211
211
211
211
211
211
211
211
43
210
203
210
210
210
210
210
210
210
210
210
210
210
210
210
210
210
140
49
14
14
209
209
209
209
209
209
209
209
160
209
208
208
208
208
208
208
208
208
208
208
208
208
208
208
103
33
207
207
207
207
207
207
207
207
207
207
207
207
207
207
207
207
207
207
207
206
206
206
206
206
206
206
206
206
206
206
206
206
206
206
206
206
206
206
206
108
52
59
52
59
207
205
205
205
205
205
205
205
205
205
205
205
205
205
205
205
205
205
114
58
16
204
204
204
204
204
204
204
204
204
204
204
204
204
204
204
204
204
43
64
205
203
203
203
203
203
203
203
203
203
203
203
203
203
203
203
203
203
203
203
203
203
203
203
203
203
203
203
203
35
21
202
202
202
202
202
202
202
202
202
202
202
202
202
202
202
90
41
207
201
201
201
201
201
201
201
201
201
201
201
201
201
201
201
201
201
201
201
201
201
200
200
200
200
200
200
200
200
200
200
200
200
200
200
200
200
200
200
200
193
200
200
200
200
200
46
200
199
199
199
199
199
199
199
199
199
199
199
199
199
199
199
199
199
108
198
198
198
198
198
198
198
198
198
198
198
198
198
198
198
198
198
198
198
198
198
198
198
135
65
51
197
197
197
197
197
197
197
197
197
197
197
197
197
190
162
196
196
196
196
196
196
196
196
196
196
196
196
196
196
196
154
195
195
195
195
195
195
195
195
195
195
195
195
195
195
195
195
195
195
195
195
188
55
48
27
195
194
194
194
194
194
194
194
194
194
194
194
194
194
194
194
194
194
194
124
194
193
193
193
193
193
193
193
193
193
193
193
193
186
193
193
193
193
193
193
193
172
193
193
186
158
88
195
192
192
192
192
192
192
192
192
192
192
192
192
192
164
192
192
191
191
191
191
191
191
191
191
191
184
184
177
149
44
192
190
190
190
190
190
190
190
190
190
190
190
190
190
190
190
190
190
190
190
190
190
190
190
190
190
190
190
183
22
189
189
189
189
189
189
189
189
189
189
189
189
189
189
189
189
188
188
188
188
188
188
188
188
188
188
188
188
188
188
188
181
188
188
188
188
188
188
188
188
188
188
188
174
90
48
187
187
187
187
187
187
187
187
187
187
187
187
187
187
187
187
187
187
187
187
187
187
187
187
187
187
187
187
187
180
103
26
188
189
186
186
186
186
186
186
186
186
186
186
186
186
186
186
186
186
186
186
186
186
186
185
185
185
185
185
185
185
185
185
185
185
185
185
185
185
185
185
185
185
185
185
185
66
184
184
184
184
184
184
184
184
184
184
184
184
184
184
184
184
184
184
184
184
184
184
184
177
163
121
44
44
183
183
183
183
183
183
183
183
183
183
183
183
183
183
183
183
120
184
182
182
182
182
182
182
182
182
182
182
182
182
182
182
182
182
182
182
182
182
182
182
182
112
161
140
112
56
181
181
181
181
181
181
181
181
181
181
181
181
181
181
181
181
181
181
181
181
181
181
181
160
174
167
118
76
182
180
180
180
180
180
180
180
180
180
180
180
180
180
180
180
180
180
180
180
180
180
75
54
47
47
19
183
180
181
179
179
179
179
179
179
179
179
179
179
179
179
179
179
179
179
179
179
179
179
179
179
179
179
116
178
178
178
178
178
178
178
178
178
178
178
178
178
171
177
177
177
177
177
177
177
177
177
177
177
177
177
177
177
177
177
177
177
177
177
177
177
23
177
176
176
176
176
176
176
176
176
176
176
176
176
176
176
176
176
176
176
176
176
176
176
176
176
134
162
148
36
50
178
175
175
175
175
175
175
175
175
175
175
175
175
175
175
175
175
175
175
175
154
112
49
174
174
174
174
174
174
174
174
174
174
174
174
174
174
174
174
174
167
174
173
173
173
173
173
173
173
173
173
173
173
173
173
173
173
173
173
173
173
173
173
173
173
173
173
173
152
33
172
172
172
172
172
172
172
172
172
172
172
172
172
172
172
172
172
172
172
172
172
172
172
172
172
172
172
172
172
53
53
46
25
171
171
171
171
171
171
171
171
171
171
171
171
171
171
171
171
171
171
129
73
170
170
170
170
170
170
170
170
170
170
170
170
170
170
170
170
170
170
170
170
170
170
170
170
170
170
156
100
16
169
169
169
169
169
169
169
169
169
169
169
169
169
169
169
169
169
162
169
169
169
169
169
169
36
168
168
168
168
168
168
168
168
168
168
168
168
168
168
168
168
168
168
168
168
161
42
35
160
167
167
167
167
167
167
167
167
167
167
167
167
167
167
167
167
167
167
167
167
167
167
167
167
146
55
48
166
166
166
166
166
166
166
166
166
166
166
166
166
166
166
166
166
166
166
96
47
166
166
165
165
165
165
165
165
165
165
165
165
165
165
165
165
165
165
165
165
165
165
165
165
165
165
165
165
165
165
165
130
18
164
164
164
164
164
164
164
164
164
164
164
164
164
164
164
164
164
164
164
164
164
164
164
164
164
164
164
52
17
163
163
163
163
163
163
163
163
163
163
163
163
163
163
163
163
163
156
156
37
162
162
162
162
162
162
162
162
162
162
162
162
162
162
162
162
162
162
148
71
161
161
161
161
161
161
161
161
161
161
161
161
161
161
161
161
161
154
119
126
42
35
28
160
160
160
160
160
160
160
160
160
160
160
160
160
160
160
160
160
160
160
160
160
160
160
160
153
125
62
76
159
159
159
159
159
159
159
159
159
159
159
159
159
159
159
159
159
159
159
159
159
159
159
159
159
159
159
159
152
68
89
33
158
158
158
158
158
158
158
158
158
158
158
158
158
158
158
158
158
158
158
158
158
158
158
158
158
158
158
158
158
158
158
158
158
137
123
95
167
157
157
157
157
157
157
157
157
157
157
157
157
157
157
157
157
157
157
157
157
157
157
150
108
101
115
94
156
156
156
156
156
156
156
156
156
156
156
156
156
156
156
156
156
156
156
156
156
156
156
156
156
156
156
142
121
121
156
155
155
155
155
155
155
155
155
155
155
155
155
155
155
155
155
155
155
155
155
155
155
155
155
155
155
155
155
148
113
64
57
29
154
154
154
154
154
154
154
154
154
154
154
154
154
154
154
154
154
154
154
154
154
154
154
154
154
154
154
154
154
154
154
154
154
154
154
28
153
153
153
153
153
153
153
153
153
153
153
153
153
153
153
153
153
153
153
153
153
153
146
104
111
104
13
27
154
152
152
152
152
152
152
152
152
152
152
152
152
152
152
152
152
152
152
152
152
152
152
117
33
152
151
151
151
151
151
151
151
151
151
151
151
151
151
151
151
151
151
151
151
151
151
151
151
151
151
151
151
25
150
150
150
150
150
150
150
150
150
150
150
150
150
150
150
150
150
150
150
150
150
150
150
150
150
150
24
150
135
149
149
149
149
149
149
149
149
149
149
149
149
149
149
149
149
149
149
149
149
149
149
149
149
149
142
149
149
149
149
149
149
149
149
149
149
149
149
149
149
149
114
37
16
149
148
148
148
148
148
148
148
148
148
148
148
148
148
148
148
148
148
148
148
148
120
22
153
147
147
147
147
147
147
147
147
147
147
147
147
147
147
147
147
147
147
147
147
147
147
147
147
147
140
63
91
84
148
149
146
146
146
146
146
146
146
146
146
146
146
146
146
146
146
146
146
146
146
146
146
146
146
146
146
146
146
146
146
146
145
145
145
145
145
145
145
145
145
145
145
145
145
145
145
145
145
145
145
145
145
145
145
145
145
145
145
145
145
131
138
117
103
26
144
144
144
123
144
144
144
144
144
144
144
144
144
144
144
144
144
144
144
144
144
144
144
144
144
144
144
144
144
144
144
144
137
137
102
18
143
143
143
143
143
143
143
143
143
143
136
143
143
143
143
143
143
143
143
143
143
108
108
143
142
142
142
142
142
142
142
142
142
142
142
142
142
142
142
142
142
142
142
142
142
142
142
142
142
142
142
142
65
44
16
141
141
141
141
141
141
141
141
141
141
141
141
141
141
141
141
141
141
141
141
141
141
141
141
141
141
141
141
141
141
141
113
134
64
15
43
140
140
140
140
140
140
140
140
140
140
140
140
126
140
140
140
140
140
140
140
140
140
140
140
140
140
140
140
140
140
140
140
140
140
140
140
140
140
140
112
77
14
139
139
139
139
139
139
139
139
139
139
139
139
139
139
132
139
139
139
139
139
139
139
139
139
139
139
139
139
111
125
138
138
138
138
138
138
138
138
138
138
138
138
138
138
138
138
138
138
138
138
138
138
138
138
138
138
138
138
138
138
138
138
138
138
110
131
131
12
12
140
137
137
137
137
137
137
137
137
137
137
137
137
137
137
137
137
137
137
137
137
137
137
137
137
137
137
137
137
137
137
137
137
137
137
137
137
67
39
11
11
122
136
136
136
136
136
136
136
136
136
136
136
136
136
136
136
136
136
136
136
136
136
122
66
66
135
135
135
135
135
135
135
135
135
135
135
135
135
135
135
135
135
135
135
135
135
135
135
135
135
135
135
135
135
135
72
127
134
134
134
134
134
134
134
134
134
134
134
134
134
134
134
134
134
134
134
134
134
134
134
134
134
134
134
134
134
134
134
134
134
71
43
29
133
133
133
133
133
133
133
133
133
133
133
133
133
133
133
133
133
133
133
133
133
133
133
133
133
133
133
133
133
133
133
133
133
133
133
133
133
133
133
133
133
133
133
133
133
133
133
133
133
133
133
133
35
125
125
132
132
132
132
132
132
132
132
132
132
132
132
132
132
132
132
132
132
132
132
132
132
132
132
132
132
132
132
132
132
55
62
34
131
131
131
131
131
131
131
131
131
131
131
131
131
131
131
131
131
131
131
131
131
131
131
131
131
131
131
131
61
131
116
130
130
130
130
130
130
130
130
130
130
130
130
130
130
130
130
130
130
130
130
130
130
130
130
130
130
130
130
130
130
130
130
130
116
88
81
88
129
129
129
129
129
129
129
129
129
129
129
129
129
129
129
129
129
129
129
129
129
129
129
129
129
129
129
129
129
129
80
115
108
52
128
128
128
128
128
128
128
128
128
121
128
128
128
128
128
128
128
128
128
128
128
128
128
128
128
128
128
128
128
128
128
128
128
128
121
86
51
127
127
127
127
127
127
127
127
127
127
127
127
127
127
127
127
127
127
127
127
127
127
127
127
127
127
127
127
127
127
127
127
127
127
127
127
127
127
127
127
127
127
126
126
126
126
126
126
126
126
126
126
126
126
126
126
126
126
126
126
126
126
126
126
126
126
126
126
126
126
126
126
119
98
119
126
125
125
125
125
125
125
125
125
125
125
125
125
125
125
125
125
125
125
125
125
125
125
125
125
125
125
125
125
125
125
125
125
125
125
125
125
125
125
125
125
125
125
125
125
125
125
125
125
125
125
125
125
125
111
90
127
82
124
124
124
124
124
124
124
124
124
124
124
124
124
124
124
124
124
124
124
124
124
124
124
124
124
124
124
124
124
124
124
117
124
124
124
124
124
124
124
117
75
61
47
123
123
123
123
123
123
123
123
123
123
123
123
123
123
123
123
123
123
123
123
123
116
123
123
123
123
123
123
123
123
123
116
109
95
102
60
122
122
122
122
122
122
122
122
122
122
122
122
122
122
122
122
122
122
122
122
122
122
122
122
122
122
122
122
122
122
122
122
122
122
122
73
121
121
121
121
121
114
121
121
121
121
121
121
121
121
121
121
121
121
121
121
121
121
121
121
121
121
121
121
121
121
121
121
121
121
121
121
121
114
37
120
120
120
120
120
120
120
120
120
120
120
120
120
120
120
120
120
120
120
120
120
120
120
120
120
120
120
120
120
120
120
120
120
120
106
120
120
120
120
120
50
119
119
119
119
119
119
119
119
119
119
119
119
119
119
119
119
119
119
119
119
119
119
119
119
119
119
119
119
119
119
119
119
119
119
119
119
119
119
119
119
119
119
112
70
105
56
120
118
118
118
118
118
118
118
118
118
118
118
118
118
118
118
118
118
118
118
118
118
118
118
118
118
118
118
118
118
118
118
118
118
118
118
118
118
118
118
118
55
34
117
117
117
117
117
117
117
117
117
117
117
117
117
117
117
117
117
117
117
117
117
117
117
117
117
117
117
117
117
117
117
117
117
117
117
117
117
117
117
117
117
117
117
110
110
19
19
116
116
116
116
116
116
116
116
116
116
116
116
116
116
116
116
116
116
116
116
116
116
116
116
116
116
116
116
109
116
116
116
116
116
116
116
116
116
116
116
116
116
116
116
116
116
116
74
39
74
39
88
60
18
18
115
115
108
115
115
115
115
115
115
115
115
115
115
115
115
115
115
115
115
115
115
115
115
115
115
115
115
115
115
115
115
115
115
115
80
52
45
24
24
114
114
114
114
114
114
114
114
114
114
114
114
114
114
114
114
114
114
114
114
114
114
114
114
114
114
114
114
114
114
114
114
114
114
114
114
114
114
114
114
114
114
114
114
114
114
114
114
114
51
30
44
113
113
113
113
113
113
113
113
113
113
113
113
113
113
113
113
113
113
113
113
113
113
113
113
113
113
113
113
113
113
113
113
113
113
113
113
113
113
113
113
64
43
29
113
84
112
112
112
112
112
112
112
112
112
112
112
112
112
112
112
112
112
112
112
112
112
112
112
112
112
112
112
112
112
112
112
112
112
105
28
111
111
111
111
111
111
111
111
111
111
111
111
111
111
111
111
111
111
111
111
111
111
111
111
111
111
111
111
111
111
111
111
111
111
111
111
111
111
111
111
111
111
111
111
111
111
111
111
111
111
111
111
111
90
41
110
110
110
110
110
110
110
110
110
110
110
110
110
110
110
110
110
110
110
110
110
110
110
110
110
110
110
110
110
110
110
110
110
110
110
110
110
110
110
110
110
110
110
110
110
110
110
110
110
110
82
110
110
103
47
89
68
26
109
109
109
109
109
109
109
109
109
109
109
109
109
109
109
109
109
109
109
109
109
109
88
109
109
109
109
109
109
109
109
109
109
109
109
109
109
109
109
109
102
102
95
102
101
108
108
108
108
108
108
108
108
108
108
108
108
108
108
108
108
108
108
108
108
108
108
108
108
108
108
108
108
108
108
108
108
108
108
108
108
108
108
108
108
108
108
108
87
87
38
31
17
24
107
107
107
107
107
107
107
107
107
107
107
107
107
107
107
107
107
107
107
107
107
107
107
107
107
107
107
107
107
107
107
107
107
107
107
107
107
107
107
107
107
107
107
92
106
106
106
106
106
106
106
106
106
106
106
106
106
106
106
106
106
106
106
106
106
106
106
106
106
106
106
106
106
106
106
106
106
106
106
106
106
106
106
106
106
106
106
106
106
106
106
106
106
106
106
106
106
106
106
106
106
106
99
29
22
92
105
105
105
105
105
105
105
105
105
105
105
105
105
105
105
105
105
105
105
105
105
105
105
105
105
105
105
105
105
105
105
105
105
105
105
105
105
105
105
105
105
105
105
105
105
105
105
105
105
105
105
105
105
105
105
105
105
105
77
98
42
77
49
104
90
104
104
104
104
104
104
104
104
104
104
104
104
104
104
104
104
104
104
104
104
104
104
104
104
90
104
104
104
104
104
104
104
104
104
104
104
104
104
104
104
104
104
104
104
104
104
104
104
104
104
104
104
104
104
97
104
104
69
90
27
103
103
103
103
103
103
103
103
103
103
103
103
103
103
103
75
68
103
103
103
103
103
103
103
103
103
103
103
103
103
103
103
103
82
103
103
103
103
103
103
103
89
19
96
102
102
102
102
102
102
102
102
102
102
102
102
102
102
102
102
102
102
102
102
102
102
102
102
102
102
102
102
102
102
102
102
102
102
88
32
94
101
101
101
101
101
101
101
101
101
101
101
101
101
101
101
101
101
101
101
101
101
101
101
101
101
101
101
101
101
101
101
101
101
101
101
101
101
101
101
101
101
101
101
101
101
101
101
101
101
101
101
38
100
100
100
100
100
100
100
100
100
100
100
100
100
100
100
100
100
100
100
100
100
100
100
100
100
100
100
100
100
100
100
100
100
100
100
100
100
100
100
100
100
100
100
100
100
100
100
51
93
86
100
99
99
99
99
99
99
99
99
99
99
99
99
99
99
99
99
99
99
99
99
99
99
99
99
99
99
99
99
99
99
99
99
99
99
99
99
99
99
99
99
64
36
36
99
98
98
98
98
98
98
98
98
98
98
98
98
98
98
98
98
98
98
98
98
98
98
98
98
98
98
98
98
98
98
98
98
98
98
98
98
98
98
98
98
98
91
91
84
97
97
97
97
97
97
97
97
97
97
97
97
97
97
97
97
97
90
97
97
97
97
97
97
97
97
97
97
97
97
97
97
97
97
97
97
97
97
97
97
97
97
97
90
97
97
97
97
97
97
97
48
13
41
96
96
96
96
96
96
96
96
96
96
96
96
96
96
96
96
96
96
96
96
96
96
96
96
96
96
96
96
96
96
96
96
96
96
96
96
96
96
96
96
96
96
96
96
96
96
96
96
96
96
96
96
96
96
96
96
96
96
96
89
89
33
19
95
95
95
88
95
95
95
95
95
95
95
95
95
95
95
95
95
95
95
95
95
95
95
95
95
95
95
95
95
95
95
95
95
95
95
95
95
95
95
95
95
95
95
95
95
95
95
95
95
95
95
95
95
95
95
95
95
95
95
81
67
81
18
25
32
94
94
94
94
94
94
94
94
94
94
94
94
94
94
94
94
94
94
94
94
94
94
94
94
94
94
94
94
94
94
94
94
94
94
94
94
94
94
94
94
94
94
94
94
94
94
94
94
94
94
94
87
87
80
17
24
17
24
79
86
93
93
93
93
93
93
93
93
93
93
93
93
93
93
93
93
93
93
93
93
93
93
93
93
93
93
93
93
93
93
93
93
93
93
93
93
93
93
93
93
93
93
93
93
93
93
93
93
93
93
93
93
93
93
93
93
93
93
93
93
93
93
58
30
16
92
92
92
92
92
92
92
92
92
92
92
92
92
92
92
92
92
92
92
92
92
92
92
92
92
92
92
92
92
92
92
92
92
92
92
92
92
92
92
92
92
92
92
92
92
92
92
92
92
92
92
92
92
92
92
92
92
92
92
92
92
92
92
92
92
92
92
92
92
92
92
92
92
92
92
92
92
64
50
15
91
91
91
91
91
91
91
91
91
91
91
91
91
91
91
91
91
91
91
91
91
91
91
91
91
91
91
91
91
91
91
91
91
91
91
91
91
91
91
91
91
91
91
91
91
91
91
91
91
91
91
91
91
91
91
91
14
90
90
90
90
90
90
90
90
90
90
90
90
90
90
90
90
90
90
90
90
90
90
90
90
90
90
90
90
90
90
90
90
90
90
90
90
90
90
90
90
90
90
90
90
90
90
90
90
90
90
90
90
90
90
90
90
90
90
90
90
90
90
90
90
90
90
90
90
90
90
90
90
20
13
48
27
20
89
89
89
89
89
89
89
89
89
89
89
89
89
89
89
89
89
89
89
89
89
89
89
89
89
89
89
89
89
89
89
89
89
89
89
89
89
89
89
89
89
89
89
89
89
89
89
89
89
89
89
89
89
89
89
89
89
89
89
89
89
89
89
89
12
88
88
88
88
88
88
88
88
88
88
88
88
88
88
88
88
88
88
88
81
88
88
88
88
88
88
88
88
88
88
88
88
88
88
88
88
88
88
88
88
88
88
88
88
88
88
88
88
88
88
88
88
88
88
88
88
88
88
88
88
88
88
88
25
87
87
87
87
87
87
87
87
87
87
87
87
87
87
87
87
87
87
87
87
87
87
87
87
87
87
87
87
87
87
87
87
87
87
87
87
87
87
52
59
80
79
86
86
86
86
86
86
86
86
86
86
86
86
86
86
86
86
86
86
86
86
86
86
86
86
86
86
86
86
86
86
86
86
86
86
86
86
86
86
86
86
86
86
86
86
86
86
86
86
86
86
86
86
86
86
86
86
72
79
16
16
37
23
23
78
85
85
85
85
85
85
85
85
85
85
85
85
85
85
85
85
85
85
85
85
85
85
85
85
85
85
85
85
85
85
85
85
85
85
85
85
85
85
85
85
85
85
85
85
85
85
85
85
85
85
85
85
85
85
85
85
85
85
85
85
85
85
22
15
87
70
77
84
84
84
84
84
84
84
84
84
84
84
84
84
84
84
84
84
84
84
84
84
84
77
84
84
84
84
84
84
84
84
84
84
84
84
84
84
84
84
84
84
84
84
84
84
84
84
84
84
84
84
84
84
84
84
84
84
84
84
84
84
84
84
84
84
84
84
84
84
84
84
84
84
84
84
84
84
21
14
55
76
76
69
83
83
83
83
83
83
83
83
83
83
83
83
83
83
83
83
83
83
83
83
83
83
83
83
83
83
83
83
83
83
83
83
83
83
83
83
83
83
83
83
83
83
83
83
83
83
83
83
83
83
83
83
83
83
83
83
83
83
83
20
48
62
82
82
82
82
82
82
82
82
82
82
82
82
82
82
82
82
82
82
82
82
82
82
82
82
82
82
82
82
82
82
82
82
82
82
82
82
82
82
82
82
82
82
82
82
82
82
82
82
82
82
82
82
82
82
82
82
82
82
82
82
82
82
12
81
81
81
81
81
81
81
81
81
81
81
81
81
81
81
81
81
81
81
81
81
81
81
81
81
81
81
81
81
81
81
81
81
81
81
81
81
81
81
81
81
81
81
81
81
81
81
81
81
81
81
81
81
81
81
81
81
81
81
81
81
81
81
81
81
81
81
81
81
81
81
81
81
81
67
18
18
74
74
18
11
81
80
80
80
80
80
80
80
80
80
80
80
80
80
80
80
80
80
80
80
80
80
80
80
80
80
80
80
80
80
80
80
80
80
80
80
80
80
80
80
80
80
80
80
80
80
80
80
80
80
80
80
80
80
80
80
80
80
80
80
80
80
80
80
80
80
80
80
80
80
80
80
80
80
80
80
80
80
52
66
38
17
73
17
17
72
65
79
79
79
79
79
79
79
79
79
79
79
79
79
79
79
79
79
79
79
79
79
79
79
79
79
79
79
79
79
79
79
79
79
79
79
79
79
79
79
79
79
79
79
79
79
79
79
79
79
79
79
79
79
79
79
79
79
79
79
79
79
79
79
16
16
16
16
80
78
78
78
78
78
78
78
78
78
78
78
78
78
78
78
78
78
78
78
78
78
78
78
78
78
78
78
78
78
78
78
78
78
78
78
78
78
78
78
78
78
78
78
78
78
78
78
78
78
78
78
78
78
78
78
78
78
78
78
78
78
78
78
78
78
78
78
15
15
70
77
77
77
77
77
77
77
77
77
77
77
77
77
77
77
77
77
77
77
77
77
77
77
77
77
77
77
77
77
77
77
77
77
77
77
77
77
77
77
77
77
77
77
77
77
77
77
77
77
77
77
77
77
77
77
77
77
35
70
14
14
14
14
14
76
76
76
76
76
76
76
76
76
76
76
76
76
76
76
76
76
76
76
76
76
76
76
76
76
76
76
76
76
76
76
76
76
76
76
76
76
76
76
76
76
76
76
76
76
76
76
76
76
76
76
76
76
76
76
76
76
13
13
13
75
75
75
75
75
75
75
75
75
75
75
75
75
75
75
75
75
75
75
75
75
75
75
75
75
75
75
75
75
75
75
75
75
75
75
75
75
75
75
75
75
75
75
75
75
75
75
75
75
75
75
75
75
75
75
75
75
75
75
75
75
75
75
75
75
75
75
75
75
74
74
74
74
74
74
74
74
74
74
74
74
74
74
74
74
74
74
74
74
74
74
74
74
74
74
74
74
74
74
74
74
74
74
74
74
74
74
74
74
74
74
74
74
74
74
74
74
74
74
74
74
74
74
74
74
74
74
74
74
74
74
74
74
74
74
74
74
74
74
74
74
74
74
74
74
74
74
74
74
74
74
74
74
74
74
74
74
74
74
74
67
11
11
11
11
11
73
73
73
73
73
73
73
73
73
73
73
73
73
73
73
73
73
73
73
73
73
73
73
73
73
73
73
73
73
73
73
73
73
73
73
73
73
73
73
73
73
73
73
73
73
73
73
73
73
73
73
73
73
73
73
73
73
73
73
73
73
73
73
73
73
73
73
73
73
73
73
73
73
73
10
10
73
72
72
72
72
72
72
72
72
72
72
72
72
72
72
72
72
72
72
72
72
72
72
72
72
72
72
72
72
72
72
72
65
72
72
72
72
72
72
72
65
72
72
72
72
72
72
72
72
72
72
72
72
72
72
72
72
72
72
72
72
72
72
72
72
72
72
72
72
72
72
51
58
58
71
71
71
71
71
71
71
71
71
71
71
71
71
71
71
71
71
71
71
71
71
71
71
71
71
71
71
71
71
71
71
71
71
71
71
71
71
71
71
71
71
71
71
71
71
71
71
71
71
71
71
71
71
71
71
71
71
71
71
71
71
71
71
71
71
71
71
71
71
71
71
71
71
71
71
71
71
71
71
71
71
71
71
71
71
71
71
71
71
71
64
64
64
64
63
70
70
70
70
70
70
70
70
70
70
70
70
70
70
70
70
70
70
70
70
70
70
70
70
70
70
70
70
70
70
70
70
70
70
70
70
70
70
70
70
70
70
70
70
70
70
70
70
70
70
70
70
70
70
70
70
70
70
70
70
70
70
70
70
70
70
70
70
70
70
70
70
70
70
70
70
70
70
70
70
70
70
70
70
70
70
69
69
69
69
69
69
69
69
69
69
69
69
69
69
69
69
69
69
69
69
69
69
69
69
69
69
69
69
69
69
69
69
69
69
69
69
69
69
69
69
69
69
69
69
69
69
69
69
69
69
69
69
69
69
69
69
69
69
69
69
69
69
69
69
69
69
69
69
69
69
69
69
69
69
69
69
69
69
69
69
69
62
62
68
68
68
68
68
68
68
68
68
68
68
68
68
68
68
68
68
68
68
68
68
68
68
68
68
68
68
68
68
68
68
68
68
68
68
68
68
68
68
68
68
68
68
68
68
68
68
68
68
68
68
68
68
68
68
68
68
68
68
68
68
68
68
68
68
68
68
68
68
68
68
68
68
68
68
68
68
68
68
68
67
67
67
67
67
67
67
67
67
67
67
67
67
67
67
67
67
67
67
67
67
67
67
67
67
67
67
67
67
67
67
67
67
67
67
67
67
67
67
67
67
67
67
67
67
67
67
67
67
67
67
67
67
67
67
67
67
67
67
67
67
67
67
67
67
67
67
67
67
67
67
67
67
67
67
67
67
67
67
67
67
67
67
67
67
66
66
66
66
66
66
66
66
66
66
66
66
66
66
66
66
66
66
66
66
66
66
66
66
66
66
66
66
66
66
66
66
66
66
66
66
66
66
66
66
66
66
66
66
66
66
66
66
66
66
66
66
66
66
66
66
66
66
66
66
66
66
66
66
66
59
66
66
66
66
66
66
66
66
66
66
66
52
65
65
65
65
65
65
65
65
65
65
65
65
65
65
65
65
65
65
65
65
65
65
65
65
65
65
65
65
65
65
65
65
65
65
65
65
65
65
65
65
65
65
65
65
65
65
65
65
65
65
65
65
65
65
65
65
65
65
65
65
65
65
65
65
65
65
65
65
65
65
65
65
65
65
65
65
65
65
65
65
65
65
65
65
65
65
65
65
65
65
65
44
64
64
64
64
64
64
64
64
64
64
64
64
64
64
64
64
64
64
64
64
64
64
64
64
64
64
64
64
64
64
64
64
64
64
64
64
64
64
64
64
64
64
64
64
64
64
64
64
64
64
64
64
64
64
64
64
64
64
64
64
64
64
64
64
64
64
64
64
64
64
64
64
64
64
64
64
64
64
64
64
64
64
64
64
64
64
64
64
64
56
63
63
63
63
63
63
63
63
63
63
63
63
63
63
63
63
63
63
63
63
63
63
63
63
63
63
63
63
63
63
63
63
63
63
63
63
63
63
63
63
63
63
63
63
63
63
63
63
63
63
63
63
63
63
63
63
63
63
63
63
63
63
63
63
63
56
48
62
62
62
62
62
62
62
62
62
62
62
62
62
62
62
62
62
62
62
62
62
62
62
62
62
62
62
62
62
62
62
62
62
62
62
62
62
62
62
62
62
62
62
62
62
62
62
62
62
62
62
62
62
62
62
62
62
62
62
62
62
62
62
62
62
62
62
62
62
62
62
62
62
62
62
62
62
62
62
62
62
62
62
62
62
62
62
62
62
62
62
62
62
62
62
62
62
62
62
62
62
62
62
62
62
62
48
61
61
61
61
61
61
61
61
61
61
61
61
61
61
61
61
61
61
61
61
61
61
61
61
61
61
61
61
61
61
61
61
61
61
61
61
61
61
61
61
61
61
61
61
61
61
61
61
61
61
61
61
61
61
61
61
61
61
61
61
61
61
61
61
61
61
61
61
61
61
61
61
61
61
61
61
61
61
61
61
61
61
61
61
61
61
61
61
54
60
60
60
60
60
60
60
60
60
60
60
60
60
60
60
60
60
60
60
60
60
60
60
60
60
60
60
60
60
60
60
60
60
60
60
60
60
60
60
60
60
53
60
60
60
60
60
60
60
60
60
60
60
60
60
60
60
60
60
60
60
60
60
60
60
60
60
60
60
60
60
60
60
60
60
60
60
60
60
60
60
60
60
60
60
60
60
60
60
60
60
60
60
60
60
60
60
60
60
60
60
60
60
59
59
59
59
59
59
59
59
59
59
59
59
59
59
59
59
59
59
59
59
59
59
59
59
59
59
59
59
59
59
59
59
59
59
59
59
59
59
59
59
59
59
59
59
59
59
59
59
59
59
59
59
59
59
59
59
59
59
59
59
59
59
59
59
59
59
59
59
59
59
59
59
59
59
59
59
59
59
59
59
59
59
59
59
59
59
59
59
59
59
59
59
59
59
59
59
59
59
59
59
59
59
59
59
59
59
59
59
59
59
59
59
59
59
59
59
59
59
59
59
59
59
59
52
51
58
58
58
58
58
58
58
58
58
58
58
58
58
58
58
58
58
58
58
58
58
58
58
58
58
58
58
58
58
58
58
58
58
51
58
58
58
58
58
58
58
58
58
58
58
58
58
58
58
58
58
58
58
58
58
58
58
58
58
58
58
58
58
58
58
58
58
58
58
58
58
58
58
58
58
58
58
58
58
58
58
58
58
58
58
58
58
58
58
58
58
58
58
58
58
58
58
58
58
51
58
58
58
58
58
36
57
57
57
57
57
57
57
57
57
57
57
57
57
57
57
57
57
57
57
57
57
57
57
57
57
57
57
57
57
57
57
57
57
57
57
57
57
57
57
57
57
57
57
57
57
57
57
57
57
57
57
57
57
57
57
57
50
57
57
57
57
57
57
57
57
57
57
57
57
57
57
57
57
57
57
57
57
57
57
57
57
57
57
57
57
57
57
57
57
57
57
57
57
57
57
57
57
57
57
57
57
57
43
57
49
56
56
56
56
56
56
56
56
56
56
56
56
56
56
56
56
56
56
56
56
56
56
56
56
56
56
56
56
56
56
56
56
56
56
56
56
56
56
56
56
56
56
56
56
56
56
56
56
56
56
56
56
56
56
56
56
56
56
56
56
56
56
56
56
56
56
56
56
56
56
56
56
56
56
56
56
56
56
56
56
56
56
56
56
56
56
56
56
56
56
56
56
56
56
56
56
56
56
56
55
48
55
55
55
55
55
55
55
55
55
55
55
55
55
55
55
55
55
55
55
55
55
55
55
55
55
55
55
55
55
55
55
55
55
55
55
55
55
55
55
55
55
55
55
55
55
55
55
55
55
55
55
55
55
55
55
55
55
55
55
55
55
55
55
55
55
55
55
55
55
55
55
55
55
55
55
55
55
55
55
55
55
55
55
55
55
55
55
55
55
55
55
55
55
55
55
55
55
55
55
54
54
54
54
54
54
54
54
54
54
54
54
54
54
54
54
54
54
54
54
54
54
54
54
54
54
54
54
54
54
54
54
54
54
54
54
54
54
54
54
54
54
54
54
54
54
54
54
54
54
54
54
54
54
54
54
54
54
54
54
54
54
54
54
54
54
54
54
54
54
54
54
54
54
54
54
54
54
54
54
54
54
54
54
54
54
54
54
54
54
54
54
54
54
54
54
54
54
54
54
54
54
54
54
54
54
54
54
54
54
54
54
54
54
54
54
53
53
53
53
53
53
53
53
53
53
53
53
53
53
53
53
53
53
53
53
53
53
53
53
53
53
53
53
53
53
53
53
53
53
53
53
53
53
53
53
53
53
53
53
53
53
53
53
53
53
53
53
53
53
53
53
53
53
53
53
53
53
53
53
53
53
53
53
53
53
53
53
53
53
53
53
53
53
53
53
53
53
53
53
53
53
53
53
53
53
53
53
53
46
52
52
52
52
52
52
52
52
52
52
52
52
52
52
52
52
52
52
52
52
52
52
52
52
52
52
52
52
52
52
52
52
52
52
52
52
52
52
52
52
52
52
52
52
52
52
52
52
52
52
52
52
52
52
52
52
52
52
52
52
52
52
52
52
52
52
52
52
52
52
52
52
52
52
52
52
52
52
52
52
52
52
52
52
52
52
52
52
52
52
52
52
52
52
52
52
52
52
52
52
52
52
52
52
52
52
53
51
51
51
51
51
51
51
51
51
51
51
51
51
51
51
51
51
51
51
51
51
51
51
51
51
51
51
51
51
51
51
51
51
51
51
51
51
51
51
51
51
51
51
51
51
51
51
51
51
51
51
51
51
51
51
51
51
51
51
51
51
51
51
51
51
51
51
51
51
51
51
51
51
51
51
51
51
51
51
51
51
51
51
51
51
51
51
51
51
50
50
50
50
50
50
50
50
50
50
50
50
50
50
50
50
50
50
50
50
50
50
50
50
50
50
50
50
50
50
50
50
50
50
50
50
50
50
50
50
50
50
50
50
50
50
50
50
50
50
50
50
50
50
50
50
50
50
50
50
50
50
50
50
50
50
50
50
50
50
50
50
50
50
50
50
50
50
50
50
50
50
50
50
50
50
50
50
50
50
50
50
50
50
50
50
50
49
49
49
49
49
49
49
49
49
49
49
49
49
49
49
49
49
49
49
49
49
49
49
49
49
49
49
49
49
49
49
49
49
49
49
49
49
49
49
49
49
49
49
49
49
49
49
49
49
49
49
49
49
49
49
49
49
49
49
49
49
49
49
49
49
49
49
49
49
49
49
49
49
49
49
49
49
49
49
49
49
49
49
49
49
49
49
49
49
48
48
48
48
48
48
48
48
48
48
48
48
48
48
48
48
48
48
48
48
48
48
48
48
48
48
48
48
48
48
48
48
48
48
48
48
48
48
48
48
48
48
48
48
48
48
48
48
48
48
48
48
48
48
48
48
48
48
48
48
48
48
48
48
48
48
48
48
48
48
48
48
48
48
48
48
48
48
48
48
48
48
48
48
48
48
47
47
47
47
47
47
47
47
47
47
47
47
47
47
47
47
47
47
47
47
47
47
47
47
47
47
47
47
47
47
47
47
47
47
47
47
47
47
47
47
47
47
47
47
47
47
47
47
47
47
47
47
47
47
47
47
47
47
47
47
47
47
47
47
47
47
47
47
47
47
47
47
47
47
47
47
47
47
47
47
47
47
47
47
47
47
47
47
47
47
32
46
46
46
46
46
46
46
46
46
46
46
46
46
46
46
46
46
46
46
46
46
46
46
46
46
46
46
46
46
46
46
46
46
46
46
46
46
46
46
46
46
46
46
46
46
46
46
46
46
46
46
46
46
46
46
46
46
46
46
46
46
46
46
46
46
46
46
45
45
45
45
45
45
45
45
45
45
45
45
45
45
45
45
45
45
45
45
45
45
45
45
45
45
45
45
45
45
45
45
45
45
45
45
45
45
45
45
45
45
45
45
45
45
45
45
45
45
45
45
45
45
45
45
45
45
45
45
45
45
45
45
45
45
45
45
45
45
45
45
45
45
45
45
45
44
44
44
44
44
44
44
44
44
44
44
44
44
44
44
44
44
44
44
44
44
44
44
44
44
44
44
44
44
44
44
44
44
44
44
44
44
44
44
44
44
44
44
44
44
44
44
44
44
44
43
43
43
43
43
43
43
43
43
43
43
43
43
43
43
43
43
43
43
43
43
43
43
43
43
43
43
43
43
43
43
43
43
43
43
43
43
43
43
43
43
43
43
43
43
43
43
43
43
43
43
43
43
43
43
43
43
43
43
43
42
42
42
42
42
42
42
42
42
42
42
42
42
42
42
42
42
42
42
42
42
42
42
42
42
42
42
42
42
42
42
42
42
42
42
42
42
42
42
42
42
42
42
42
41
41
41
41
41
41
41
41
41
41
41
41
41
41
41
41
41
41
41
41
41
19
40
40
40
40
40
40
40
40
40
40
40
40
40
40
40
40
40
40
40
40
40
40
40
40
39
39
39
39
39
39
39
39
39
39
39
39
39
39
39
38
38
38
38
38
37
37
37
37
37
37
36
36
36
35
35
35
34
34
34
19
