7385
2585
2190
1600
1374
1253
1139
1065
974
908
846
834
738
728
701
696
688
676
670
661
661
658
3226585
650
608
585
575
565
560
520
508
505
500
458
440
432
425
411
403
399
397
396
378
371
368
364
360
349
346
342
341
339
337
323
320
320
319
313
303
300
298
297
296
295
285
283
279
278
277
276
273
268
259
259
255
255
19834
241
241
240
240
239
239
236
232
230
228
223
222
222
219
219
218
214
212
212
207
207
207
205
205
205
202
967910
199
198
196
195
193
193
191
190
187
183
183
182
182
181
181
179
179
178
177
177
175
173
171
167
167
167
167
166
164
163
162
162
161
160
158
157
156
156
155
151
151
150
148
147
145
143
142
139
136
135
135
133
132
132
633581
131
130
130
128
128
128
126
125
124
123
123
119
118
118
117
117
116
116
115
114
113
112
112
112
112
112
111
110
110
109
108
108
107
107
106
104
103
102
102
102
101
101
505789
100
98
33298
93
93
93
93
92
91
91
91
91
90
90
90
89
89
89
88
88
88
88
88
87
86
86
174
84
84
83
82
82
80
78
77
369492
75
73
73
73
73
73
72
70
69
68
68
66
65
65
64
63
62
62
61
61
61
61
60
60
60
57
56
55
55
152
54
52
48
48
36224
47
217652
208087
192205
42
1007
245
2194
140257
351
258
136393
132345
1787
110900
280
297
106649
59430
97205
907
96001
3440
333
88176
11098
84373
85215
20177
74736
283
77659
307
81677
78532
813
320
73591
207
2729
13155
2600
59147
1591
56656
111
55471
658
146
38806
1985
18711
53954
51143
53784
261
49443
46249
160
50004
9714
42755
3920
99
39100
17682
139
561
41755
6043
9001
34938
28666
151
13404
35687
1303
33317
31152
886
32767
131
1008
30779
29536
31109
599
30809
29329
31414
28682
29696
28154
28627
464
21417
27424
3593
29521
27516
27462
25302
27131
13791
26245
25933
24795
390
6089
24832
24222
22326
24507
24235
22696
9081
22997
22515
145
64
21000
450
20582
21153
21291
387
20684
17891
68
20645
8827
19863
444
20670
19942
75
18882
20130
56
19895
1057
19307
19720
19017
18631
2257
17642
16969
12885
17797
18508
85
9929
16935
14011
15961
18149
15670
15414
16863
15870
5012
15295
15153
14430
15651
13682
340
14667
2805
12960
13223
14770
12624
13842
13191
8536
14291
187
12561
13411
13490
2356
13662
139
11562
9444
12250
12426
5077
1198
257
302
739
190
12492
13144
12864
11267
2191
11354
651
12304
300
11453
4962
12046
1030
10913
1097
11012
3640
11085
11237
10188
11039
10764
12230
10941
371
10372
10002
9757
9868
10328
10287
10329
9857
9746
9757
341
9032
9085
137
9319
9783
180
8879
8584
10010
9422
8523
9042
8257
7451
37
8476
9168
7731
707
125
8781
8637
2988
167
8177
8475
8064
8477
8250
4488
8397
8203
8279
7923
8430
7595
8130
8770
8164
5083
7692
7994
7698
8040
7407
8540
8161
7675
7599
7383
7154
7346
7103
5845
7505
194
178
141
7034
8296
7433
6893
409
7577
7566
7761
7356
7358
6818
547
7038
214
6659
8107
7020
7565
65
3024
439
4122
6438
6684
6806
6663
678
5776
6492
6108
6065
2604
6565
5928
6011
6255
5729
6029
6336
5588
159
2634
2657
1076
390
39
5166
955
1763
6145
783
5825
5878
5862
5996
2476
5462
5580
4171
1483
1863
1386
5372
5326
5427
5304
5821
5512
5214
5246
5260
79
5295
5478
5013
200
99
4223
5434
4878
5105
5082
4924
322
20
5115
4751
4733
4720
2395
4621
4894
2905
2816
78
98
4693
4481
1222
4417
979
4475
12
5021
284
4368
786
4041
4420
4321
4203
1028
55
11
4187
4583
24
4571
4443
4203
4427
4128
4114
4073
49
4053
4063
4026
4124
4930
4285
3975
3975
4050
4093
74
94
4524
4501
4119
1902
3883
3880
3942
470
2472
3856
4029
3845
60
3969
434
3798
3781
47
3759
3602
576
3768
3753
3926
3765
3738
3902
3382
105
2136
3660
3660
1069
3634
333
3629
3628
3763
3624
3827
3553
3708
1979
3805
3427
3469
59
3543
3744
2152
3640
465
3474
3603
76
3419
3396
3493
1071
380
3624
1206
1326
3219
3340
3339
3534
2443
3361
3183
3325
89
3318
3301
1150
1414
3260
3409
3245
3242
405
3237
3312
1355
3207
153
583
1887
3318
3131
2430
97
338
3555
3189
3171
3294
205
3095
2714
3061
3110
3113
3051
3203
3683
3177
3015
3014
3006
3007
3011
2974
100
246
2971
47
295
2976
59
3174
2914
2991
2916
29
3059
2984
3052
2894
110
2992
2873
3012
2867
2859
2863
2861
2865
1996
3070
2832
2988
129
2826
2843
2820
2947
553
2800
1128
111
2828
2790
2174
1322
2837
113
2753
2735
2735
45
1863
632
2702
2804
485
2659
2657
2637
454
2629
2674
69
2706
2617
2620
2611
2611
2628
66
2411
1326
2585
2827
2571
2566
2570
2563
415
2557
2555
2555
1774
2558
71
2523
2514
90
2505
110
579
2495
375
2547
853
2491
2469
2468
2504
287
2390
73
2450
60
329
2420
2419
2470
2412
2411
2477
2404
1562
2323
2490
2385
2385
1576
2381
2377
2383
2379
306
2676
2359
2357
2553
2356
2422
2344
2374
2337
331
2453
2325
2350
2310
2358
2305
2300
558
2284
2283
2286
137
2271
2307
2284
2289
2273
2258
2255
2252
2273
452
2245
2252
96
2544
2219
2539
2220
2217
859
86
44
2210
2214
2198
2218
2196
2177
2181
2235
2173
2174
2179
2218
2145
2053
2131
2225
2146
2139
2136
2126
757
193
471
2111
225
1330
2087
34
1456
2082
2077
2215
2062
2062
1002
951
132
2049
196
2056
1336
2043
2040
2034
2040
2023
2018
134
380
2028
2002
1998
1997
1998
2019
250
1991
2010
430
1408
2001
1978
2105
1774
1962
1960
1959
1966
1157
1957
1949
1943
1943
1422
135
1805
227
1923
190
1918
1911
1911
1903
1901
1897
1895
1893
1887
195
67
497
1884
1871
501
1864
1863
1863
1868
1332
335
1857
1851
1850
470
231
1848
1819
1844
175
1841
47
1829
298
1815
1811
1809
1807
1803
517
383
1790
1556
1850
118
82
1771
1772
780
1736
1756
1752
1750
1747
1741
1750
1782
1687
1436
1733
1748
736
146
1725
1717
1714
1715
1704
101
1128
1702
1703
1697
1696
1668
1701
295
67
1689
1729
1698
1813
1682
1681
1184
1678
1685
1645
1668
1699
1676
1657
1659
149
1652
1117
1646
1747
1647
33
1638
1642
1645
1629
1599
1626
1641
1623
1619
1609
1607
1606
1605
947
1609
1602
1603
1602
1130
1598
1596
1600
1872
1593
1593
1592
1592
1184
1588
1587
1586
1582
1581
1576
1576
228
1594
171
253
1559
121
1566
1552
1101
1548
852
1540
1539
1538
115
1535
1586
1532
1529
1527
1532
1531
1528
1553
1523
1517
1314
1518
1512
189
1523
1510
1510
1509
1499
204
1359
1490
1469
1471
1467
1243
1706
1471
359
1463
1472
1456
35
1453
1452
1459
883
1443
202
1435
1432
1430
1427
1436
1434
1422
1421
1420
195
1418
252
1417
1419
1413
1430
1411
1411
1410
1409
1409
1408
1413
25
1405
1405
1401
1399
1048
1402
1396
1396
503
1397
1392
1391
1391
566
1389
1388
1392
1370
289
1366
712
339
1363
79
502
1358
1355
1356
1354
1351
420
1350
1350
1348
172
1349
1347
673
1344
1345
1339
1336
1336
1334
1333
1326
261
1322
1321
39
1320
332
1323
135
177
1317
1319
1315
1285
1281
1313
1310
1309
1309
188
1310
1305
1305
1304
72
918
444
1297
1296
1293
1048
292
88
1291
1290
1288
1288
1285
261
1282
1282
1295
1278
1276
1270
1270
1269
335
1261
1259
1259
32
1256
1258
1253
1250
319
1254
1249
1247
1248
1028
1243
1239
1239
1237
1233
1236
719
1228
719
1222
1242
1221
156
1218
1217
82
1214
1077
1203
1203
299
1201
1200
1198
1200
873
1194
109
1193
1193
1187
232
1182
1180
1177
1169
1175
1172
1171
1171
1170
1170
1167
1167
19
1171
1164
1164
1161
1159
1160
1158
1158
1157
1031
1155
1155
1133
1151
1144
1150
1149
1149
1147
229
115
226
1142
1141
1141
1140
1138
514
1136
1135
1135
1134
1133
89
1130
1128
1128
1128
1046
1124
1122
1122
1120
1118
1117
11
1116
1116
1115
22
1113
1181
1108
1108
1107
190
111
936
1103
1107
1099
1098
1098
1101
1099
1096
1096
1095
1094
968
644
1091
1094
1158
198
198
1090
1083
1083
1082
1082
1082
1083
1081
1080
688
1079
1080
1075
1073
1073
310
1074
1072
967
1071
1067
17
1066
338
1064
1104
851
165
1025
1057
1057
280
1054
1072
1053
1053
23
1051
1051
1050
1049
1049
278
1152
1048
1047
1051
1044
1043
1043
1043
1044
1045
1042
1045
432
19
1040
1040
1038
1039
1036
63
14
1035
1034
1051
1032
1031
1030
1029
1028
935
1024
1023
215
1017
1016
363
1012
1009
1009
1008
1007
1006
1004
1007
1003
1003
1002
1001
1000
1000
76
998
998
998
997
997
1004
996
994
945
994
538
993
992
991
990
989
989
986
986
986
986
986
972
985
986
983
982
982
954
981
981
979
256
976
976
975
974
974
973
969
969
241
968
30
967
972
203
968
964
964
943
481
963
960
958
958
958
956
959
955
955
953
953
953
952
952
951
949
947
366
945
943
124
942
235
940
939
357
538
1258
914
872
937
934
932
930
929
929
927
926
205
930
958
925
925
925
923
118
922
922
922
930
920
920
108
919
919
922
917
916
915
914
913
912
65
911
911
903
910
902
349
111
908
908
907
905
904
155
882
902
902
902
903
900
902
899
899
898
835
252
896
425
893
220
891
541
891
889
889
265
118
887
887
887
887
886
886
886
886
214
885
115
885
884
881
881
880
96
879
879
879
130
880
878
878
796
877
877
877
149
876
876
876
568
874
846
873
873
460
872
871
871
868
868
868
868
867
866
116
178
863
65
862
862
862
860
860
860
859
859
858
857
856
856
855
855
827
854
854
854
854
147
853
852
851
851
849
848
106
106
847
847
845
844
744
841
841
842
838
836
836
836
276
834
834
182
636
831
831
830
830
850
829
829
829
829
827
826
827
829
110
823
704
822
822
824
821
44
820
818
663
816
816
102
815
815
813
799
812
154
811
811
809
808
808
811
804
804
804
804
713
803
802
802
802
802
452
801
801
800
800
800
800
801
540
329
797
587
286
796
794
793
793
792
792
792
785
176
791
70
790
790
788
788
788
788
787
787
784
784
182
783
861
782
782
781
780
780
781
779
778
777
776
83
776
264
774
46
774
773
776
283
709
770
301
77
698
767
767
767
767
767
765
765
765
296
764
763
763
763
763
763
768
762
762
314
761
761
761
760
761
760
759
758
660
757
757
756
56
754
754
753
704
760
752
752
751
177
760
750
751
749
196
629
746
186
745
745
745
744
744
72
93
743
741
734
132
34
741
740
740
739
738
738
199
737
736
736
736
36
735
735
734
733
733
733
733
732
732
732
732
733
731
731
730
128
729
729
50
729
727
727
727
726
726
726
460
271
292
728
726
725
725
724
726
723
723
492
149
722
722
722
721
21
720
720
719
718
718
717
716
625
717
715
714
713
713
712
712
712
712
712
353
709
708
701
707
706
706
707
705
418
54
705
705
705
703
702
701
701
702
700
700
259
699
699
69
698
698
698
698
697
697
697
696
696
695
693
693
692
691
691
691
670
691
690
689
771
688
688
681
170
686
686
679
686
154
91
685
684
96
683
683
683
682
682
682
682
233
37
680
680
679
679
679
266
678
678
678
132
677
26
676
676
676
676
676
347
675
674
674
673
673
672
672
154
671
670
670
668
668
668
667
667
667
639
317
666
666
659
665
665
637
664
664
19
662
662
661
661
660
660
660
603
658
651
657
657
13
34
656
656
124
657
655
655
654
653
652
85
651
650
649
642
243
649
649
648
648
165
102
647
647
646
645
645
645
645
644
644
616
661
643
643
642
299
641
361
102
645
640
640
639
639
638
646
636
636
636
328
635
635
600
383
33
634
634
634
634
634
634
633
633
631
631
631
22
630
182
629
629
174
76
629
628
628
628
628
628
628
627
627
627
627
557
627
626
626
626
626
101
625
625
625
65
624
624
624
624
624
624
622
622
622
624
621
621
621
621
620
403
619
619
619
618
618
618
618
618
618
611
128
617
617
617
617
617
43
618
616
609
616
615
615
90
614
614
614
208
173
110
613
613
613
137
612
584
115
616
611
611
65
610
610
609
609
609
609
609
608
607
607
606
605
605
262
10
604
604
604
44
603
603
602
588
14
733
600
600
103
75
603
599
592
599
598
143
58
596
595
595
595
77
596
552
482
630
593
593
320
592
592
592
592
18
591
591
591
409
590
590
590
590
590
591
589
589
589
15
85
588
588
588
588
581
70
587
587
587
587
475
586
586
586
292
586
585
585
585
109
584
584
584
584
584
10
583
583
582
581
581
441
203
189
580
580
580
580
160
579
579
578
165
584
577
577
577
577
577
535
576
233
575
575
575
575
575
574
574
574
434
126
573
573
573
573
573
48
572
572
571
571
571
571
550
570
570
570
570
569
569
457
568
568
568
568
568
567
567
434
566
566
565
565
564
564
228
563
563
563
562
107
561
561
561
22
560
560
560
357
294
70
559
559
559
558
558
558
557
557
466
556
556
555
555
555
436
65
554
553
553
525
559
553
552
552
552
552
552
552
552
62
557
551
19
561
550
550
18
549
549
549
549
549
549
150
548
548
548
547
547
547
547
547
302
22
15
546
546
112
548
545
545
545
545
538
19
68
543
543
473
102
542
542
542
541
541
541
541
30
544
540
540
540
540
540
525
603
538
538
538
537
467
334
33
12
536
536
536
536
536
312
536
535
535
535
535
534
534
534
534
535
533
533
526
505
532
525
14
531
531
531
530
530
530
530
529
529
529
529
521
528
528
528
528
115
545
527
527
527
520
485
526
526
323
15
15
525
525
525
525
504
280
524
524
528
523
523
523
522
522
522
522
235
88
11
521
521
479
297
522
520
520
520
519
519
512
491
225
518
518
517
517
517
517
517
516
516
515
515
515
515
514
514
513
513
513
513
492
114
65
514
512
512
512
505
511
511
511
511
77
510
510
244
510
509
509
509
509
509
509
511
508
508
305
507
507
507
507
507
508
506
506
79
506
505
505
505
505
505
537
504
504
504
504
504
490
63
63
503
503
503
503
62
502
502
502
500
500
500
500
500
430
499
499
499
499
485
359
457
338
498
498
498
498
491
498
497
497
497
496
496
496
496
496
300
495
495
495
453
40
494
494
494
494
494
424
151
495
493
493
497
492
492
492
492
492
491
491
491
490
490
203
492
489
489
454
489
41
488
488
481
264
61
488
487
487
487
487
487
480
445
489
486
486
304
490
485
485
485
485
485
485
485
485
457
422
484
484
484
484
484
484
358
483
483
483
482
482
482
482
482
482
475
481
481
481
481
481
480
480
480
480
480
137
479
472
479
479
479
479
52
478
478
478
478
478
37
477
477
120
477
476
476
476
469
476
475
349
104
474
474
474
474
473
473
473
472
472
472
472
471
471
471
457
470
470
470
134
455
469
469
441
468
468
468
468
468
433
265
467
467
292
467
466
466
465
465
465
465
465
467
464
464
464
464
142
58
463
463
463
463
463
463
463
463
71
462
462
462
461
461
461
461
461
461
461
460
460
460
460
460
404
250
54
459
459
459
459
459
458
458
458
458
458
458
458
458
457
457
457
457
450
456
456
456
456
456
455
455
455
455
455
454
454
454
454
453
453
453
453
201
452
452
452
417
200
451
451
451
451
297
346
73
59
471
450
450
275
170
449
449
449
449
449
448
448
448
448
448
448
448
427
447
447
447
447
132
446
446
89
445
445
445
445
445
445
445
444
444
444
444
444
444
443
443
443
443
443
442
442
441
441
441
440
440
440
55
439
439
215
438
438
438
438
438
438
438
438
438
438
151
437
437
437
437
437
436
436
436
429
44
435
435
434
434
434
434
434
434
434
434
434
434
434
433
433
433
433
433
432
432
432
432
432
432
433
440
431
431
431
431
46
430
430
430
430
430
430
430
429
429
429
429
429
429
428
428
428
428
428
428
428
428
427
427
154
126
426
426
426
426
426
426
55
425
425
425
425
425
425
425
424
424
424
417
144
67
423
423
423
423
423
395
422
422
422
422
422
422
422
421
421
421
420
420
420
419
419
419
419
419
419
419
419
209
418
418
418
418
417
417
417
228
39
416
416
416
416
416
52
415
415
415
415
415
86
419
414
414
414
323
413
413
413
259
412
412
412
412
412
412
412
411
411
411
411
411
411
369
75
61
410
410
410
410
410
410
242
409
409
409
409
409
409
402
408
408
43
407
406
406
406
406
406
406
371
84
406
405
405
405
405
405
405
83
404
404
404
404
404
404
403
403
403
403
403
403
403
403
403
402
402
402
402
402
402
401
401
401
401
401
401
44
400
400
400
400
204
50
400
336
399
399
399
399
399
398
398
398
398
398
397
397
397
397
397
396
396
396
396
151
395
395
395
395
395
395
394
394
394
394
387
393
393
393
393
393
393
393
392
392
392
392
392
392
392
392
392
392
392
392
84
391
391
391
391
174
390
390
390
390
390
390
390
390
334
389
389
389
389
389
388
388
388
388
52
387
387
387
387
387
387
387
387
386
386
386
386
386
386
386
183
385
210
154
356
384
384
384
384
384
384
48
48
383
383
383
383
383
383
383
89
61
388
385
382
382
53
381
381
381
206
143
80
380
380
380
380
380
51
380
379
379
379
365
378
378
378
378
378
381
377
377
377
377
377
377
377
356
195
376
376
376
376
376
376
376
376
376
375
375
375
375
375
375
375
32
374
374
374
374
374
374
374
373
373
373
100
51
372
372
372
372
372
372
371
371
371
371
371
371
371
379
370
370
370
370
370
370
370
370
370
34
369
369
369
369
369
369
355
368
368
368
368
368
361
312
319
95
367
367
367
367
367
136
366
366
366
366
366
44
37
365
365
365
365
365
365
365
365
365
365
134
364
364
364
364
364
294
70
363
363
363
363
363
363
342
362
362
362
361
361
361
361
361
361
361
361
361
361
144
360
360
360
360
360
360
360
360
164
94
45
361
359
359
359
359
359
359
359
359
338
72
359
358
358
358
358
358
358
337
239
162
357
357
357
357
357
203
356
356
356
355
355
355
355
357
354
354
354
200
360
355
353
353
220
80
24
354
352
352
352
352
352
352
352
352
352
337
351
351
351
351
176
141
29
351
350
350
350
350
350
350
266
133
35
349
349
349
349
349
244
125
348
348
348
348
348
348
348
348
348
306
347
347
347
347
347
347
346
346
346
346
345
345
345
345
345
345
345
344
344
344
344
344
344
344
344
344
337
29
343
343
343
343
343
343
343
21
344
364
342
342
342
342
342
342
342
48
27
341
341
341
341
340
340
340
340
340
102
341
339
339
339
339
339
339
339
339
339
339
220
24
338
338
338
338
338
338
338
337
337
337
337
281
336
336
336
336
336
336
336
336
336
336
335
335
335
335
335
335
335
336
334
334
334
334
334
334
334
334
333
333
333
326
319
242
332
332
332
332
332
332
10
331
331
331
331
16
330
330
330
330
330
330
330
330
329
329
329
329
329
329
329
245
77
328
328
328
328
230
327
327
327
327
327
327
327
327
96
326
326
326
326
326
326
326
326
325
325
325
325
325
325
325
325
324
324
324
324
324
324
324
324
324
324
72
65
323
323
323
323
323
323
323
323
316
57
322
322
322
322
322
322
322
322
168
324
321
321
321
321
321
321
321
321
321
322
320
320
320
320
320
320
320
320
323
319
319
319
319
319
319
319
319
319
81
318
318
318
317
317
317
317
317
317
317
317
317
317
317
317
317
317
58
316
316
316
316
316
316
316
316
316
113
315
315
315
315
315
315
315
315
63
354
314
314
314
314
314
314
314
314
314
314
69
313
313
313
313
313
313
313
313
313
40
314
312
312
312
312
312
311
311
311
311
311
311
311
311
304
150
94
310
310
310
303
310
275
65
309
309
309
309
309
309
309
309
309
309
309
120
308
308
308
308
308
308
307
307
307
307
307
307
307
307
307
307
308
306
306
306
306
306
306
306
306
306
306
306
306
229
305
305
305
305
305
305
305
305
305
305
305
305
305
305
305
305
304
304
304
304
304
297
304
304
304
262
66
303
303
303
303
303
303
303
303
23
307
302
302
302
302
302
302
113
301
301
301
301
301
301
301
301
301
301
294
63
300
300
300
300
300
300
300
300
300
300
300
188
299
299
299
75
298
298
298
298
298
298
298
298
298
298
207
249
88
290
297
297
297
297
297
296
296
296
296
296
296
296
296
296
296
226
295
295
295
295
295
281
295
294
294
294
294
294
294
294
294
294
294
294
294
231
286
293
293
293
293
293
293
293
293
293
293
293
293
292
292
292
292
292
292
292
292
292
292
292
292
40
291
291
291
291
291
291
291
291
291
291
291
291
291
291
291
291
46
290
290
290
290
290
290
290
87
38
291
289
289
289
289
289
289
289
289
289
289
289
293
288
288
288
288
288
288
288
281
281
43
287
287
287
287
287
287
287
287
287
287
287
286
286
286
286
286
286
286
286
285
285
285
285
285
285
285
285
103
26
26
26
284
284
284
284
284
284
284
284
214
172
283
283
283
283
283
283
283
283
283
255
282
282
282
282
282
114
283
281
281
281
281
281
281
281
281
281
281
281
281
281
22
78
78
280
280
280
280
280
280
280
280
252
70
279
279
279
279
279
279
279
279
279
272
279
125
90
280
278
278
278
278
278
278
278
278
278
278
278
68
277
277
277
277
277
277
277
277
277
277
32
276
276
276
276
276
276
276
276
276
276
276
276
276
276
276
276
276
276
275
275
275
275
275
275
275
275
275
275
275
254
156
135
72
23
274
274
274
274
274
274
211
273
273
273
273
273
273
189
272
265
272
272
272
272
272
272
272
272
272
237
48
34
271
271
271
271
271
271
271
271
271
271
271
271
159
33
54
270
270
270
270
270
270
270
270
270
270
270
270
270
270
270
270
270
270
270
165
270
269
269
269
269
269
269
269
269
269
269
269
269
17
59
268
268
268
268
268
268
268
268
268
268
268
268
268
268
267
267
267
267
267
267
267
267
267
267
267
267
267
267
267
260
267
267
267
259
266
266
266
266
266
266
266
231
147
265
265
265
265
265
265
265
265
265
265
265
265
265
265
265
265
125
264
264
264
264
264
264
264
264
264
250
82
263
263
263
263
263
263
263
263
263
263
263
263
67
262
262
262
262
262
262
262
262
262
262
262
262
262
261
261
261
261
240
261
261
261
261
261
261
261
261
198
260
260
260
260
260
260
260
260
260
197
259
259
259
259
259
259
259
259
259
252
126
258
258
258
258
258
258
258
258
257
257
257
257
257
257
257
257
257
257
257
257
257
257
187
256
256
256
256
256
256
256
256
256
256
256
256
256
256
256
256
256
228
255
255
255
255
255
255
255
255
255
255
45
254
254
254
254
254
254
254
254
254
254
254
254
163
163
254
253
253
253
253
253
253
253
169
252
252
252
252
252
252
252
252
252
252
251
251
251
251
251
251
251
251
251
251
251
251
251
251
132
250
250
250
250
250
250
250
250
250
250
250
250
250
250
250
250
250
47
249
249
249
249
74
248
248
248
248
248
248
248
248
248
248
248
150
247
247
247
247
247
247
247
247
247
247
240
233
247
247
219
86
51
246
246
246
246
246
246
246
246
245
245
245
245
245
245
245
245
245
245
245
245
238
244
244
244
244
244
244
244
244
244
244
216
202
69
55
246
243
243
243
243
229
243
243
243
243
243
243
243
243
243
152
89
242
242
242
242
242
242
242
242
242
242
242
242
242
242
242
242
242
241
241
241
241
241
241
241
241
241
241
241
246
240
240
240
240
240
240
240
240
240
240
240
51
241
239
239
239
239
239
239
239
239
239
239
239
239
239
140
238
238
238
238
238
238
238
238
238
238
238
238
126
238
237
237
237
237
237
237
237
237
237
237
237
237
237
188
230
34
41
236
236
236
236
236
236
236
236
236
236
236
236
236
235
235
235
235
235
235
235
235
235
235
235
235
235
235
235
235
235
235
235
227
234
234
234
234
234
234
234
234
234
234
234
234
234
234
234
234
234
234
233
233
233
233
233
233
233
233
233
233
233
233
233
79
234
235
232
232
232
232
232
232
232
232
232
232
232
232
232
232
232
232
232
218
232
162
134
196
231
231
231
231
231
231
231
231
231
231
231
140
84
28
230
230
230
230
230
230
230
230
229
229
229
229
229
229
229
229
229
229
229
152
230
228
228
228
228
228
228
228
228
228
228
228
228
227
227
227
227
227
227
227
227
227
227
227
227
227
227
227
227
227
227
229
226
226
226
226
226
226
226
226
226
226
226
226
226
226
226
226
226
37
190
225
225
225
218
218
225
225
225
225
225
225
225
225
225
225
225
225
225
225
225
225
225
225
120
224
224
224
224
224
224
224
224
224
224
224
224
224
224
224
224
224
223
223
223
223
223
223
223
223
223
223
223
223
223
223
223
223
27
27
68
222
222
222
222
222
222
222
222
222
222
222
222
222
222
103
179
221
221
221
221
221
214
221
221
221
221
221
221
207
221
88
74
25
122
220
220
220
220
220
220
220
220
220
220
220
220
220
213
220
220
220
31
38
221
72
205
219
219
219
219
219
219
219
219
219
219
219
219
219
44
44
57
204
190
218
218
218
218
218
218
218
218
218
218
218
218
218
218
218
162
57
43
217
217
217
217
217
217
217
217
217
217
217
217
146
216
216
216
216
216
216
216
216
216
216
216
216
216
216
216
216
216
216
216
216
216
216
216
216
159
215
215
215
215
215
215
215
215
215
215
215
215
215
215
215
215
215
215
215
117
139
214
214
214
214
214
214
214
214
214
214
214
214
214
214
214
214
214
214
214
214
214
213
213
213
213
213
213
213
213
213
213
213
213
213
213
213
213
213
24
150
213
23
212
212
212
212
212
212
212
212
212
212
212
212
212
212
212
212
212
212
212
93
158
162
127
211
211
211
211
211
211
211
211
211
211
211
211
211
211
211
211
211
211
211
211
211
211
211
211
211
211
169
210
210
210
210
210
210
210
210
210
210
210
210
210
210
63
209
209
209
209
209
209
209
209
209
209
209
209
209
209
209
209
209
209
209
209
209
124
208
208
208
208
208
208
208
208
208
208
208
208
208
208
207
207
207
207
207
207
207
200
207
207
207
207
207
207
207
207
207
193
207
207
207
206
206
206
206
206
206
206
206
206
206
206
206
206
206
206
206
206
101
206
206
31
206
205
205
205
205
205
205
205
205
205
205
205
205
205
205
205
205
205
205
205
205
205
205
205
204
204
204
204
204
204
204
204
204
204
204
204
204
204
204
204
204
204
204
204
204
204
204
204
204
140
203
203
203
203
203
203
203
203
203
203
203
84
203
203
13
146
202
202
202
202
202
202
202
202
202
202
202
202
202
202
131
110
138
201
201
201
201
201
201
201
201
201
201
201
201
201
201
201
201
201
67
46
200
200
200
200
200
200
200
200
200
200
200
200
200
200
200
200
200
200
200
200
200
200
200
200
200
202
185
199
199
199
199
199
199
199
199
199
199
44
198
198
198
198
198
198
198
198
198
198
198
198
198
198
198
198
198
198
198
198
198
183
197
197
197
197
197
197
197
197
197
197
197
197
197
197
197
205
182
196
196
196
196
196
196
196
196
196
196
196
196
196
196
160
195
195
195
195
195
195
195
195
195
195
195
195
195
195
195
195
195
195
188
195
195
195
195
195
195
89
75
117
194
194
194
194
194
194
194
194
194
194
194
194
194
194
194
194
194
102
67
193
193
193
193
193
193
193
193
193
193
193
193
193
193
193
193
193
193
193
193
193
193
129
73
192
192
192
192
192
192
192
192
192
192
192
192
192
192
192
192
192
192
192
192
192
192
51
184
191
191
191
191
191
191
191
191
191
191
191
191
191
191
191
191
191
191
191
191
43
190
190
190
190
190
190
190
190
190
190
190
190
190
190
190
190
190
190
190
190
190
190
183
63
140
168
189
189
189
189
189
189
189
189
189
189
189
189
189
189
189
69
62
104
132
188
188
188
188
188
188
188
188
188
188
188
188
188
188
188
188
187
187
187
187
187
187
187
187
187
187
187
187
103
186
186
186
186
186
186
186
186
186
186
186
186
186
186
186
186
186
186
186
45
80
59
185
185
185
185
185
185
185
185
185
185
185
185
185
185
185
185
185
185
178
185
185
185
185
185
185
185
37
58
149
184
184
184
184
184
184
177
184
184
184
184
184
184
184
184
184
184
184
184
184
184
184
184
184
184
184
184
127
155
183
176
183
183
183
183
183
183
183
183
183
183
183
183
183
183
169
183
183
183
182
182
182
182
182
182
182
182
182
182
182
161
182
182
182
182
182
182
182
182
182
182
182
182
182
182
182
182
181
181
181
181
181
181
181
181
181
181
181
181
181
181
181
181
181
181
181
54
180
180
180
180
180
180
180
180
180
180
180
180
180
180
180
180
180
166
180
180
179
179
179
179
179
179
179
179
179
179
179
179
179
179
179
179
165
179
179
179
179
179
179
172
180
87
59
108
178
178
178
178
178
178
178
178
178
178
178
178
178
178
178
171
178
51
177
177
177
177
177
177
177
177
177
177
177
177
177
177
177
177
177
177
177
36
176
176
176
176
176
176
176
176
176
176
176
176
176
176
176
176
176
176
176
176
176
28
175
175
175
175
175
175
175
175
175
175
175
175
175
175
175
175
175
175
175
175
175
175
175
147
48
174
174
174
174
174
174
174
174
174
174
174
174
174
174
174
174
174
174
174
174
174
174
174
174
174
174
103
173
173
173
173
173
173
173
173
166
173
173
173
173
173
173
173
173
173
173
39
25
46
60
109
172
172
172
172
172
172
172
172
172
172
172
172
172
172
172
172
172
172
172
172
172
172
172
172
172
172
172
172
172
24
115
150
171
171
171
171
171
171
171
171
171
171
171
171
171
171
171
171
171
171
171
171
171
121
170
170
170
170
170
170
170
170
163
170
170
149
170
170
170
170
170
170
170
170
170
170
170
163
43
64
169
169
169
169
169
169
169
169
169
169
169
169
169
169
169
169
169
169
169
162
169
169
169
169
169
42
119
168
147
168
168
168
168
168
168
168
168
168
168
168
168
168
168
168
168
168
168
168
168
168
168
168
168
168
168
168
168
168
168
169
76
167
167
167
167
167
160
167
167
167
167
167
167
167
167
167
167
167
167
167
166
166
166
166
166
166
166
166
166
166
166
166
166
166
166
166
166
166
166
166
166
166
166
18
18
25
158
165
165
165
165
165
165
165
165
165
165
165
165
165
165
165
165
165
165
165
165
165
165
165
158
165
165
151
165
136
164
164
164
164
164
164
164
164
164
164
164
164
164
164
157
44
156
107
163
163
163
163
163
163
163
163
163
163
163
163
121
163
163
163
163
163
163
163
163
163
163
163
163
163
163
22
92
162
162
162
162
162
162
162
162
162
162
162
162
162
162
162
162
162
162
162
162
162
162
162
162
162
28
98
77
161
161
161
161
161
161
161
161
161
161
161
161
161
161
161
161
161
161
161
161
161
161
161
161
161
34
160
160
160
160
160
160
160
160
160
160
160
160
160
160
160
160
160
160
160
160
160
160
68
89
159
159
159
159
159
159
159
159
159
159
159
159
159
159
159
159
159
159
159
159
159
159
159
159
159
159
159
159
159
159
159
159
60
88
137
158
158
158
158
158
158
158
158
158
158
158
158
158
158
158
158
158
158
158
158
158
158
158
158
17
94
136
136
157
157
157
157
157
157
157
157
157
157
157
157
157
157
157
157
157
157
157
157
143
157
157
157
157
23
142
156
156
156
156
142
156
156
156
156
156
156
156
156
156
156
156
156
156
156
156
156
156
156
156
156
156
156
156
156
156
156
156
156
156
156
78
155
155
155
155
155
155
155
155
155
155
155
155
155
155
155
155
155
155
155
155
155
155
155
155
155
155
155
155
155
155
155
155
155
155
21
154
154
154
154
154
154
154
154
154
154
154
154
154
154
154
154
154
154
154
154
154
154
154
154
154
154
154
154
154
154
154
154
154
155
55
153
153
153
153
153
153
153
153
153
153
153
153
153
153
153
153
153
153
153
153
153
153
153
153
153
153
153
26
54
152
152
152
152
152
152
152
152
152
152
152
152
152
152
152
152
152
152
152
152
152
152
152
152
152
152
152
152
152
152
152
152
152
152
152
153
18
102
53
130
151
151
151
151
151
151
151
151
151
151
151
151
151
151
151
151
151
151
151
151
151
151
151
151
151
17
24
52
136
150
150
150
150
150
150
150
150
150
150
150
150
150
150
150
150
150
150
150
150
150
150
150
150
150
150
150
150
58
100
128
149
149
149
149
149
149
149
149
149
149
149
149
135
149
149
149
149
149
149
149
149
149
149
22
36
148
148
148
148
148
148
148
148
148
148
148
141
148
148
148
148
148
148
148
148
148
148
148
148
148
148
148
148
148
148
148
148
148
148
148
148
148
148
148
148
14
14
147
147
147
147
147
147
147
147
147
147
147
147
147
147
147
147
147
147
147
147
147
147
147
147
147
147
147
147
147
147
13
34
139
146
146
146
146
146
146
146
146
139
146
146
146
146
146
146
146
146
146
146
146
146
146
146
146
146
146
146
146
146
146
146
146
146
117
145
145
145
145
145
145
145
145
145
145
145
145
145
145
145
145
145
145
145
145
145
145
145
145
145
145
145
145
145
145
145
145
145
39
53
144
144
144
144
144
144
144
144
144
144
144
144
144
144
144
144
144
144
130
144
144
130
144
144
144
144
144
144
144
144
136
143
143
143
143
143
143
143
143
143
143
143
143
143
143
143
143
143
143
143
143
143
143
143
143
143
135
142
142
142
142
142
142
142
142
142
142
142
142
142
142
142
142
142
142
142
142
142
142
142
142
142
142
142
142
142
142
142
142
142
142
142
142
71
120
141
141
141
141
141
141
134
141
141
141
141
141
141
141
141
141
141
141
141
141
141
141
141
141
141
141
141
141
141
141
141
141
141
141
141
141
141
141
141
141
14
105
140
140
140
140
140
140
140
140
140
140
140
140
140
140
140
140
140
140
140
140
140
140
140
140
140
140
140
140
140
140
140
140
140
140
34
41
69
139
139
139
139
139
139
139
139
139
139
139
139
139
139
139
139
139
139
139
139
139
139
139
139
139
139
139
139
139
139
12
40
40
82
89
131
138
138
138
138
138
138
138
138
138
138
138
138
138
138
138
138
138
138
131
138
138
138
138
138
138
138
138
138
138
138
138
138
32
39
46
102
130
137
137
137
137
137
137
137
137
137
137
137
130
137
137
137
137
137
137
137
137
137
137
137
137
137
137
137
137
137
137
137
137
137
137
137
137
137
137
10
45
38
59
73
129
136
136
136
136
136
136
136
136
136
136
129
136
136
136
136
136
136
136
136
136
136
136
136
136
136
136
136
136
136
136
136
136
136
136
115
136
136
135
135
135
135
135
135
135
135
135
135
135
135
135
135
135
135
135
135
135
135
135
135
135
135
135
135
135
135
92
120
134
134
134
134
134
134
134
134
134
134
134
134
134
134
134
134
134
134
134
134
134
134
134
134
134
134
134
134
134
134
134
134
134
134
134
134
134
134
134
35
133
133
133
133
133
133
133
133
133
133
133
133
133
133
133
133
133
133
133
133
133
133
133
133
133
133
133
133
133
133
133
133
133
133
133
133
133
133
133
126
69
132
132
132
132
132
132
132
132
132
132
132
132
132
132
132
132
132
132
132
132
132
132
132
132
132
132
132
125
132
40
75
47
124
124
131
131
131
131
131
131
131
131
131
131
131
131
131
131
131
131
131
131
131
131
131
131
131
131
131
131
131
131
131
131
131
131
131
131
131
131
131
131
131
131
131
67
116
130
130
130
130
130
130
130
130
130
130
130
130
130
130
130
130
130
130
130
130
130
130
130
130
130
130
130
130
130
130
130
130
130
130
130
130
130
130
130
130
130
38
129
129
129
129
129
129
115
129
129
129
129
129
129
129
129
129
129
129
129
129
129
129
129
129
129
129
129
129
129
129
129
129
129
129
129
129
129
129
129
129
114
128
128
128
128
128
128
128
128
128
128
128
128
121
128
128
128
128
128
128
128
128
128
128
128
128
128
128
128
128
128
128
128
128
128
128
128
128
128
128
29
127
127
127
127
127
127
127
127
127
127
127
127
127
127
127
127
127
127
127
127
127
127
127
127
127
127
127
127
127
127
127
127
127
127
127
127
127
127
127
120
63
112
126
126
126
126
126
126
126
126
126
126
126
126
126
126
126
126
126
126
126
126
126
126
126
126
126
126
126
126
126
126
126
126
126
126
20
48
111
125
125
125
125
125
125
125
125
125
125
125
118
125
125
125
125
125
125
125
125
125
125
125
125
125
125
125
125
125
125
125
125
125
125
125
125
125
125
125
47
124
124
124
124
124
124
124
124
124
124
124
124
124
124
124
124
124
124
124
124
124
124
124
124
124
124
124
124
124
124
124
124
124
124
124
124
124
124
124
124
124
124
124
124
124
124
124
124
124
39
46
123
123
123
123
123
123
123
123
123
123
123
123
123
123
123
123
123
123
123
123
123
123
123
123
123
123
123
123
123
123
123
123
123
123
123
123
123
123
123
123
123
123
123
123
123
125
122
122
122
122
122
122
122
122
122
122
122
122
122
122
122
122
122
122
122
122
122
122
122
122
122
122
122
122
122
122
122
122
122
122
122
122
122
122
122
122
122
122
122
122
122
122
122
122
122
122
122
122
58
114
121
121
121
121
121
121
121
121
121
121
121
121
121
121
121
121
121
121
121
121
121
121
121
121
121
121
121
121
121
121
121
121
121
121
121
121
121
121
121
94
121
43
64
113
120
120
120
120
120
120
120
120
120
120
120
120
120
120
120
120
120
120
120
120
120
120
120
120
120
120
120
120
120
120
120
120
120
120
120
120
120
120
119
119
119
119
119
119
119
119
119
119
119
119
112
119
119
119
119
119
119
119
119
119
119
119
119
119
119
119
119
119
119
119
119
119
119
119
119
119
27
62
97
111
118
118
118
118
118
118
118
118
118
118
118
118
118
118
118
118
118
118
118
118
118
118
118
118
118
118
118
118
118
111
118
118
118
118
118
118
118
118
118
118
118
118
118
118
118
118
118
118
118
26
54
26
89
117
117
117
117
117
117
117
117
117
117
117
117
117
117
117
117
117
117
117
117
117
117
117
117
117
117
117
117
117
117
117
117
116
116
116
116
116
116
116
116
116
102
116
116
116
116
116
116
116
116
116
116
116
116
116
116
116
116
116
116
116
116
116
116
116
116
116
116
116
116
116
116
31
66
115
115
115
115
115
115
115
115
115
115
115
115
115
115
115
115
115
115
115
115
115
115
115
115
115
115
115
115
115
115
115
115
115
115
115
115
115
115
115
115
119
114
114
114
114
114
114
114
114
114
114
114
114
114
114
114
114
114
114
114
114
114
114
114
114
114
114
114
114
114
114
114
114
114
114
114
114
114
114
114
50
92
113
113
113
113
113
113
113
113
113
113
113
113
113
113
113
113
113
113
113
113
113
113
113
113
113
113
113
113
113
113
113
113
113
113
113
113
113
14
112
112
112
112
112
112
112
112
112
112
112
112
112
112
112
112
112
112
112
112
112
112
112
112
112
112
112
112
112
112
112
112
112
112
112
112
112
112
112
112
112
20
34
48
76
111
111
111
111
111
111
111
111
111
111
111
111
111
111
111
111
111
111
111
111
111
111
111
111
111
111
111
111
111
111
111
111
111
111
96
110
110
110
110
110
110
110
110
110
110
110
110
110
110
110
110
110
110
110
110
110
110
110
110
110
110
110
110
110
110
110
110
110
110
110
110
110
110
110
110
110
110
25
102
109
109
109
109
109
109
109
109
109
109
109
109
109
109
109
109
109
109
109
109
109
109
109
109
109
109
109
109
109
109
109
109
109
109
109
109
109
59
87
80
108
108
108
108
108
108
108
108
108
108
108
108
108
108
108
108
108
108
108
108
108
108
108
108
108
108
108
108
108
108
108
108
108
108
108
108
108
108
108
108
108
108
108
16
23
72
107
107
107
107
107
107
107
107
107
107
107
107
107
107
107
107
107
107
107
107
107
93
107
107
107
107
107
107
107
107
107
107
107
107
107
107
107
71
71
99
106
106
106
106
106
106
106
106
106
106
106
106
106
106
106
106
106
106
106
106
106
106
106
106
106
106
106
106
106
106
106
106
106
106
106
106
106
106
106
106
106
106
106
21
14
105
105
105
105
105
105
105
105
105
105
105
105
105
105
105
105
105
105
105
105
105
105
105
105
105
105
105
105
105
105
105
105
105
105
105
105
105
105
105
105
105
105
105
105
105
105
105
41
34
83
97
104
104
104
104
104
104
104
104
104
104
104
104
104
104
104
104
104
104
104
104
104
104
104
104
104
104
104
104
104
104
104
104
104
104
104
104
104
104
104
104
104
104
104
104
104
104
104
104
104
104
104
104
104
104
104
90
90
104
104
26
26
75
103
103
103
103
103
103
103
103
103
103
103
103
103
103
103
103
103
103
103
103
103
103
103
103
103
103
103
103
103
103
103
103
103
103
103
103
103
103
103
103
103
103
96
103
103
103
103
103
103
32
88
102
102
102
102
102
102
102
102
102
102
102
102
102
102
102
102
102
102
102
102
102
102
102
102
102
102
102
102
102
102
102
102
102
102
102
102
102
102
102
102
102
102
102
102
102
102
102
102
102
24
59
73
80
101
101
101
101
101
101
101
101
101
101
101
101
101
101
101
101
101
94
101
101
101
101
101
101
101
101
101
101
101
101
101
101
101
101
101
101
101
101
101
101
101
101
101
101
101
101
101
101
101
101
101
101
101
101
101
101
101
101
101
101
79
100
100
100
100
100
100
100
100
100
100
100
93
100
100
86
100
93
100
100
100
100
100
100
100
100
100
100
100
100
100
100
100
100
100
100
100
100
100
100
100
100
85
99
99
99
99
99
99
99
99
99
99
99
99
99
99
99
99
99
99
99
99
99
99
99
99
99
99
99
99
99
99
99
99
99
99
99
99
99
99
99
99
99
99
99
99
99
99
99
99
99
99
99
99
99
99
99
99
99
99
99
99
99
99
99
14
70
70
98
98
98
98
98
98
98
98
98
98
98
98
98
98
98
98
98
98
98
98
98
98
98
98
98
98
98
98
98
98
98
98
98
98
98
98
98
98
98
98
98
98
98
98
98
98
98
98
98
98
98
98
98
13
20
55
48
97
97
97
97
97
97
97
97
97
97
97
97
97
97
97
97
97
97
97
97
97
97
97
97
97
97
97
97
97
97
97
97
97
97
97
97
97
97
97
97
97
97
97
97
97
97
97
97
97
97
97
97
97
97
97
97
97
19
96
96
96
96
96
96
96
96
96
96
96
96
96
96
96
96
96
96
96
96
96
96
96
96
96
96
96
96
96
96
96
96
96
96
96
96
96
96
96
96
96
96
96
96
96
96
96
96
96
96
96
96
96
96
96
96
96
96
96
96
96
96
96
96
96
96
96
96
96
96
18
81
95
95
95
95
95
95
95
95
95
95
95
95
95
95
95
95
95
95
95
95
95
95
95
95
95
95
95
95
95
95
95
95
95
95
95
95
95
95
95
95
95
95
95
95
95
95
95
95
95
95
95
95
95
95
95
95
95
95
31
17
80
94
94
94
94
94
94
94
94
94
94
94
94
94
94
94
94
94
94
94
94
94
94
94
94
94
94
94
94
94
94
94
94
94
94
94
94
94
94
94
94
94
94
94
94
94
94
94
94
94
87
94
94
94
94
94
94
94
94
94
94
94
94
94
94
94
94
94
37
86
93
93
93
93
93
93
93
93
93
93
93
93
93
93
93
93
93
93
93
93
93
93
93
93
93
93
93
93
93
93
93
93
93
93
93
93
93
93
93
93
93
93
93
93
93
93
93
93
93
93
93
93
93
93
93
93
93
93
93
86
93
93
93
93
93
22
92
92
92
92
92
92
92
92
92
92
92
85
92
92
92
92
92
92
92
92
92
92
92
92
92
92
92
92
92
92
92
92
92
92
92
92
92
92
92
92
92
92
92
92
92
92
92
92
92
92
92
92
92
92
92
77
91
91
91
91
91
91
91
91
91
91
91
84
91
91
91
91
91
91
91
91
91
91
91
91
91
91
84
91
91
91
91
91
91
91
91
91
91
91
91
91
91
91
91
91
91
91
91
91
91
91
91
91
91
91
91
20
13
20
20
41
69
76
90
90
90
90
90
90
90
90
90
90
90
90
90
90
90
90
90
90
90
90
90
90
90
90
90
90
90
90
90
90
90
90
90
90
90
90
90
90
90
90
90
90
90
90
90
90
90
90
90
90
90
90
90
90
90
90
90
90
90
90
90
90
90
90
90
90
90
90
90
90
90
90
90
92
19
26
47
47
89
89
89
89
89
89
89
89
89
89
89
89
89
89
89
89
89
89
89
89
89
89
89
89
89
89
89
89
89
89
89
89
89
89
89
89
89
89
89
89
89
89
89
89
89
89
89
89
89
89
89
89
89
89
89
89
89
89
89
89
89
89
89
89
89
89
89
89
89
89
89
89
128
11
25
18
88
88
88
88
88
88
88
88
88
88
88
88
88
88
88
88
88
88
88
88
88
88
88
88
88
88
88
88
88
88
88
88
88
88
88
88
88
88
88
88
88
88
88
88
88
88
88
88
88
88
88
88
88
88
10
24
73
87
87
87
87
87
87
87
87
87
87
87
87
87
87
87
87
87
87
87
87
87
87
87
87
87
87
87
87
87
87
87
87
87
87
87
87
87
87
87
87
87
87
87
87
87
87
87
87
87
87
87
87
87
87
87
87
87
87
87
87
87
87
87
58
86
86
86
86
86
86
86
86
86
86
86
86
86
86
86
86
86
86
86
86
86
86
86
86
86
86
86
86
86
86
86
86
86
86
86
86
86
86
86
86
86
86
86
86
86
86
86
86
86
86
86
86
86
86
86
86
86
86
86
15
43
57
85
85
85
85
85
85
85
85
85
85
85
85
85
85
85
78
85
85
85
85
85
85
85
85
85
85
85
85
85
85
85
85
85
85
85
85
85
85
85
85
85
85
85
85
85
85
85
85
85
85
85
85
85
85
85
85
85
85
85
85
85
85
85
85
85
85
85
21
70
77
70
63
84
84
84
84
84
84
84
84
84
84
84
84
84
84
84
84
84
84
84
84
84
84
84
84
84
84
84
84
84
84
84
84
84
84
84
84
84
84
84
84
84
84
84
84
84
84
84
84
84
84
84
84
84
84
84
84
84
84
84
84
84
84
84
84
84
84
84
84
84
84
84
84
84
84
84
84
84
84
84
84
84
84
84
13
83
83
83
83
83
83
83
83
83
83
83
83
83
83
83
83
83
83
83
83
76
83
83
83
83
83
83
83
83
83
83
83
83
83
83
83
83
83
83
83
83
83
83
83
83
83
83
83
83
83
83
83
83
83
83
83
83
83
83
83
83
83
83
83
12
12
54
75
82
82
82
82
82
82
82
82
82
82
82
82
82
82
82
82
82
82
82
82
82
82
82
82
82
82
82
82
82
82
82
82
82
82
82
82
82
82
82
82
82
82
82
82
82
82
82
82
82
82
82
82
82
82
82
82
82
82
82
82
82
82
82
82
82
82
82
11
18
18
18
46
60
46
46
67
81
81
81
81
81
81
81
81
81
81
81
81
81
81
81
81
81
81
81
81
81
81
81
81
81
81
81
81
81
81
81
81
81
81
81
81
81
81
81
81
81
81
81
81
81
81
81
81
81
81
81
81
81
81
81
81
81
81
81
81
81
81
81
81
81
81
81
81
81
81
74
81
81
81
81
81
17
10
17
80
80
80
80
80
80
80
80
80
80
80
80
80
80
80
80
80
80
80
80
80
80
80
80
80
80
80
80
80
80
80
80
80
80
80
80
80
80
80
80
80
80
80
80
80
80
80
80
80
80
80
80
80
80
80
80
80
80
80
80
80
80
80
80
80
80
80
80
80
80
80
16
16
79
79
79
79
79
79
79
79
79
79
79
79
79
79
79
79
79
79
79
79
79
79
79
79
79
79
79
79
79
79
79
79
79
79
79
79
79
79
79
79
79
79
79
79
79
79
79
79
79
79
79
79
79
79
79
79
79
79
79
79
79
79
79
79
79
79
79
79
79
79
79
79
79
15
15
50
36
15
15
78
78
78
78
78
78
78
78
78
78
78
78
78
78
78
78
78
78
78
78
78
78
78
78
78
78
78
78
78
78
78
78
78
78
78
78
78
78
78
78
78
78
78
78
78
78
78
78
78
78
78
78
78
78
78
78
78
78
78
78
78
78
78
78
78
78
78
78
78
78
78
78
78
78
71
14
77
77
77
77
77
77
77
77
77
77
77
77
77
77
77
77
77
77
77
77
77
77
77
77
77
77
77
77
77
77
77
77
77
77
77
77
77
77
77
77
77
77
77
77
77
77
77
77
77
77
77
77
77
77
77
77
77
77
77
77
77
77
77
77
77
77
77
77
77
77
77
77
77
77
77
77
77
13
13
76
76
76
76
76
76
76
76
76
76
76
76
76
76
76
76
76
76
76
76
76
76
76
76
76
76
76
76
76
76
76
76
76
76
76
76
76
76
76
76
76
76
76
76
76
76
76
76
76
76
76
76
76
76
76
76
76
76
76
76
76
76
76
76
76
76
76
76
76
76
76
76
76
12
12
12
68
61
68
75
75
75
75
75
75
75
75
75
75
75
75
75
75
75
75
75
75
75
75
75
75
75
75
75
75
75
75
75
75
75
75
75
75
75
75
75
75
75
75
75
75
75
75
75
75
75
75
75
75
75
75
75
75
75
75
75
75
75
75
75
75
75
75
75
75
75
75
75
75
11
11
74
74
74
74
74
74
74
74
74
74
74
74
74
74
74
74
74
74
74
74
74
74
74
74
74
74
74
74
74
74
74
74
74
74
74
74
74
74
74
74
74
74
74
74
74
74
74
74
74
74
74
74
74
74
74
74
74
74
74
74
74
74
74
74
74
74
74
74
74
74
74
74
74
74
74
74
74
10
10
31
73
73
73
73
73
73
73
73
73
73
73
73
73
73
73
73
73
73
73
73
73
73
73
73
73
73
73
73
73
73
73
73
73
73
73
73
73
73
73
73
73
73
73
73
73
73
73
73
73
73
73
73
73
73
73
73
73
73
73
73
73
73
73
73
73
73
73
73
73
73
73
73
73
73
73
73
73
73
73
73
73
73
73
73
73
51
72
72
72
72
72
72
72
72
72
72
72
72
72
72
72
72
72
72
72
72
72
72
72
72
72
72
72
72
72
72
72
72
72
72
72
72
72
72
72
72
72
72
72
72
72
72
72
72
72
72
72
72
72
72
72
72
72
72
72
72
72
72
72
72
72
72
72
72
72
72
72
72
72
72
72
72
72
72
72
72
72
72
72
72
72
72
72
72
72
72
72
72
72
72
72
72
72
72
72
72
57
57
71
71
71
71
71
71
71
71
71
71
71
71
71
71
71
71
71
71
71
71
71
71
71
71
71
71
71
71
71
71
71
71
71
71
71
71
71
71
71
64
71
71
57
71
71
71
71
71
71
71
71
71
71
71
71
71
71
71
71
71
71
71
71
71
71
71
71
71
71
71
71
71
71
71
71
71
71
71
70
70
70
70
70
70
70
70
70
70
70
70
70
70
70
70
70
70
70
70
70
70
70
70
70
70
70
70
70
70
70
70
70
70
70
70
70
70
70
70
70
70
70
70
70
70
70
70
70
70
70
70
70
70
70
70
70
70
70
70
70
70
70
70
70
70
70
70
70
70
70
70
70
69
69
69
69
69
69
69
69
69
69
69
69
69
69
69
69
69
69
69
69
69
69
69
69
69
69
69
69
69
69
69
69
69
69
69
69
69
69
69
69
69
69
69
69
69
69
69
69
69
69
69
69
69
69
69
69
69
69
69
69
69
69
69
69
69
69
69
69
69
69
69
69
69
69
69
69
69
69
69
69
69
69
69
69
62
68
68
68
68
68
68
68
68
68
68
68
68
68
68
68
68
68
68
68
68
68
68
68
68
68
68
68
68
68
68
68
68
68
68
68
68
68
68
68
68
68
68
68
68
68
68
68
68
68
68
68
68
68
68
68
68
68
68
68
68
68
68
68
68
68
68
68
68
68
68
68
68
68
68
68
68
68
68
68
68
68
68
68
68
68
68
68
68
68
68
68
68
68
68
68
68
68
68
68
68
68
68
68
68
68
68
68
68
67
67
67
67
67
67
67
67
67
67
67
67
67
67
67
67
67
67
67
67
67
67
67
67
67
67
67
67
67
67
67
67
67
67
67
67
67
67
67
67
67
67
67
67
67
67
67
67
67
67
67
67
67
67
67
67
67
67
67
67
67
67
67
67
67
67
67
67
67
67
67
67
60
67
67
67
67
66
66
66
66
66
66
66
66
66
66
66
66
66
66
66
66
66
66
66
66
66
66
66
66
66
66
66
66
66
66
66
66
66
66
66
66
66
66
66
66
66
66
66
66
66
66
66
66
66
66
66
66
66
66
66
66
66
66
66
66
66
66
66
66
66
66
66
66
66
66
66
66
66
66
66
66
66
66
66
66
66
66
66
66
66
66
66
66
66
66
66
66
66
66
66
66
66
66
66
66
65
65
65
65
65
65
65
65
65
65
65
65
65
65
65
65
65
65
65
65
65
65
65
65
65
65
65
65
65
65
65
65
65
65
65
65
65
65
65
65
65
65
65
65
65
65
65
65
65
65
65
65
65
65
65
65
65
65
65
65
65
65
65
65
65
65
65
65
65
65
65
65
65
65
65
65
65
65
65
58
66
65
64
64
64
64
64
64
64
64
64
64
64
64
64
64
64
64
64
64
64
64
64
64
64
64
64
64
64
64
64
64
64
64
64
64
64
64
64
64
64
64
64
64
64
64
64
64
64
64
64
64
64
64
64
64
64
64
64
64
64
64
64
64
64
64
64
64
64
64
64
64
64
64
64
64
64
64
64
64
64
64
64
64
64
64
64
64
64
64
56
63
63
63
63
63
63
63
63
63
63
63
63
63
63
63
63
63
63
63
63
63
63
63
63
63
63
63
63
63
63
63
63
63
63
63
63
63
63
63
63
63
63
63
63
63
63
63
63
63
63
63
63
63
63
63
63
63
63
63
63
63
63
63
63
63
63
63
63
63
63
63
63
63
63
63
63
63
63
63
63
63
63
63
63
63
62
62
62
62
62
62
62
62
62
62
62
62
62
62
62
62
62
62
62
62
62
62
62
62
62
62
62
62
62
62
62
62
62
62
62
62
62
62
62
62
62
62
62
62
62
62
62
62
62
62
62
62
62
62
62
62
62
62
62
62
62
62
62
62
62
62
62
62
62
62
62
62
62
62
62
62
62
62
62
62
62
62
62
62
62
62
62
62
62
62
62
62
62
62
62
62
62
62
62
62
61
61
61
61
61
61
61
61
61
61
61
61
61
61
61
61
61
61
61
61
61
61
61
61
61
61
61
61
61
61
61
61
61
61
61
61
61
61
61
61
61
61
61
61
61
61
61
61
61
61
61
61
61
61
61
61
61
61
61
61
61
61
61
61
61
61
61
61
61
61
61
61
61
61
61
61
61
61
61
61
61
61
61
61
61
61
61
61
61
61
61
61
61
61
61
61
61
61
61
61
61
61
61
61
61
61
61
61
61
61
61
61
60
60
60
60
60
60
60
60
60
60
60
60
60
60
60
60
60
60
60
60
60
60
60
60
60
60
60
60
60
60
60
60
60
60
60
60
60
60
60
60
60
60
60
60
60
60
60
60
60
60
60
60
60
60
60
60
60
60
60
60
60
60
60
60
60
60
60
60
60
60
60
60
60
60
60
60
60
60
60
60
60
60
60
60
60
60
60
60
60
60
60
60
60
60
60
60
60
60
60
60
60
60
60
60
60
60
60
60
60
60
60
60
60
60
60
60
60
60
60
60
60
60
60
60
60
60
60
60
60
60
60
60
60
59
59
59
59
59
59
59
59
59
59
59
59
59
59
59
59
59
59
59
59
59
59
59
59
59
59
59
59
59
59
59
52
59
59
59
59
59
59
59
59
59
59
59
59
59
59
59
59
59
59
59
59
59
59
59
59
59
59
59
59
59
59
59
59
59
59
59
59
59
59
59
59
59
59
59
59
59
59
59
59
59
59
59
59
59
59
59
59
59
59
59
58
58
58
58
58
58
58
58
58
58
58
58
58
58
58
58
58
58
58
58
58
58
58
58
58
58
58
58
58
58
58
58
58
58
58
58
58
58
58
58
58
58
58
58
58
58
58
58
58
58
58
58
58
58
58
58
58
58
58
58
58
58
58
58
58
58
58
58
58
58
58
58
58
58
58
58
58
58
58
58
58
58
58
58
58
58
58
58
58
58
58
58
58
58
58
58
58
58
58
58
58
58
58
58
58
58
57
57
57
57
57
57
57
57
57
57
57
57
57
57
57
57
57
57
57
57
57
57
57
57
57
57
57
57
57
57
57
57
57
57
57
57
57
57
57
57
57
57
57
57
57
57
57
57
57
50
57
57
57
57
57
57
57
57
57
57
57
57
57
57
57
57
57
57
57
57
57
57
57
57
57
57
57
57
57
57
57
57
57
57
57
57
57
57
57
57
57
57
57
57
57
57
57
57
56
56
56
56
56
56
56
56
56
56
56
56
56
56
56
56
56
56
56
56
56
56
56
56
56
56
56
56
56
56
56
56
56
56
56
56
56
56
56
56
56
56
56
56
56
56
56
56
56
56
56
56
56
56
56
56
56
56
56
56
56
56
56
56
56
56
56
56
56
56
56
56
56
56
56
56
56
56
56
56
56
56
56
56
56
56
56
56
56
56
56
56
56
56
56
56
56
56
56
56
56
56
56
56
56
41
55
55
55
55
55
55
55
55
55
55
55
55
55
55
55
55
55
55
55
55
55
55
55
55
55
55
55
34
55
55
55
55
55
55
55
55
55
55
55
55
55
55
55
55
55
55
55
55
55
55
55
55
55
55
55
55
55
55
55
55
55
55
55
55
55
55
55
55
55
55
55
55
55
55
55
55
55
55
55
55
55
55
55
55
55
55
55
55
55
55
55
55
55
55
55
55
55
55
55
55
54
54
54
54
54
54
54
54
54
54
54
54
54
54
54
54
54
54
54
54
54
54
54
54
54
54
54
54
54
54
54
54
54
54
54
54
54
54
54
54
54
54
54
54
54
54
54
54
54
54
54
54
54
54
54
54
54
54
54
54
54
54
54
54
54
54
54
54
54
54
54
54
54
54
54
54
54
54
54
54
54
54
54
54
54
54
54
54
54
54
54
54
54
54
54
54
54
54
54
54
54
54
54
54
54
54
54
54
54
54
54
54
54
54
54
54
54
54
54
53
53
53
53
53
53
53
53
53
53
53
53
53
53
53
53
53
53
53
53
53
53
53
53
53
53
53
53
53
53
53
53
53
53
53
53
53
53
53
53
53
53
53
53
53
53
53
53
53
53
53
53
53
53
53
53
53
53
53
53
53
53
53
53
53
53
53
53
53
53
53
53
53
53
53
53
53
53
53
53
53
53
53
53
53
53
53
53
53
53
53
53
53
53
53
53
53
53
53
53
55
52
52
52
52
52
52
52
52
52
52
52
52
52
52
52
52
52
52
52
52
52
52
52
52
52
52
52
52
52
52
52
52
52
52
52
52
52
52
52
52
52
52
52
52
52
52
52
52
52
52
52
52
52
52
52
52
52
52
52
52
52
52
52
52
52
52
52
52
52
52
52
52
52
52
52
52
52
52
52
52
52
52
52
52
52
52
52
52
52
52
52
52
52
52
52
52
52
52
52
52
52
52
52
52
52
52
52
52
52
52
52
51
51
51
51
44
51
51
51
51
51
51
51
51
51
51
51
51
51
51
51
51
51
51
51
51
44
51
51
51
51
51
51
51
51
51
51
51
51
51
51
51
51
51
51
51
51
51
51
51
51
51
51
51
51
51
51
51
51
51
51
51
51
51
51
51
51
51
51
51
51
51
51
51
51
51
51
51
51
51
51
51
51
51
51
51
51
51
51
51
51
51
51
51
51
51
51
51
51
51
51
51
51
51
51
51
51
51
51
51
29
50
50
50
50
50
50
50
50
50
50
50
50
50
50
50
50
50
50
50
50
50
50
50
50
50
50
50
50
50
50
50
50
50
50
50
50
50
50
50
50
50
50
50
50
50
50
50
50
50
50
50
50
50
50
50
50
50
50
50
50
50
50
50
50
50
50
50
50
50
50
43
50
50
50
50
50
50
50
50
50
50
50
50
50
50
50
49
49
49
49
49
49
49
49
49
49
49
49
49
49
49
49
49
49
49
49
49
49
49
49
49
49
49
49
49
49
49
49
49
49
49
49
49
49
49
49
49
49
49
49
49
49
49
49
49
49
49
49
49
49
49
49
49
49
49
49
49
49
49
49
49
49
49
49
49
49
49
49
49
49
49
49
49
49
49
49
49
49
49
48
48
48
48
48
48
48
48
48
48
48
48
48
48
48
48
48
48
48
48
48
48
48
48
48
48
48
48
48
48
48
48
48
48
48
48
48
48
48
48
48
48
48
48
48
48
48
48
48
48
48
48
48
48
48
48
48
48
48
48
48
48
48
48
48
48
48
48
48
48
48
48
48
48
48
48
48
48
48
48
48
48
48
48
48
48
48
48
48
48
48
48
48
48
48
48
48
48
48
48
48
48
48
48
47
47
47
47
47
47
47
47
47
47
47
47
47
47
47
47
47
47
47
47
47
47
47
47
47
47
47
47
47
47
47
47
47
47
47
47
47
47
47
47
47
47
47
47
47
47
47
47
47
47
47
47
47
47
47
47
47
47
47
47
47
47
47
47
47
47
47
47
47
47
47
46
46
46
46
46
46
46
46
46
46
46
46
46
46
46
46
46
46
46
46
46
46
46
46
46
46
46
46
46
46
46
46
46
46
46
46
46
46
46
46
46
46
46
46
46
46
46
46
46
46
46
46
46
46
46
46
46
46
46
45
45
45
45
45
45
45
45
45
45
45
45
45
45
45
45
45
45
45
45
45
45
45
45
45
45
45
45
45
45
45
45
45
45
45
45
45
45
45
45
45
45
45
45
45
45
45
45
45
45
45
45
45
45
45
45
45
45
37
44
44
44
44
44
44
44
44
44
44
44
44
44
44
44
44
44
44
44
44
44
44
44
44
44
44
44
44
44
44
44
44
44
44
44
44
44
44
44
44
44
44
44
44
44
44
44
44
44
44
44
44
44
44
44
44
44
44
44
44
44
43
43
43
43
43
43
43
43
43
43
43
43
43
43
43
43
43
43
43
43
43
43
43
43
43
43
43
43
43
43
43
43
43
43
43
43
43
43
42
42
42
42
42
42
42
42
42
42
42
42
42
42
42
42
42
42
42
42
42
42
42
42
42
42
42
42
42
42
42
42
41
41
41
41
41
41
41
41
41
41
41
41
41
41
41
41
41
41
41
41
41
41
41
41
41
41
41
41
40
40
40
40
40
40
40
40
40
40
40
40
40
40
40
40
40
39
39
39
39
39
39
39
39
39
39
38
38
38
38
38
38
38
37
37
37
37
37
37
37
37
37
37
37
37
36
36
36
35
34
34
