23394
21031
19652
18108
9820
7127
7114
6694
5316
5103
4767
4578
4478
4441
4124
3394
3198
3128
2817
2590
2526
2374
2368
2281
2207
2118
2088
1967
1919
1854
1845
1770
1748
1644
1591
1578
1544
1475
1459
1447
1432
1379
1368
1367
1350
1350
1340
1290
1241
1234
1209
1151
1140
1040
4178396
1003
983
966
960
956
928
921
892
888
860
859
853
841
835
826
824
823
819
795
783
777
737
719
714
703
690
678
676
675
675
666
664
662
656
653
652
643
641
629
610
599
582
572
568
566
566
561
560
558
552
551
545
539
537
524
511
489
483
483
482
481
478
471
471
444
437
434
432
424
2339
409
406
405
398
389
389
389
384
382
375
373
366
365
360
351
350
345
344
344
343
339
337
335
335
333
327
322
318
361
315
315
314
311
310
310
307
305
304
304
300
299
295
295
292
291
291
290
285
284
282
277
277
275
272
271
270
270
267
263
260
257
257
256
255
254
254
253
253
252
252
252
252
251
889395
249
249
247
242
241
240
236
235
233
232
232
230
229
898687
224
223
222
222
221
220
219
217
217
217
215
215
215
214
213
212
212
209
209
207
207
207
205
204
204
203
201
200
199
199
195
194
193
192
191
191
190
188
187
187
186
185
184
181
181
181
179
178
177
176
176
176
175
173
172
170
169
169
167
167
167
166
165
165
162
568056
161
161
161
159
159
158
157
154
154
622888
152
151
151
150
149
149
148
148
147
147
146
146
146
954
145
144
144
142
141
140
140
138
138
137
137
136
135
134
134
134
132
131
130
130
129
128
128
128
126
124
124
123
123
122
122
122
121
121
119
118
118
117
116
116
116
116
116
116
116
378
115
115
115
114
114
113
113
112
111
111
111
111
110
109
109
107
106
106
104
104
102
101
101
100
100
99
99
99
98
98
98
98
98
97
97
95
95
95
95
95
93
93
93
93
93
92
91
937
90
355096
87
86
86
85
85
85
84
83
83
83
83
82
82
82
81
80
78
78
77
77
77
75
75
74
74
74
74
74
73
72
71
71
71
69
68
68
68
67
65
63
56
54
53
53
53
53
53
53
73
52
51
207459
224
47
7631
40
127867
247
93932
103
136
85922
51974
140
58400
61786
342
50
18
49693
83
36
48391
19999
45082
26
41523
56
41
35718
39867
37406
33
41
33165
36037
35890
26960
35406
34240
33770
64
88
21
33
20
32319
27142
26982
39
29239
27950
27752
27189
27672
42
25512
24966
102
76
35
25
17836
19921
24144
69
22074
20263
21845
35
40
17
39
44
14
20
210
47
40
29
17
13
11
20178
338
46
18521
140
116
20
74
17644
127
55
16984
44
23
16
97
15275
22
89
16464
78
36
48
37
35
25
24
24
15
20
19
17
15
15
11
16241
106
15859
15554
15471
3976
4828
14891
14887
14735
14630
14192
42
79
12415
13691
13657
13436
13535
70
111
21
19
1225
38
12826
12
13
11
12582
45
38
68
25
49
59
46
50
41
44
42
41
40
40
19
36
14
34
11
31
30
29
28
28
18
17
17
16
13
11824
12026
11500
7223
11116
1021
21
9740
18
132
10786
10715
6127
10511
9328
10450
10413
10118
10062
9995
31
11
28
14
22
9761
13
9349
31
9281
55
16
7818
8957
8435
46
22
21
8844
36
12
7554
8520
241
8446
57
80
24
17
46
54
49
47
43
12
25
31
37
23
35
19
12
12
32
31
30
30
29
21
26
26
25
25
24
17
23
21
21
20
19
19
19
18
18
18
18
18
17
17
16
16
15
15
14
14
13
13
13
13
12
12
12
12
11
11
10
10
7397
8132
7269
57
307
7680
7612
7370
7433
7380
7369
7293
7259
7153
7138
7064
7040
110
5058
6885
6817
3630
5908
6403
26
19
28
14
6657
5176
6619
6589
6552
6548
6546
409
6465
6381
35
6287
6269
6204
6190
5061
6156
1966
21
5918
5892
5849
45
501
5772
62
5761
5708
5688
37
38
24
5665
5643
31
19
17
5609
327
45
5412
26
5327
5304
84
17
1163
40
1309
5217
220
22
840
5172
3942
43
32
38
33
32
31
24
24
14
11
16
11
10
53
5071
5062
2637
317
4891
4917
4868
4863
4832
3432
4815
202
26
51
142
4752
101
4709
103
4036
32
14
4682
72
58
37
51
31
19
11
31
4641
28
34
17
27
20
13
19
4498
18
18
11
15
14
14
13
13
11
11
11
10
4597
4562
4536
236
4518
178
4437
4453
4430
2878
187
38
4383
51
32
4306
1641
113
158
155
10
63
45
4214
38
35
4199
31
37
36
29
15
27
33
30
28
27
19
88
16
16
20
16
15
15
36
20
64
35
61
47
4153
57
50
50
56
56
26
19
38
50
36
29
49
49
42
56
48
20
40
33
26
46
46
44
37
23
15
4136
41
41
27
20
40
40
40
40
26
39
39
32
18
38
38
38
38
38
38
31
24
37
37
36
22
35
35
35
34
34
34
34
34
13
33
33
33
33
33
33
26
12
32
32
32
32
32
32
32
18
31
31
31
24
24
17
17
10
30
30
30
30
30
30
30
30
29
29
29
29
22
15
15
28
28
28
28
28
28
28
21
21
27
27
27
27
27
20
26
26
26
26
26
26
26
12
12
25
25
25
25
25
25
25
25
25
25
24
24
24
24
24
24
24
24
24
24
24
24
23
23
23
23
23
23
23
23
23
23
16
16
16
22
22
22
22
22
22
22
22
22
22
15
21
21
21
21
21
21
21
21
21
21
21
21
14
14
14
20
20
20
20
20
20
20
20
20
20
20
20
20
20
20
13
13
13
13
13
19
19
19
19
19
19
19
19
19
19
19
19
12
18
18
18
18
18
18
18
18
18
18
18
18
18
18
18
18
18
18
18
18
18
18
17
17
17
17
17
17
17
17
17
17
17
17
17
17
17
17
17
10
10
10
10
16
16
16
16
16
16
16
16
16
16
16
16
16
16
16
16
16
16
16
16
16
16
16
15
15
15
15
15
15
15
15
15
15
15
15
15
15
15
15
15
15
14
14
14
14
14
14
14
14
14
14
14
14
14
14
14
14
13
13
13
13
13
13
13
13
13
13
13
13
13
13
13
13
13
12
12
12
12
12
12
12
12
12
12
12
12
12
12
12
12
12
12
12
12
12
12
12
12
12
11
11
11
11
11
11
11
11
11
11
11
11
11
11
11
11
11
11
11
11
11
11
11
10
10
10
10
10
10
10
10
10
10
10
10
10
10
10
10
10
10
10
10
10
10
10
10
10
4047
4008
3992
3919
3840
3586
3526
920
3719
3707
2889
3651
3684
3672
3664
3638
3636
3617
3619
3611
3601
3598
3572
3556
3555
3530
3515
1214
2916
3050
3444
3437
3431
3429
3422
3424
3420
3118
3317
3365
3357
3280
3335
3322
42
3317
3312
3296
3291
3290
3003
3268
3270
3251
2816
34
3226
3224
1576
2212
3195
3193
3182
3179
23
21
168
47
2920
3047
2169
2194
1617
3036
3026
3013
144
2960
2956
2947
2934
2930
107
2912
2894
2884
2886
2869
2838
1344
2817
2729
2801
2795
463
2701
2768
43
2694
29
396
2712
64
2106
2695
2693
1139
55
2679
1390
2368
2668
2665
2655
2653
2085
2651
96
2648
2634
2597
53
52
2603
2599
2597
2592
2590
31
29
2583
2576
2574
2573
123
82
2536
2532
2530
2529
2524
252
2508
2488
2486
2445
2465
2464
2458
2451
2442
2428
2427
2409
2338
2398
2384
29
2380
2144
2369
54
2339
2326
2321
2317
2316
1753
2298
2010
2283
1658
2267
2257
2254
2190
2231
1468
2215
2213
28
2206
43
2196
179
2185
15
422
2166
2164
2143
2163
2159
2154
2153
1724
2139
1401
2133
2131
23
2125
2123
2122
2099
60
346
2102
1850
2091
2091
2013
42
2078
1084
2011
22
21
19
2061
312
2027
2026
124
2019
2016
2007
2000
1986
1973
1967
1833
1957
1057
1951
1949
1880
1942
1938
1932
1931
1929
52
203
1918
1915
1880
1877
61
429
1856
1831
1844
1843
1833
401
1826
1821
1821
1819
1819
1817
1810
1361
1806
1802
58
49
1062
1788
43
1597
1769
1767
213
1765
1065
656
1760
1759
1756
1753
142
16
1743
55
76
1734
1730
1659
1721
1580
1718
1716
1711
1711
1711
13
1703
1687
1686
1682
1677
1669
1660
1654
1645
1639
32
22
92
1623
1622
1622
1621
62
102
69
445
1591
1591
1591
49
21
1588
46
37
1572
1577
23
19
32
1561
20
403
24
24
226
22
15
21
12
17
15
1547
13
12
11
1473
10
1540
678
1538
494
1536
1533
1532
1530
1494
1300
1523
1523
1320
1519
1516
1516
1511
1506
1505
84
1501
1501
1501
1498
1494
1486
1481
1479
1479
1473
1458
1452
1451
226
1448
1447
1447
1446
1445
1441
1435
1434
26
1431
233
1428
49
1427
1415
1359
838
1411
1410
735
1406
1406
1404
1403
1403
44
1401
50
1400
1397
1390
1395
363
1390
414
1364
1382
255
1380
1037
1378
1375
35
1368
1367
1367
1365
1363
1363
1251
1362
1361
1359
72
1352
1349
1349
1348
1347
806
1077
1342
1340
1340
1339
1339
1284
1326
1324
1324
750
48
810
11
1317
29
1316
1315
1314
1311
1311
715
42
24
1293
1150
1205
1286
1284
206
1283
1162
259
1277
1277
93
1275
99
1243
1235
752
1206
503
426
1264
1262
1262
1262
1261
1258
859
44
230
160
949
165
1249
1246
1245
1195
1239
1222
1206
16
1233
1232
1230
59
141
35
1223
971
1221
1218
1216
19
1214
63
1210
1209
1209
101
1206
1203
1202
1202
1201
51
161
594
1194
1192
16
1190
42
1187
1187
102
39
18
759
671
236
1178
1178
156
1177
931
91
1175
89
1173
11
1003
1170
1168
1153
1166
553
1157
1156
1156
62
867
62
32
93
37
50
1141
14
40
1135
1135
575
29
1134
1131
1103
557
975
1128
1128
43
29
1126
1125
1061
1122
1122
1115
30
23
1121
36
1120
28
1119
1119
33
12
1117
333
32
25
11
1116
1116
1024
595
28
102
1109
1031
1107
1065
21
20
1104
18
1099
1098
1098
1096
564
939
190
1092
1091
1091
1091
1091
727
1041
1089
921
1086
574
1084
1084
111
41
61
61
1075
1081
1081
1046
50
1078
49
356
34
1076
557
53
30
29
1071
35
1070
1069
1067
44
37
1065
43
43
1064
511
21
76
41
27
1062
481
40
25
1060
1060
1060
37
1058
36
36
1057
1057
35
28
27
1055
33
1054
29
29
29
15
441
28
21
27
27
19
19
137
18
11
304
24
17
23
1044
1043
1036
1015
21
21
20
20
75
19
19
18
18
17
1038
16
16
15
15
994
14
14
14
14
14
13
13
13
12
11
1032
10
1016
1027
1027
844
1025
1024
961
625
1022
1021
957
1019
1019
1019
1011
1017
1016
1009
497
965
1013
1012
1011
1010
1009
1009
1008
98
1007
1007
1006
1005
1005
1003
1001
483
999
999
991
983
988
967
92
993
992
992
334
990
989
987
49
243
984
983
982
982
177
981
980
979
979
978
978
977
976
59
975
335
971
971
968
964
964
768
920
913
961
819
958
955
727
67
431
130
877
435
945
945
937
341
942
452
25
940
937
909
426
934
929
927
388
43
924
922
922
921
913
917
917
853
915
915
747
912
897
907
906
773
904
903
901
901
900
900
900
885
898
898
861
895
356
894
383
893
893
893
892
878
185
891
891
889
889
888
887
887
873
25
885
834
882
245
112
881
881
880
880
878
234
877
875
714
874
727
858
866
866
865
864
864
647
863
863
219
861
826
350
231
70
250
66
674
855
854
854
853
853
433
852
850
848
848
848
847
133
837
759
206
842
842
841
251
838
838
11
25
836
723
834
832
832
831
215
830
830
822
828
828
827
217
825
824
717
821
821
736
817
816
739
641
585
759
813
302
811
810
808
226
799
805
805
805
581
802
801
59
287
796
796
796
60
794
213
793
632
282
427
789
786
667
784
784
770
567
84
783
783
782
781
778
113
777
56
768
754
670
261
51
421
770
259
258
768
739
32
255
764
148
763
763
763
105
105
48
33
759
738
136
73
758
92
756
175
748
20
754
243
753
753
241
45
38
750
750
120
749
105
748
748
747
236
236
746
745
31
744
218
742
28
740
740
739
739
738
199
220
136
737
737
737
29
28
727
243
732
206
730
730
723
728
728
209
20
726
726
61
725
284
723
722
721
721
658
14
719
439
718
717
675
171
205
135
715
113
714
581
691
180
711
710
709
708
708
707
119
706
706
125
34
705
704
704
704
571
703
323
420
48
698
698
677
110
54
46
695
695
694
694
693
399
119
48
572
689
668
171
688
688
687
582
113
686
623
168
49
684
682
682
171
681
156
44
44
37
30
30
680
680
680
43
43
29
679
679
581
133
678
678
636
146
27
675
675
45
674
135
100
37
673
673
463
155
141
29
22
670
670
670
502
75
74
11
668
660
471
30
666
505
85
22
665
665
21
14
153
83
663
662
661
659
609
63
566
363
607
550
354
11
654
17
653
632
652
652
652
652
582
533
651
140
140
650
139
136
122
646
51
645
393
644
644
644
126
643
48
642
642
640
598
115
100
58
51
638
120
57
36
126
63
635
117
117
634
634
459
81
52
45
632
121
57
630
630
630
630
119
97
628
33
19
627
627
627
627
431
109
39
31
569
51
624
624
624
43
623
623
623
595
105
440
621
600
47
40
620
613
599
605
108
108
17
618
107
44
617
36
112
42
42
35
615
615
608
104
607
523
33
33
613
612
10
611
100
30
30
23
610
610
610
498
36
609
399
28
21
14
27
20
586
586
40
33
26
606
445
95
32
32
521
87
31
31
31
604
604
30
30
30
30
603
29
602
602
602
602
28
28
601
601
27
27
27
27
600
89
26
19
12
599
53
25
18
598
598
598
87
24
597
597
86
79
23
23
23
23
16
596
71
22
15
595
462
84
84
21
14
594
566
76
20
593
593
516
19
19
585
81
18
18
18
18
11
591
591
17
10
590
590
79
16
589
589
15
15
588
14
14
14
14
14
587
13
13
13
13
586
586
586
586
75
12
585
11
11
570
73
10
583
471
512
260
71
71
581
581
581
70
56
580
580
580
510
398
27
579
579
579
68
577
577
577
577
576
240
58
575
575
99
64
22
574
574
497
315
49
49
573
573
573
573
62
41
572
565
250
201
61
54
571
571
60
39
570
570
570
570
59
569
128
58
561
57
43
553
56
28
230
55
55
34
27
565
565
257
47
40
19
564
564
543
32
535
521
304
52
52
562
562
51
51
51
51
51
561
162
50
50
15
49
35
545
55
41
558
47
536
305
46
39
556
45
38
38
555
555
44
554
554
554
43
43
43
553
553
553
553
552
552
41
13
551
551
278
550
550
39
39
39
39
39
32
549
549
549
108
38
31
24
24
37
37
30
30
23
43
36
36
36
36
29
29
546
546
35
35
35
35
35
35
35
35
35
21
440
307
34
34
34
34
34
27
502
33
33
33
33
33
12
32
32
32
32
32
25
25
18
542
31
31
31
31
31
31
31
31
24
17
30
30
30
30
30
30
30
30
30
30
540
540
162
29
29
22
22
22
22
15
539
28
28
28
28
28
28
28
28
28
28
21
14
538
27
27
27
27
27
27
27
27
27
27
27
27
27
27
27
27
27
27
27
20
20
13
13
537
537
138
26
26
26
26
26
26
26
26
26
26
26
26
12
536
536
536
536
536
249
25
25
25
25
25
25
25
25
25
25
25
25
25
25
18
18
409
24
24
24
24
24
24
24
24
24
24
24
24
24
17
17
17
10
534
534
534
135
23
23
23
23
23
23
23
23
23
23
23
23
23
16
16
533
533
533
22
22
22
22
22
22
22
22
22
22
22
22
22
22
22
15
15
532
532
532
21
21
21
21
21
21
21
21
21
21
21
21
21
21
21
21
21
21
21
21
21
21
21
21
21
14
14
14
14
531
20
20
20
20
20
20
20
20
20
20
20
20
20
20
20
20
20
530
19
19
19
19
19
19
19
19
19
19
19
19
19
19
19
19
19
19
19
12
12
12
515
18
18
18
18
18
18
18
18
18
18
18
18
18
18
18
18
18
18
18
18
18
11
11
11
11
11
528
528
528
17
17
17
17
17
17
17
17
17
17
17
17
17
17
17
17
17
17
17
17
17
17
17
17
17
17
17
17
17
10
10
10
10
527
527
527
457
16
16
16
16
16
16
16
16
16
16
16
16
16
16
16
16
16
16
16
16
16
16
16
16
16
16
16
16
526
526
463
15
15
15
15
15
15
15
15
15
15
15
15
15
15
15
15
15
15
15
15
15
15
15
15
15
15
15
15
15
15
15
15
15
14
14
14
14
14
14
14
14
14
14
14
14
14
14
14
14
14
14
14
14
14
14
14
14
14
14
14
14
14
14
14
524
524
524
13
13
13
13
13
13
13
13
13
13
13
13
13
13
13
13
13
13
13
13
13
13
13
13
13
13
13
13
13
13
13
13
13
523
523
523
523
12
12
12
12
12
12
12
12
12
12
12
12
12
12
12
12
12
12
12
12
12
12
12
12
12
522
522
11
11
11
11
11
11
11
11
11
11
11
11
11
11
11
11
11
11
11
11
11
11
11
11
11
11
11
11
11
11
11
11
11
11
11
11
11
11
11
11
11
11
11
521
521
73
10
10
10
10
10
10
10
10
10
10
10
10
10
10
10
10
10
10
10
10
10
10
10
10
10
10
10
10
10
10
10
10
10
10
10
10
10
10
520
519
519
484
518
517
496
69
516
516
515
515
515
513
513
513
394
512
512
512
511
511
385
510
509
509
509
509
445
354
186
46
507
472
506
310
505
407
504
503
502
502
425
397
501
487
270
81
39
500
500
500
499
485
498
498
497
497
496
496
495
488
439
313
493
493
493
479
395
492
492
492
491
491
491
490
490
280
489
489
426
286
487
486
486
486
479
402
485
485
485
169
483
483
482
397
480
480
480
480
480
459
319
479
479
479
479
192
478
478
478
478
470
476
413
475
474
474
411
473
473
466
466
410
472
227
429
470
470
469
469
273
468
468
468
467
466
466
466
466
424
465
465
465
458
38
463
463
462
454
433
459
458
458
458
456
456
442
78
455
455
454
195
453
453
453
452
452
452
452
452
451
451
416
353
450
450
450
450
436
449
449
449
252
447
447
447
34
446
446
446
446
446
446
445
444
444
444
437
115
443
443
443
443
442
442
442
428
211
441
440
440
440
286
439
96
438
438
438
438
438
437
437
437
353
436
436
324
435
428
120
413
77
433
433
432
61
431
431
431
431
424
158
430
430
101
401
254
428
428
428
428
421
400
427
427
427
413
426
426
426
425
389
423
423
423
422
422
422
422
422
422
422
422
352
184
421
330
420
420
419
419
419
279
418
418
418
417
416
416
416
367
31
415
415
415
415
415
387
156
225
162
413
413
413
413
413
412
412
412
412
405
34
411
411
411
411
103
410
410
284
409
409
402
408
408
408
407
400
316
64
399
399
405
405
405
404
404
404
397
348
271
403
403
403
403
403
403
402
402
395
381
401
401
401
58
400
400
400
330
106
399
399
399
378
336
56
398
398
398
398
391
397
397
397
396
396
396
95
395
395
206
394
394
394
359
324
310
275
393
393
393
393
393
337
57
392
392
392
391
391
314
202
390
390
390
390
382
382
375
179
172
311
387
387
380
317
386
365
295
385
385
385
385
385
384
384
307
383
208
68
382
375
249
381
381
381
381
374
289
240
65
379
379
379
379
337
378
378
42
377
377
377
377
377
307
62
375
375
375
375
368
368
305
374
374
374
374
374
360
373
240
372
337
281
246
371
371
371
371
371
371
371
371
370
370
370
370
370
83
362
355
368
368
368
207
46
367
367
367
367
367
269
366
366
366
359
359
365
365
113
364
168
49
363
363
363
363
362
362
362
355
341
292
215
361
361
361
361
361
102
359
359
358
358
358
358
358
351
357
294
273
273
356
356
356
160
27
355
355
355
348
257
347
333
311
352
352
352
37
351
351
351
351
351
351
351
351
337
211
36
349
349
349
349
349
349
349
348
348
250
347
347
347
347
347
312
346
346
346
276
269
227
157
345
345
345
79
344
344
344
344
344
330
267
78
343
343
343
280
245
189
342
342
342
342
342
342
342
342
314
341
341
341
341
103
340
319
123
339
338
338
338
331
268
72
23
337
337
302
148
57
336
315
259
77
335
335
335
335
328
272
334
334
257
333
333
333
263
193
332
94
38
331
331
331
324
78
329
329
329
329
329
329
280
231
328
328
328
314
300
237
327
327
264
173
326
326
326
325
325
325
325
325
325
108
31
324
324
324
324
317
44
323
323
322
322
322
322
321
321
321
321
321
153
146
34
320
320
320
320
320
320
236
319
319
249
318
318
318
318
317
317
317
303
86
316
316
309
281
253
225
315
315
315
315
315
63
42
314
293
244
97
313
313
313
236
312
312
312
311
311
311
311
311
311
311
310
310
303
296
240
51
309
309
308
308
203
307
307
307
293
27
306
306
306
306
285
152
26
305
305
221
165
304
304
199
303
303
303
240
302
302
22
301
294
238
119
300
300
300
216
299
299
299
26
298
298
277
297
297
296
296
296
296
289
205
295
295
295
295
295
274
36
57
294
294
294
294
287
273
266
168
182
265
209
292
292
292
292
292
264
222
159
291
291
291
291
291
53
290
290
290
276
262
185
101
289
289
289
226
288
288
190
287
287
287
287
259
168
286
202
285
285
285
285
285
285
285
285
285
152
284
284
284
284
284
284
284
179
109
109
60
283
283
283
283
283
283
283
73
94
80
282
282
282
282
282
142
30
281
281
281
281
281
141
29
29
280
280
280
279
279
279
279
279
244
27
278
201
194
215
277
256
242
276
276
276
59
275
275
275
275
275
275
275
142
274
267
273
273
273
273
273
210
203
56
272
272
272
272
272
272
90
111
271
271
271
264
187
110
270
270
256
256
172
269
269
269
269
269
269
227
199
199
164
268
268
268
268
170
65
267
267
267
267
127
266
266
252
140
265
265
265
265
265
265
265
13
264
264
264
264
138
138
263
263
263
263
256
172
262
262
262
261
261
261
198
149
260
260
260
253
239
218
176
64
259
259
259
196
258
258
258
258
258
258
258
62
257
257
257
257
257
194
194
208
256
256
256
256
130
95
67
255
255
255
255
255
255
255
255
31
59
254
254
254
254
254
253
253
253
253
253
239
225
183
183
252
252
252
252
238
182
251
251
251
251
244
237
230
250
250
250
250
250
187
187
249
249
242
221
248
248
248
248
248
206
143
129
247
247
247
247
247
247
156
246
246
246
246
245
245
245
245
245
245
238
161
105
244
244
244
244
244
244
209
34
34
243
236
215
180
82
242
242
242
242
172
53
32
241
241
241
241
241
241
241
241
108
24
240
240
240
240
177
177
100
23
239
239
239
239
239
239
239
239
218
169
162
238
238
238
238
231
217
161
237
237
237
237
237
237
230
167
125
48
41
236
236
236
236
236
236
236
47
235
235
235
235
172
193
234
234
171
24
233
233
233
233
233
233
233
219
156
107
232
232
232
232
232
232
232
232
232
211
183
127
43
231
231
231
231
231
231
231
231
231
231
98
84
91
35
230
230
230
230
230
230
230
229
229
229
229
229
229
229
229
96
33
19
228
228
228
228
228
228
228
228
39
227
227
227
227
227
227
157
31
24
31
226
226
226
226
226
44
225
225
225
225
225
225
155
134
224
224
224
224
224
224
224
224
154
98
223
223
223
223
223
223
223
160
132
125
62
222
222
222
222
222
222
222
222
222
222
222
215
159
124
221
221
221
221
221
221
221
221
158
116
32
25
220
220
220
213
129
73
87
219
219
219
219
177
218
218
218
218
218
127
217
217
217
217
217
217
217
217
217
196
189
154
91
112
216
216
216
216
216
216
216
216
209
167
20
215
215
215
26
26
214
214
214
214
214
214
214
214
200
144
144
88
213
213
213
213
213
213
213
213
24
212
212
212
212
212
212
212
212
212
212
212
149
79
23
211
211
211
211
211
211
211
211
204
176
148
134
22
22
22
210
210
210
210
210
147
119
21
209
209
209
209
209
209
209
208
208
208
208
152
61
26
207
207
207
207
207
207
206
206
206
206
206
206
206
206
206
206
206
206
206
199
136
129
205
205
205
205
205
205
205
205
205
198
44
86
204
204
204
197
190
50
43
203
203
203
203
203
203
203
196
202
202
202
202
202
202
202
202
202
174
34
201
201
201
201
201
201
194
138
200
200
200
200
200
200
200
200
200
199
199
199
199
199
199
136
136
129
115
87
198
198
198
198
198
198
198
198
198
198
198
198
107
107
197
197
197
197
197
197
176
196
196
196
196
196
196
196
196
196
189
161
119
195
195
195
195
188
188
181
167
146
111
194
194
194
194
194
194
194
194
180
131
110
103
54
40
193
193
193
193
193
193
193
193
172
95
95
67
192
192
192
192
192
192
178
129
129
129
122
115
73
45
191
191
191
191
191
191
191
191
191
191
191
191
191
177
114
58
190
190
190
190
190
190
190
190
190
183
120
57
189
189
189
189
189
189
189
189
175
140
63
56
188
188
188
188
188
188
188
188
125
111
97
187
187
187
187
187
187
187
173
145
124
96
40
61
186
186
186
186
186
186
186
179
172
123
74
185
185
185
185
185
185
185
185
185
185
185
185
178
178
178
178
94
184
184
184
184
184
184
184
184
184
184
184
184
177
163
121
121
121
107
44
37
183
183
183
183
176
169
162
120
120
113
99
50
182
182
182
182
182
182
182
119
49
70
21
181
181
181
174
153
153
111
104
97
180
180
180
180
180
180
180
180
180
180
103
61
179
179
179
179
179
179
179
179
165
158
158
130
102
81
178
178
178
178
178
178
178
178
178
178
94
31
177
177
177
177
177
177
177
177
170
156
100
37
176
176
176
176
176
176
176
176
176
176
176
176
176
176
176
176
176
169
71
175
175
175
175
175
175
175
175
175
175
175
112
84
35
174
174
174
174
174
174
174
174
111
41
173
173
173
166
96
82
33
26
68
172
172
172
172
172
172
172
172
172
172
172
109
109
74
171
171
171
171
171
171
171
171
171
171
87
45
45
52
170
170
170
170
170
170
135
44
30
51
169
169
169
169
169
169
169
162
106
92
43
29
71
168
168
168
168
168
168
168
168
168
168
168
168
168
119
167
167
167
167
167
167
167
153
153
153
139
90
41
62
27
48
166
166
166
166
166
166
166
166
166
89
110
33
26
19
47
165
165
165
165
165
165
165
158
158
130
102
102
164
164
164
164
164
164
164
164
164
164
164
164
164
143
87
94
38
38
80
24
163
163
163
163
163
163
163
156
142
79
86
51
162
162
162
148
99
99
92
85
36
57
22
161
161
161
161
161
161
161
161
161
161
161
91
112
77
35
160
160
160
160
132
132
34
34
159
159
159
159
159
159
159
159
159
159
159
159
159
159
159
159
152
145
61
61
26
26
68
158
158
158
158
158
158
158
158
158
158
158
158
158
158
158
151
32
25
25
157
157
157
157
157
157
157
157
157
157
157
157
157
157
150
87
80
73
66
31
156
156
156
156
156
156
156
93
93
86
30
30
23
23
155
155
155
155
155
155
155
155
155
155
141
141
92
85
85
64
57
154
154
154
154
154
154
154
154
154
154
154
126
119
84
98
63
28
21
153
153
153
153
153
153
153
153
153
153
146
139
139
55
27
27
69
152
152
152
152
152
152
152
152
152
145
145
145
89
26
40
151
151
151
151
151
151
151
151
151
144
144
81
74
25
25
150
150
150
150
150
150
150
150
150
150
150
150
150
150
143
136
87
87
24
24
24
24
24
149
149
149
149
149
149
142
121
86
72
58
58
16
148
148
148
148
148
148
120
78
22
15
147
147
147
147
147
140
140
140
84
21
14
146
146
146
146
146
146
125
104
69
48
41
13
145
145
145
145
145
145
145
145
145
145
145
145
145
82
82
103
61
19
144
144
144
144
144
144
144
144
144
144
81
81
81
46
18
18
18
18
143
143
143
143
143
143
143
143
143
143
143
73
59
59
17
17
38
142
142
142
142
142
142
142
142
79
44
30
141
141
141
141
141
141
141
134
92
15
15
140
140
140
140
140
77
77
77
77
77
70
63
14
139
139
139
139
139
139
139
139
139
139
139
139
139
139
139
139
132
132
125
104
76
41
13
138
138
138
138
138
138
138
138
138
138
138
138
138
138
124
75
75
68
68
40
137
137
137
137
137
137
137
137
137
137
137
137
137
137
130
116
109
67
53
46
39
11
11
136
136
136
136
136
136
136
136
136
136
136
136
136
108
73
66
52
31
24
135
135
135
135
135
135
135
135
135
135
135
135
135
135
114
30
134
134
134
134
134
134
134
134
134
134
134
134
127
127
120
71
57
57
36
133
133
133
133
133
133
133
133
133
133
133
133
133
133
133
98
42
28
35
132
132
132
132
132
132
132
132
132
132
132
132
132
132
55
41
41
131
131
131
131
131
131
131
131
131
124
110
96
96
68
47
130
130
130
130
130
130
130
130
130
123
109
67
67
67
129
129
129
129
129
129
129
129
129
129
129
129
129
122
87
38
38
128
128
128
128
128
128
128
128
128
107
65
58
37
30
127
127
127
127
127
127
127
127
127
120
113
113
57
50
43
43
126
126
126
126
126
126
126
126
126
126
126
126
126
126
126
126
119
119
119
63
63
56
56
42
35
125
125
125
125
125
125
125
125
125
125
125
125
125
125
125
118
118
104
55
55
124
124
124
124
124
124
124
124
124
124
124
124
124
124
124
110
110
61
61
54
33
123
123
123
123
123
123
123
123
123
123
123
123
123
116
116
116
109
95
60
46
46
46
39
122
122
122
122
122
122
122
122
122
122
122
122
122
122
122
122
122
122
122
115
94
59
80
121
121
121
121
121
121
121
121
121
121
121
121
114
100
58
58
120
120
120
120
120
120
120
120
120
120
57
43
36
29
22
119
119
119
119
119
119
119
119
119
119
119
119
119
119
119
119
119
119
119
119
112
56
49
28
21
118
118
118
118
118
118
118
118
118
118
118
118
118
118
118
118
118
111
104
41
34
117
117
117
117
117
117
117
117
117
117
117
117
117
110
103
96
54
47
33
116
116
116
116
116
116
116
116
116
116
116
116
116
116
116
109
102
46
115
115
115
115
115
115
115
115
115
115
115
115
115
52
45
38
31
114
114
114
114
114
114
114
114
114
114
114
114
114
114
114
114
100
51
51
37
37
30
113
113
113
113
113
113
113
113
113
113
113
113
113
113
113
113
113
113
113
113
43
43
43
43
36
36
29
112
112
112
112
112
112
112
112
112
112
112
112
112
112
112
112
42
42
42
42
35
35
111
111
111
111
111
111
111
111
111
111
111
111
111
111
111
111
111
111
111
48
41
110
110
110
110
110
110
110
110
110
110
110
110
110
110
110
110
110
110
75
47
47
47
40
33
40
109
109
109
109
109
109
109
109
109
109
109
102
46
39
32
32
25
18
108
108
108
108
108
108
108
108
108
108
108
94
94
45
45
45
45
66
38
52
24
107
107
107
107
107
107
107
107
107
107
107
107
107
44
44
44
37
37
37
30
44
16
106
106
106
106
106
106
106
106
106
106
106
106
106
106
106
106
106
106
92
43
43
36
36
36
22
22
105
105
105
105
105
105
105
105
105
105
105
105
105
105
105
98
98
42
42
35
35
35
28
104
104
104
104
104
104
104
104
104
104
104
104
104
104
104
104
104
104
104
90
41
41
41
41
41
34
27
20
103
103
103
103
103
103
103
103
103
103
103
103
103
96
89
89
61
33
33
26
26
26
19
102
102
102
102
102
102
102
102
102
102
102
102
102
102
102
102
102
102
102
102
102
102
102
88
74
39
39
39
101
101
101
101
101
101
101
101
101
101
101
101
101
101
101
101
101
101
101
101
101
94
94
87
38
38
38
38
38
38
38
24
17
100
100
100
100
100
100
100
100
100
100
100
100
100
100
100
100
100
100
79
72
37
37
37
30
23
23
23
16
37
99
99
99
99
99
99
99
99
99
99
99
92
92
92
78
36
36
29
50
15
98
98
98
98
98
98
98
98
98
98
98
98
98
98
98
98
98
98
98
98
98
98
98
91
35
35
35
28
28
28
28
28
21
97
97
97
97
97
97
97
97
97
97
97
97
97
97
97
97
97
97
97
97
97
34
34
27
27
27
20
20
20
96
96
96
96
96
96
96
96
96
96
96
96
96
96
96
96
96
96
96
96
33
33
33
19
95
95
95
95
95
95
95
95
95
95
95
95
95
95
95
95
95
95
95
95
95
88
88
81
32
32
25
25
25
18
94
94
94
94
94
94
94
94
94
94
94
94
94
94
94
94
94
94
94
94
94
94
87
87
31
31
31
24
24
24
17
93
93
93
93
93
93
93
93
93
93
93
93
93
93
93
93
93
86
79
30
30
30
23
23
23
16
16
16
16
92
92
92
92
92
92
92
92
92
92
92
92
92
92
92
92
85
78
29
29
29
29
22
22
22
22
91
91
91
91
91
91
91
91
91
91
91
91
91
91
91
91
91
91
91
84
84
84
77
77
28
28
28
28
21
21
21
21
14
14
90
90
90
90
90
90
90
90
90
90
90
90
90
90
90
90
90
90
90
90
90
90
90
83
83
76
27
20
20
20
20
89
89
89
89
89
89
89
89
89
89
89
89
89
89
89
89
89
89
89
89
89
89
89
89
89
89
89
89
89
89
89
89
82
26
26
26
26
26
26
19
19
19
40
88
88
88
88
88
88
88
88
88
88
88
88
88
88
88
88
88
88
88
88
88
88
88
88
88
88
88
25
25
25
25
25
25
25
25
46
18
18
87
87
87
87
87
87
87
87
87
87
87
87
87
87
87
87
24
24
24
24
17
17
17
17
17
10
10
86
86
86
86
86
86
86
86
86
86
86
86
86
86
86
86
86
86
86
86
86
86
86
86
79
72
23
23
23
23
23
23
16
16
16
16
85
85
85
85
85
85
85
85
85
85
85
85
85
85
85
85
85
85
85
85
85
85
85
85
85
85
85
71
22
22
22
22
22
22
22
22
22
22
22
15
15
15
15
15
15
84
84
84
84
84
84
84
84
84
84
84
84
84
84
84
84
84
84
84
84
84
84
84
84
77
21
21
21
14
14
14
14
14
14
14
14
83
83
83
83
83
83
83
83
83
83
83
83
83
83
83
76
76
20
20
20
20
20
20
20
20
20
20
20
20
20
20
20
13
13
13
82
82
82
82
82
82
82
82
82
82
82
82
82
82
82
82
82
82
82
19
19
19
19
19
19
19
19
19
19
19
12
12
12
81
81
81
81
81
81
81
81
81
81
81
81
81
81
81
81
81
81
81
81
81
81
81
60
18
18
18
18
18
18
18
18
18
18
18
18
18
11
11
11
11
11
11
80
80
80
80
80
80
80
80
80
80
80
80
80
80
80
80
80
80
80
80
80
80
80
80
80
80
80
80
80
73
17
17
17
17
17
17
17
17
17
17
17
17
17
17
17
17
17
17
17
10
10
10
10
10
31
79
79
79
79
79
79
79
79
79
79
79
79
79
79
79
79
79
79
79
79
65
16
16
16
16
16
16
16
16
16
16
16
16
16
16
16
16
16
16
16
16
78
78
78
78
78
78
78
78
78
78
78
78
78
78
78
78
78
78
78
78
78
78
78
78
78
71
15
15
15
15
15
15
15
15
15
15
15
15
15
15
77
77
77
77
77
77
77
77
77
77
77
77
77
77
77
77
77
77
77
77
77
77
77
77
77
77
77
77
77
77
77
77
77
77
77
77
70
14
14
14
14
14
14
14
14
14
14
14
14
14
14
14
14
14
14
14
14
14
14
76
76
76
76
76
76
76
76
76
76
76
76
76
76
76
76
76
76
76
76
76
55
13
13
13
13
13
13
13
13
13
13
13
13
13
13
13
13
13
13
13
13
13
13
13
13
13
75
75
75
75
75
75
75
75
75
75
75
75
75
75
75
75
75
75
75
75
75
75
75
75
68
12
12
12
12
12
12
12
12
12
12
12
12
12
12
12
12
12
74
74
74
74
74
74
74
74
74
74
74
74
74
74
74
74
74
74
74
74
74
74
74
74
74
74
74
74
74
74
74
74
67
60
11
11
11
11
11
11
11
11
11
11
11
11
11
11
11
11
11
11
11
73
73
73
73
73
73
73
73
73
73
73
73
73
73
73
73
73
73
73
73
73
73
73
73
73
73
73
73
73
73
10
10
10
10
10
10
10
10
10
10
10
10
10
10
10
10
10
10
10
10
10
10
10
72
72
72
72
72
72
72
72
72
72
72
72
72
72
72
72
72
72
72
72
72
72
72
72
65
58
71
71
71
71
71
71
71
71
71
71
71
71
71
71
71
71
71
71
71
57
70
70
70
70
70
70
70
70
70
70
70
70
70
70
70
70
70
70
70
70
70
70
70
70
70
70
69
69
69
69
69
69
69
69
69
69
69
69
69
69
69
69
69
69
69
69
69
69
69
69
69
69
69
69
62
62
62
68
68
68
68
68
68
68
68
68
68
68
68
68
68
68
68
68
68
68
68
68
68
68
68
68
68
68
54
67
67
67
67
67
67
67
67
67
67
67
67
67
67
67
67
67
67
67
67
60
66
66
66
66
66
66
66
66
66
66
66
66
66
66
66
66
66
66
66
66
66
66
66
66
66
66
66
66
66
66
66
65
65
65
65
65
65
65
65
65
65
65
65
65
65
65
58
58
51
51
44
64
64
64
64
64
64
64
64
64
64
64
64
64
64
64
64
64
64
64
64
64
64
64
64
64
64
57
57
63
63
63
63
63
63
63
63
63
63
63
63
63
63
63
63
63
63
63
63
63
63
63
63
63
63
63
63
63
56
49
62
62
62
62
62
62
62
62
62
62
62
62
62
62
62
62
62
62
62
62
62
62
62
62
55
55
61
61
61
61
61
61
61
61
61
61
61
61
61
61
61
61
61
61
61
61
61
61
61
61
61
61
61
61
61
61
61
61
61
54
54
54
60
60
60
60
60
60
60
60
60
60
60
60
60
60
60
60
60
60
60
60
60
60
60
60
60
60
60
60
60
60
60
60
60
53
59
59
59
59
59
59
59
59
59
59
59
59
59
59
59
59
59
59
59
59
59
59
59
59
59
59
58
58
58
58
58
58
58
58
58
58
58
58
58
58
58
58
58
58
58
58
58
58
58
58
58
58
58
58
58
58
58
58
58
51
57
57
57
57
57
57
57
57
57
57
57
57
57
57
57
57
57
57
57
57
57
57
57
57
57
57
57
57
57
57
57
56
56
56
56
56
56
56
56
56
56
56
56
56
56
56
56
56
56
56
56
56
56
56
56
56
56
56
56
56
56
56
56
56
56
56
56
49
49
42
42
55
55
55
55
55
55
55
55
55
55
55
55
55
55
55
55
55
55
55
55
55
55
55
55
55
55
55
55
55
55
55
55
55
55
55
55
55
55
55
55
55
55
55
55
55
54
54
54
54
54
54
54
54
54
54
54
54
54
54
54
54
54
54
54
54
54
54
54
54
54
54
54
54
54
54
54
54
54
54
54
54
54
54
54
54
40
53
53
53
53
53
53
53
53
53
53
53
53
53
53
53
53
53
53
53
53
53
53
46
52
52
52
52
52
52
52
52
52
52
52
52
52
52
52
52
52
52
52
52
52
52
52
52
52
52
52
52
52
52
52
52
52
52
52
52
52
52
52
52
52
52
52
52
52
52
52
52
52
52
51
51
51
51
51
51
51
51
51
51
51
51
51
51
51
51
51
51
51
51
51
51
51
51
51
51
51
51
51
51
51
51
51
44
23
50
50
50
50
50
50
50
50
50
50
50
50
50
50
50
50
50
50
50
50
50
50
50
50
50
50
50
50
50
50
50
50
49
49
49
49
49
49
49
49
49
49
49
49
49
49
49
49
49
49
49
49
49
49
49
49
49
49
49
49
49
49
49
49
49
49
35
48
48
48
48
48
48
48
48
48
48
48
48
48
48
48
48
48
48
48
48
48
48
48
48
48
48
48
48
48
48
48
48
47
47
47
47
47
47
47
47
47
47
47
47
47
47
47
47
47
47
47
47
47
47
47
47
47
47
47
47
46
46
46
46
46
46
46
46
46
46
46
46
46
46
46
46
46
46
46
45
45
45
45
45
45
45
45
45
45
45
45
45
45
45
45
45
45
45
45
45
45
45
45
45
45
45
45
45
45
45
45
45
45
44
44
44
44
44
44
44
44
44
44
44
44
44
44
44
44
44
44
43
43
43
43
43
43
43
43
43
43
43
43
43
43
43
43
43
42
42
42
42
42
42
42
42
42
42
42
42
42
42
42
42
42
42
42
42
42
41
41
41
41
41
41
41
34
20
40
40
40
40
40
40
40
40
40
40
40
40
40
40
40
39
39
39
39
39
39
39
39
38
38
38
31
37
37
37
37
37
35
35
32
31
