36000
35788
23863
20698
9614
8462
8026
8004
7823
7549
7077
6653
5356
5209
4141
3993
3786
3546
3186
2775
2767
2740
2526
2499
2421
2335
2295
2273
2182
2112
2039
2024
1987
1940
1839
1773
1812
1671
1667
1641
1612
1522
1504
1492
1303
1295
1259
1248
1234
1218
1216
1209
1197
1153
4608355
1086
1078
1074
1048
1027
1008
990
958
951
934
922
914
910
883
860
860
853
850
837
830
828
790
785
755
751
750
748
746
744
742
734
723
718
710
708
680
673
667
659
655
640
635
624
622
621
617
615
610
609
605
545
513
510
502
498
495
494
477
476
469
459
452
449
439
420
416
411
405
4502
404
402
401
395
389
386
382
379
379
375
374
371
371
369
368
365
361
354
354
353
353
352
349
346
344
342
338
338
336
334
333
328
328
327
326
326
326
323
317
316
315
314
314
312
309
308
306
303
301
300
297
296
295
293
289
289
287
286
286
285
284
283
282
282
1468
279
276
274
270
269
269
267
265
265
263
263
262
260
255
254
896475
253
250
249
987276
248
248
245
244
241
240
238
237
236
236
236
236
235
235
233
233
231
230
229
228
225
222
222
219
219
215
214
210
210
209
203
203
202
201
200
200
2256
196
195
194
192
191
778916
189
188
188
187
187
187
187
186
186
186
184
184
184
183
183
182
180
180
178
178
178
177
624986
176
176
175
174
174
173
173
173
172
169
169
169
168
168
168
168
167
166
165
164
164
164
163
161
161
160
160
160
159
159
159
158
158
158
158
157
157
156
154
153
152
152
151
151
150
150
148
148
147
146
145
145
145
145
145
145
144
143
143
142
140
138
138
138
138
138
137
137
135
135
135
134
132
129
128
128
126
124
124
123
122
122
122
121
120
120
120
405
118
117
117
116
115
114
113
113
112
112
110
110
110
108
433911
107
105
105
105
105
105
105
105
104
103
103
102
102
101
100
98
98
97
99
95
94
92
92
92
91
91
91
90
90
90
90
790
89
89
88
87
86
85
85
84
84
84
82
82
81
81
80
77
76
76
75
75
74
74
73
72
72
72
72
72
69
69
68
68
67
67
65
65
65
64
64
64
62
61
60
60
241747
58
58
147
55
73
54
52
48
395
45
45
129
98363
65506
238
92933
179
40
10121
78700
135
61806
67273
143
64215
51329
58
153
54
52648
49493
63
70
47046
36
39
40115
82
42200
28953
49
45
43
40372
17179
37927
38622
97
198
36657
336
29531
33922
94
32417
11701
31984
31551
54
30464
85
3106
53
9678
29114
73
51
35
36
22
73
26944
70
127
25717
22630
18145
34
25111
208
24803
51
39
32
75
24007
23880
22999
77
66
23
17791
59
37
29
28
27
12
99
19598
21
16
18971
309
78
18397
18117
56
14267
17148
30
29
31
28
14
82
39
41
40
37
27
13
25
24
22
17
12
15691
84
15403
403
14293
14791
14682
16
6187
22
14451
77
179
6504
13936
20
12
47
13629
27
17
260
724
13
44
27
12610
98
88
33
15
24
10
65
72
57
55
47
32
52
38
45
38
37
36
33
32
25
31
28
26
24
16
21
19
16
16
15
14
13
13
11
12149
8067
41
11415
11346
11194
11149
11090
10427
30
32
552
9373
10080
1013
1412
29
16
35
30
43
20
46
59
71
31
9211
6222
107
8783
30
61
17
45
34
4547
14
11
8720
8725
10
15
19
8716
14
11
181
14
8401
14
31
76
3533
53
94
24
21
22
13
13
18
13
44
64
35
57
50
51
30
29
45
45
28
39
32
38
38
23
22
34
27
25
31
30
30
29
21
27
27
12
12
25
18
24
24
24
23
23
22
22
21
21
21
20
20
8209
19
19
19
19
19
19
12
12
18
11
17
10
16
15
15
15
14
14
14
12
12
12
11
10
10
10
7436
8087
58
7070
7535
7972
7171
7833
231
64
6319
7522
30
7458
69
7264
7132
6203
2116
33
41
6795
6750
33
6336
6282
94
4842
2026
32
3848
13
51
6041
3503
648
6096
6055
6003
23
5979
5933
5918
5908
5899
5895
5806
573
40
67
2368
12
60
5680
47
26
5584
5480
337
5538
4943
55
5481
5412
13
25
5326
13
47
76
46
51
23
3225
68
5175
19
31
5153
34
34
34
26
25
23
18
15
340
5115
4965
5083
2858
81
5017
459
5011
4979
4976
4962
4968
212
4869
4877
4904
4367
288
4888
4866
39
4835
4831
4830
4823
144
107
4816
13
46
4764
31
64
4729
77
29
62
18
37
23
35
32
24
27
4688
17
53
32
64
59
52
38
27
29
38
22
14
27
32
17
30
28
21
25
18
11
23
22
20
20
11
17
16
16
16
15
15
14
14
13
12
11
10
2563
4432
4421
315
133
4393
113
76
4350
43
4319
216
4309
128
48
4269
22
86
22
18
4231
2633
25
102
23
2659
27
19
46
99
29
15
3290
28
4188
30
15
21
27
19
12
23
22
15
3612
21
19
4170
55
34
4162
40
56
48
52
44
44
50
49
42
48
47
33
4127
46
46
25
45
10
44
43
36
36
42
35
41
41
41
41
41
41
40
40
33
33
33
26
39
39
39
39
25
38
38
38
38
38
38
37
37
37
37
30
30
23
23
36
36
36
36
29
22
35
35
35
35
35
35
35
35
14
14
42
34
34
34
34
34
34
34
34
27
20
33
33
33
33
33
33
32
32
32
32
32
32
32
32
32
32
25
25
31
31
31
24
30
30
30
30
30
30
30
23
23
16
4124
29
29
29
29
29
29
29
29
29
22
22
22
22
15
15
28
28
28
28
28
28
28
28
28
21
21
14
14
27
27
27
27
27
27
27
27
27
27
27
27
27
27
27
27
20
20
20
13
26
26
26
26
26
26
26
26
26
19
19
19
12
25
25
25
25
25
25
25
25
25
25
25
25
25
25
32
24
24
24
24
24
24
24
24
24
24
24
24
24
17
17
17
10
4118
23
23
23
23
23
23
23
23
16
16
16
16
16
16
22
22
22
22
22
22
22
22
22
22
22
22
22
22
22
22
21
21
21
21
21
21
21
21
14
14
14
20
20
20
20
20
20
20
20
20
20
20
20
13
19
19
19
19
19
19
19
19
19
19
19
19
19
12
12
12
12
18
18
18
18
18
18
18
18
18
18
18
11
11
17
17
17
17
17
17
17
17
17
17
17
17
17
17
10
10
10
16
16
16
16
16
16
16
16
16
16
16
16
16
16
16
16
16
16
16
16
16
16
16
16
16
16
16
16
16
16
15
15
15
15
15
15
15
15
15
15
15
15
15
15
15
15
15
15
15
15
15
14
14
14
14
14
14
14
14
14
14
14
14
14
14
14
14
14
14
14
14
14
14
14
14
14
14
14
13
13
13
13
13
13
13
13
13
13
13
13
13
13
13
13
13
13
13
13
13
13
13
13
13
4107
12
12
12
12
12
12
12
12
12
12
12
12
12
12
12
12
12
12
11
11
11
11
11
11
11
11
11
11
11
11
11
11
11
11
11
11
11
11
11
11
11
11
11
11
11
11
11
11
11
11
11
11
11
11
10
10
10
10
10
10
10
10
10
10
10
10
10
10
10
10
10
10
10
10
10
10
10
10
10
10
10
10
10
10
10
3863
999
3748
3514
4017
4012
3976
216
3925
2793
3911
1955
3867
72
3844
3760
3721
3754
3726
3669
3627
3585
3556
3544
3539
3508
3506
41
3456
3443
3383
3403
3401
3359
198
3281
3272
3243
3214
3195
765
3188
121
55
3088
2757
632
3137
409
25
33
38
3092
19
2543
3030
2997
2969
92
132
2813
2911
2903
2779
2823
113
82
2799
22
2793
2768
2697
2749
2745
2738
2709
1183
2707
19
2681
2680
52
49
2538
23
2566
2642
2639
2636
2385
2620
51
2611
46
40
2594
2571
31
2574
2573
2538
2532
2515
2514
2503
2500
1653
2495
2494
2374
2487
2333
2454
2464
2453
2444
2437
2407
1607
2411
2423
1222
2409
1043
66
2400
2400
2361
2374
2367
2360
1662
2332
189
2311
2308
2304
2301
2297
2294
2289
46
2274
2252
66
2206
2246
2245
52
2218
44
1666
2196
878
81
2175
2170
863
2162
2157
623
2152
2120
93
2126
2111
2098
1426
2090
1824
2095
51
49
32
39
2067
2066
22
1552
19
2062
2062
2055
2051
2039
2004
2015
1981
1414
1978
949
1976
1960
1918
1957
1955
1955
1944
1934
1752
172
983
1927
1921
1914
1900
1837
1897
1892
1890
1877
1305
64
1811
1861
1020
246
1748
1842
154
810
1733
1825
1812
1805
73
1798
1797
89
1796
1791
82
1789
45
1276
1784
1782
1775
241
1751
13
1745
1734
1705
1725
1724
1715
100
1543
23
1708
1708
23
299
311
73
539
1004
1358
1650
26
1638
245
1635
1628
78
1631
1616
34
23
1619
12
1614
1612
470
1606
1585
1591
26
200
1587
1587
11
39
32
45
1573
39
32
1571
523
191
29
15
21
13
1559
1558
25
25
1557
24
24
19
18
1549
16
15
1540
1511
972
1537
865
879
93
1334
1523
1488
1517
1513
1509
1507
1436
1502
1501
973
1453
67
1491
376
1484
973
1482
1432
1480
1472
1478
1478
1478
1464
1476
216
1474
984
1429
1468
1405
1256
1464
1463
201
1455
1455
853
1452
28
1383
1318
310
895
1433
1341
1428
1134
1419
1216
1425
1425
1424
549
633
1422
1418
812
1413
1280
1412
1409
93
1406
1403
1402
1397
261
171
1388
336
360
1369
1250
1371
1370
1369
1368
1368
1366
1362
79
1092
1356
609
1349
1347
1346
544
40
1341
1337
1329
1335
102
1333
752
1332
1330
1330
1325
37
224
105
1229
900
1310
1307
1306
1304
1303
266
1299
1298
1294
1290
64
105
119
41
1286
260
1281
1279
1277
755
1263
38
728
1259
1259
1252
1251
68
1031
110
731
191
21
1223
1222
431
151
18
1235
1219
581
188
1227
940
716
72
23
742
21
13
712
1115
1196
33
1215
692
1207
675
1206
884
1198
1147
411
26
53
1121
1196
304
1192
1189
1186
1172
682
642
1180
1178
1177
147
28
26
11
1172
1172
23
1169
1168
20
1166
1074
1164
1164
1164
1161
12
1159
123
1130
1157
1150
519
1155
1155
84
1154
1150
555
58
616
125
59
44
897
36
1120
1132
1138
1134
1078
1133
1056
41
1130
1130
1032
45
30
1128
1071
41
103
40
33
94
37
29
29
84
594
33
95
95
31
29
15
1113
83
89
1108
16
21
14
1103
67
18
1100
15
1099
1099
68
39
11
11
526
1008
61
1061
1088
1086
1085
1085
861
1084
1083
558
54
1081
1080
1078
1077
1074
1073
64
1071
49
1070
48
1069
47
44
37
1065
43
14
20
1062
40
12
1026
38
38
1059
37
35
35
28
1056
1056
33
33
32
32
32
31
31
17
30
30
23
23
16
29
29
511
28
28
363
27
27
27
1048
19
12
25
24
520
23
23
23
23
16
22
22
22
22
15
21
21
14
14
1042
1041
530
19
19
18
18
11
11
1039
17
17
16
1037
1030
15
15
15
14
14
14
1035
909
13
13
13
1034
446
12
12
12
12
81
11
11
1032
10
10
10
1031
1031
1030
519
1028
1026
1026
998
1022
1022
1020
158
854
1008
1004
1001
1001
1001
998
991
997
234
996
994
994
994
989
470
986
440
452
979
978
976
878
359
974
973
972
377
61
430
967
965
951
73
961
960
434
937
956
946
876
951
951
922
40
949
949
949
949
100
946
946
944
943
943
421
937
936
936
51
932
931
931
175
928
893
794
926
925
862
924
770
909
643
921
920
101
919
919
72
918
915
152
914
851
157
772
911
911
909
909
909
908
390
292
900
905
904
168
385
364
117
900
557
368
339
896
882
893
893
891
253
881
887
880
886
613
340
885
885
862
882
35
879
876
148
364
69
873
866
19
872
872
871
870
288
770
867
865
830
228
354
863
135
288
861
819
860
859
858
828
854
818
852
831
75
850
850
667
848
15
847
845
759
841
841
330
840
28
836
647
835
835
401
834
834
833
832
810
250
830
830
816
732
828
799
127
825
34
810
229
822
808
821
814
820
308
818
818
804
272
242
815
801
290
810
810
796
809
359
282
294
803
803
802
801
800
800
709
65
37
288
287
706
286
796
795
788
794
794
793
793
527
37
76
788
788
648
200
786
785
708
784
784
763
782
54
40
116
779
744
743
776
181
775
726
774
256
772
772
485
771
764
756
161
48
768
768
586
767
767
683
389
109
766
45
58
743
729
763
553
252
755
684
166
54
759
759
759
758
37
757
756
754
348
103
753
599
235
39
752
752
752
668
227
220
750
50
749
35
21
748
236
39
745
744
583
743
743
742
224
21
741
34
229
166
165
123
738
227
206
136
94
24
737
737
37
736
736
36
734
734
734
671
13
733
649
222
33
19
732
725
704
660
729
694
728
728
728
427
76
19
725
725
697
564
193
67
60
709
722
721
42
69
20
719
110
718
186
179
708
71
714
714
714
714
175
713
622
711
711
711
60
101
709
673
190
706
706
706
692
160
705
194
110
704
683
67
598
45
562
100
407
274
699
573
180
33
697
696
696
38
695
695
694
603
693
693
49
55
691
691
690
690
613
46
689
688
674
170
163
687
687
686
686
686
63
140
685
166
683
368
674
667
79
680
169
148
679
650
677
677
19
676
676
669
612
535
381
66
38
38
38
674
674
30
23
672
671
671
68
669
669
137
32
32
25
661
80
667
583
457
429
666
666
666
29
665
357
28
28
28
28
21
27
27
663
663
166
26
662
661
563
283
108
107
23
16
659
561
519
658
658
84
70
657
657
139
19
123
654
654
654
654
73
639
121
107
16
505
141
134
15
651
651
581
91
650
13
649
145
138
12
39
32
646
646
623
112
49
642
19
641
641
389
221
53
640
51
638
637
49
636
636
34
635
117
627
543
46
619
122
275
58
631
631
617
630
616
560
525
35
629
118
628
628
117
627
613
619
619
542
108
108
101
624
624
624
85
43
36
49
622
622
195
621
33
620
564
46
46
39
619
619
618
29
105
98
42
601
90
41
41
614
614
82
613
39
25
18
612
115
38
38
31
429
610
337
92
29
29
588
119
35
21
608
33
33
33
26
606
606
95
32
25
25
25
605
66
31
31
31
24
72
30
30
23
23
582
29
29
29
29
29
22
22
602
602
147
28
28
83
69
20
502
26
26
19
12
599
25
18
18
598
87
24
24
24
17
17
17
23
16
16
16
526
78
22
22
22
22
22
595
595
595
84
21
21
21
21
14
14
14
20
20
593
593
61
19
19
12
592
592
592
592
592
305
74
18
18
18
18
18
80
17
17
17
38
10
590
590
79
16
16
16
16
16
16
15
15
15
15
15
15
15
15
15
588
588
581
490
476
273
77
14
14
14
14
14
14
587
76
62
13
586
586
586
572
61
12
12
12
11
11
11
11
584
584
52
38
10
583
583
583
576
582
71
71
71
581
413
580
580
552
482
69
69
579
579
579
572
578
578
577
66
576
576
576
575
575
64
574
574
553
371
573
573
573
237
97
62
55
41
572
572
572
404
571
571
60
53
157
415
58
51
51
567
567
567
560
560
56
56
56
56
49
35
35
566
566
461
54
54
40
19
53
53
46
563
563
52
45
562
562
562
58
51
44
37
561
540
498
43
43
36
560
560
49
49
42
42
559
559
48
48
34
34
27
47
47
47
12
557
319
46
32
556
556
45
45
31
43
553
553
525
63
42
35
35
35
552
552
538
41
27
551
488
320
39
39
39
32
32
25
18
38
38
24
457
37
37
30
30
547
547
526
330
36
36
36
36
29
29
22
546
546
546
140
35
35
35
35
28
545
545
524
34
34
34
34
544
411
33
33
33
33
33
33
33
33
26
26
19
12
543
179
32
32
32
32
32
32
32
25
18
11
535
528
472
31
31
31
31
31
31
31
31
31
31
24
17
30
30
30
30
30
30
30
30
30
30
30
30
23
23
498
29
29
29
29
29
29
29
29
29
29
22
22
15
539
28
28
28
28
28
28
28
28
28
28
28
21
21
14
14
538
27
27
27
27
27
27
27
27
27
20
20
20
20
20
13
537
537
537
523
502
26
26
26
26
26
26
26
26
26
26
19
19
19
536
25
25
25
25
25
25
25
25
25
25
25
25
25
25
25
25
25
25
25
18
18
18
18
11
11
11
535
24
24
24
24
24
24
24
24
24
24
24
24
24
24
24
17
17
17
23
23
23
23
23
23
23
23
23
23
23
23
23
23
23
23
23
533
197
22
22
22
22
22
22
22
22
22
22
22
22
22
22
22
22
22
22
15
15
15
532
518
21
21
21
21
21
21
21
21
21
21
21
21
14
14
531
531
440
20
20
20
20
20
20
20
20
20
20
20
20
20
20
20
20
20
20
20
20
20
20
20
20
20
20
495
19
19
19
19
19
19
19
19
19
19
19
19
19
19
19
19
19
19
19
19
19
19
19
19
19
12
12
12
12
18
18
18
18
18
18
18
18
18
18
18
18
18
18
18
18
18
18
18
18
18
18
18
18
18
18
18
18
18
18
18
18
18
18
18
18
18
18
18
18
18
18
18
11
11
528
430
269
17
17
17
17
17
17
17
17
17
17
17
17
17
17
17
17
17
17
17
17
17
17
17
17
17
10
10
10
10
10
10
352
352
16
16
16
16
16
16
16
16
16
16
16
16
16
16
16
16
16
16
16
16
16
16
16
16
16
16
16
16
16
16
16
16
16
16
16
16
16
16
526
337
15
15
15
15
15
15
15
15
15
15
15
15
15
15
15
15
15
15
15
15
15
15
15
15
15
15
15
15
15
525
525
14
14
14
14
14
14
14
14
14
14
14
14
14
14
14
14
14
14
14
14
14
14
14
14
14
14
14
14
14
14
14
14
14
14
14
14
14
14
14
14
14
14
524
517
13
13
13
13
13
13
13
13
13
13
13
13
13
13
13
13
13
13
13
13
13
13
13
13
13
13
13
13
13
13
13
13
13
13
13
523
523
12
12
12
12
12
12
12
12
12
12
12
12
12
12
12
12
12
12
12
12
12
12
12
12
12
12
12
12
12
12
12
12
12
12
12
12
12
12
12
12
12
12
12
12
12
12
12
12
12
12
12
515
109
11
11
11
11
11
11
11
11
11
11
11
11
11
11
11
11
11
11
11
11
11
11
11
11
11
11
11
11
11
11
11
11
11
11
11
11
11
11
11
11
11
11
11
11
11
11
11
11
11
11
11
11
11
11
11
11
521
521
10
10
10
10
10
10
10
10
10
10
10
10
10
10
10
10
10
10
10
10
10
10
10
10
10
10
10
10
10
10
10
10
10
10
10
10
10
10
10
10
10
10
10
10
10
10
10
10
10
10
10
10
10
10
10
10
10
10
10
10
10
10
492
519
518
518
447
516
516
516
516
509
515
515
514
514
479
513
512
512
435
510
510
510
503
503
508
508
452
507
507
507
479
276
506
506
506
436
505
288
504
434
252
503
503
502
138
501
501
501
501
381
164
499
498
498
497
497
413
496
404
494
312
409
492
323
85
490
490
490
489
489
461
153
487
487
486
486
484
414
483
469
105
35
482
482
419
349
481
474
116
479
479
478
478
464
477
477
477
476
476
399
357
475
475
475
286
474
474
474
474
467
473
473
473
473
284
67
472
444
471
470
449
469
469
455
224
468
467
467
40
466
466
403
396
451
464
450
387
435
434
434
203
461
461
461
461
384
342
460
460
460
453
446
439
459
459
459
438
431
458
458
458
458
367
457
457
456
456
456
449
449
274
455
455
287
454
453
453
453
453
453
452
452
451
451
451
451
451
318
450
450
450
352
449
449
442
316
448
448
448
447
447
446
334
117
242
444
444
443
443
373
442
246
176
441
434
439
439
438
437
66
436
114
435
434
434
434
406
399
294
433
426
419
384
432
432
425
431
424
340
298
46
430
430
430
416
87
429
429
429
422
422
387
393
420
420
343
119
412
384
425
425
376
348
424
424
424
417
423
423
416
409
80
101
422
422
408
421
421
421
407
400
274
420
420
259
252
419
412
418
418
152
417
416
416
248
415
415
414
414
414
99
413
413
399
412
411
411
411
411
397
397
89
47
410
396
382
326
409
409
401
380
407
351
351
406
406
405
405
405
405
391
328
48
404
404
404
327
339
150
401
379
399
399
399
399
273
398
398
397
397
166
396
395
395
395
381
332
325
394
394
352
393
393
393
393
393
393
393
392
392
49
391
391
391
356
279
125
390
390
389
389
326
319
88
388
388
388
325
290
213
387
387
387
387
387
380
366
386
386
386
386
253
50
385
385
385
385
357
384
384
384
314
382
382
382
382
375
368
361
312
291
381
381
171
380
380
380
366
324
289
303
114
379
378
378
371
308
322
376
376
376
376
369
348
375
375
375
375
374
332
318
373
373
359
317
372
372
371
371
371
301
370
286
369
369
369
369
368
368
368
368
361
228
367
346
283
366
366
352
365
365
365
365
295
281
364
364
364
364
364
280
273
363
363
342
265
362
362
362
362
362
355
278
361
361
361
360
360
136
359
359
331
275
358
358
203
35
56
356
356
356
356
321
355
355
355
292
229
222
354
353
353
353
276
297
352
352
282
233
121
351
351
344
344
309
225
322
349
349
279
272
348
348
348
348
341
54
347
340
235
346
346
346
346
346
344
344
330
267
43
343
343
343
343
343
203
126
154
70
49
342
342
342
279
104
341
334
334
313
340
333
277
249
339
338
338
338
198
337
295
71
336
336
329
182
42
335
320
306
271
96
54
333
333
333
333
326
319
332
332
332
332
227
73
331
331
331
324
317
261
205
330
329
329
329
42
328
230
202
48
327
264
285
326
228
67
325
325
318
324
324
324
324
317
156
323
323
323
323
309
309
260
322
322
322
322
322
294
259
252
35
56
321
321
321
321
321
237
320
299
319
319
319
319
319
319
319
256
214
53
318
38
317
317
317
317
254
316
309
29
315
315
315
315
294
84
314
313
313
313
187
173
166
312
249
263
102
311
311
311
311
304
206
310
310
310
233
184
309
309
309
309
288
190
308
308
308
307
307
307
307
34
306
306
305
305
39
74
304
304
108
45
31
303
303
303
303
303
226
274
239
36
36
301
301
294
252
140
300
293
83
299
299
299
299
236
298
298
298
298
298
297
297
297
234
220
150
45
296
296
149
142
295
295
295
295
294
294
294
294
294
287
293
293
167
41
292
292
292
257
250
194
131
40
291
291
207
39
290
164
101
289
289
289
289
289
288
288
288
288
281
225
287
287
287
273
210
140
28
286
286
286
286
286
286
286
286
272
285
285
285
285
285
285
278
194
284
284
284
284
277
256
32
32
283
255
241
213
206
192
282
282
261
86
281
281
281
267
148
78
280
189
28
279
55
27
278
278
215
208
173
159
110
277
277
277
277
277
277
214
137
137
102
276
276
276
276
276
269
262
206
199
150
129
59
254
149
274
274
274
274
274
211
197
169
113
155
273
273
189
91
272
244
202
271
271
271
271
271
271
271
264
194
270
270
270
102
18
269
269
220
199
268
268
268
121
135
267
267
267
267
267
246
246
239
204
204
141
266
266
266
266
265
265
265
265
258
258
202
167
264
264
264
264
264
187
145
110
263
263
263
263
263
263
186
165
95
53
262
129
52
45
261
261
261
261
261
254
184
170
260
260
246
225
71
106
106
259
259
259
259
259
259
259
259
126
258
195
69
257
257
173
256
256
256
256
256
256
256
242
242
165
39
255
255
255
255
255
255
178
150
254
254
254
254
254
254
177
253
253
218
190
127
36
252
252
252
189
105
49
251
251
251
251
251
251
244
223
188
27
250
250
250
173
96
249
249
249
248
248
248
248
241
247
247
247
247
247
247
247
121
58
51
246
246
246
246
246
246
176
169
50
106
245
245
245
245
245
224
175
168
126
35
244
167
153
146
62
243
243
243
243
243
243
243
243
243
243
54
242
242
242
242
88
241
171
240
240
233
233
163
149
51
239
239
239
239
239
239
239
239
239
50
238
238
238
238
217
56
237
237
237
237
104
125
27
236
236
194
26
235
235
235
235
235
235
235
123
25
234
185
24
233
233
233
233
233
219
93
100
232
232
232
232
232
232
225
218
120
57
231
231
231
231
231
231
231
231
231
224
154
35
28
230
230
230
230
230
230
223
34
229
229
229
229
229
229
229
229
229
166
159
152
228
228
228
228
228
158
158
60
227
227
227
227
227
206
164
226
226
226
142
100
107
37
23
225
225
225
225
225
155
113
50
224
224
224
224
224
224
224
224
224
210
203
182
154
126
35
35
28
223
223
223
223
223
209
209
97
62
55
222
222
222
222
215
194
159
138
47
221
221
221
221
221
221
221
221
123
32
60
220
220
220
206
136
108
219
219
219
219
212
156
142
128
30
218
218
218
218
218
218
218
155
148
120
92
22
217
217
217
217
217
189
91
56
28
216
216
216
216
216
216
202
146
215
215
215
215
215
215
215
215
208
208
82
26
214
214
214
214
214
172
74
25
25
18
213
213
213
150
212
212
212
212
212
212
86
211
211
211
211
211
211
211
211
127
210
210
210
210
210
210
210
210
161
77
209
209
209
209
209
202
202
132
132
69
208
208
208
208
208
208
194
187
145
166
138
82
207
207
207
207
207
207
207
193
179
144
137
130
116
67
206
206
206
206
206
206
143
17
205
205
205
205
205
205
205
191
142
65
16
204
204
204
204
204
204
204
190
134
78
203
203
182
133
126
56
14
202
202
202
202
202
202
202
104
104
76
48
201
201
201
201
201
201
201
194
138
200
200
200
200
200
200
200
200
186
165
39
199
199
199
199
199
199
192
185
45
31
52
198
198
198
198
135
114
100
93
197
197
197
197
197
197
197
197
197
197
197
169
78
43
196
196
196
196
196
133
112
63
195
195
195
195
195
195
132
146
146
69
55
194
194
194
194
194
187
152
124
103
68
193
193
193
193
193
193
193
193
186
172
130
123
116
109
95
95
192
192
192
192
171
101
31
191
191
191
191
191
191
191
191
191
191
191
107
190
190
190
190
190
190
183
183
57
50
189
189
189
189
189
189
189
189
189
182
119
188
188
125
125
97
55
27
187
187
187
187
187
180
173
145
110
47
186
186
186
186
186
186
123
102
185
185
185
178
178
171
101
184
184
184
184
177
149
114
107
128
72
44
30
183
183
183
183
183
183
183
176
120
120
113
43
182
182
182
182
182
175
98
181
181
181
181
181
181
181
181
181
181
160
118
104
55
27
180
180
180
180
180
173
166
110
103
179
179
179
179
179
172
158
116
53
32
178
178
178
178
178
178
178
178
178
171
115
115
108
177
177
177
177
177
177
177
177
170
23
176
176
176
176
176
176
176
162
162
162
175
175
175
175
175
175
175
175
175
175
168
161
91
84
28
174
174
174
174
174
174
174
167
167
111
111
111
132
104
125
173
173
173
173
173
110
110
47
47
61
19
172
172
172
158
151
95
25
171
171
171
171
171
171
171
45
52
170
170
170
170
170
170
170
170
170
170
170
107
93
86
86
79
23
169
169
169
169
169
169
169
162
162
148
148
106
106
106
106
36
15
168
168
168
168
168
168
168
168
168
168
154
126
98
91
42
70
167
167
167
167
167
167
160
90
90
83
41
166
166
166
159
159
152
145
96
89
89
33
26
26
165
165
165
165
165
151
95
95
81
39
32
32
164
164
164
164
164
164
164
164
164
101
73
31
52
163
163
163
163
156
156
149
100
23
16
162
162
162
162
162
162
162
162
127
127
99
29
22
161
161
161
161
161
161
161
154
77
70
21
160
160
160
160
160
146
132
90
34
34
27
27
27
159
159
159
159
159
159
159
159
159
159
152
138
89
26
26
158
158
158
158
158
158
158
88
88
109
81
88
88
18
157
157
157
157
157
157
150
136
94
38
156
156
156
156
156
156
156
156
142
93
86
65
30
16
155
155
155
155
155
155
155
155
155
155
155
92
22
154
154
154
154
154
154
154
154
154
147
91
91
153
153
153
153
153
153
153
153
90
83
83
69
69
62
27
152
152
152
152
152
152
152
152
152
152
117
89
82
75
68
68
26
151
151
151
151
151
151
151
151
137
88
53
25
25
25
150
150
150
150
150
150
150
143
80
80
73
24
24
24
149
149
149
149
149
149
149
149
149
149
149
149
79
72
72
72
65
65
16
148
148
148
148
148
148
148
148
148
148
148
148
148
141
134
85
85
85
71
71
22
22
147
147
147
147
147
147
147
147
147
147
140
84
84
63
56
21
146
146
146
146
146
146
146
146
83
76
76
55
55
20
20
13
145
145
145
145
145
145
145
145
145
138
131
19
19
19
19
12
144
144
144
144
144
144
144
144
144
130
130
81
18
18
18
18
143
143
143
143
143
143
143
143
143
143
143
143
143
129
80
73
73
17
38
142
142
142
142
142
142
142
142
142
142
121
72
72
65
51
65
16
16
16
16
30
141
141
141
141
141
141
141
141
134
134
127
78
15
15
22
140
140
140
140
140
140
140
140
140
140
140
119
63
14
14
139
139
139
139
139
139
139
139
139
139
76
13
13
138
138
138
138
138
138
138
138
131
124
117
117
89
137
137
137
137
137
137
137
137
137
137
137
137
137
130
116
74
74
74
74
74
67
67
11
136
136
136
136
136
136
136
136
136
136
136
136
136
136
136
136
115
66
59
52
10
31
135
135
135
135
135
135
135
135
128
128
128
121
72
72
72
65
44
134
134
134
134
134
134
134
134
127
127
106
64
64
64
57
29
133
133
133
133
133
133
133
133
133
126
63
49
42
132
132
132
132
132
132
132
132
132
125
125
69
69
69
62
62
62
48
131
131
131
131
131
131
131
131
131
131
131
68
68
54
130
130
130
130
130
130
123
116
102
67
60
46
25
46
129
129
129
129
129
129
129
129
129
129
129
66
66
66
59
59
128
128
128
128
128
128
128
128
128
128
128
128
121
121
121
51
44
30
127
127
127
127
127
127
127
127
127
127
127
127
127
127
127
106
64
57
57
29
126
126
126
126
126
126
126
126
126
119
63
49
42
35
125
125
125
125
125
125
125
125
125
125
125
125
125
125
125
118
111
62
55
55
124
124
124
124
124
124
124
124
124
110
61
40
123
123
123
123
123
123
123
123
123
123
123
123
123
123
109
60
81
39
32
122
122
122
122
122
122
122
122
122
122
115
115
59
80
52
52
52
121
121
121
121
121
121
121
121
121
121
121
58
58
44
30
120
120
120
120
120
120
120
120
120
113
57
57
50
36
119
119
119
119
119
119
119
119
119
112
91
91
84
56
56
42
35
35
118
118
118
118
118
118
118
118
104
104
48
48
20
117
117
117
117
117
117
117
117
117
117
110
82
54
54
40
116
116
116
116
116
116
116
116
116
116
116
116
116
116
116
116
116
116
109
109
53
32
115
115
115
115
115
115
115
115
115
115
115
115
115
115
52
52
52
45
38
38
24
114
114
114
114
114
114
114
114
114
114
114
114
114
114
107
51
51
37
113
113
113
113
113
113
113
113
113
113
113
113
113
113
113
113
106
106
99
99
99
50
50
43
43
43
36
29
22
112
112
112
112
112
112
112
112
112
112
112
112
105
42
35
28
28
28
21
21
111
111
111
111
111
111
111
111
111
111
111
111
111
111
111
97
83
48
48
41
34
27
27
27
110
110
110
110
110
110
110
110
110
110
110
110
96
47
40
40
26
109
109
109
109
109
109
109
109
109
109
109
46
46
46
39
32
25
108
108
108
108
108
108
108
108
108
108
108
108
108
101
101
101
45
45
45
45
38
31
107
107
107
107
107
107
107
107
93
86
44
44
44
37
37
106
106
106
106
106
106
106
106
106
106
106
106
106
106
106
99
99
99
85
85
43
43
43
43
36
36
29
22
15
105
105
105
105
105
105
105
105
105
105
105
105
105
98
42
35
28
28
104
104
104
104
104
104
104
104
104
104
104
104
104
97
83
41
41
34
34
27
27
27
103
103
103
103
103
103
103
103
103
103
103
103
103
103
103
103
40
33
33
33
33
33
33
33
33
19
102
102
102
102
102
102
102
102
102
102
95
74
39
32
32
32
32
25
101
101
101
101
101
101
101
101
101
101
101
101
101
101
101
101
101
101
38
31
31
24
24
17
100
100
100
100
100
100
100
100
100
100
100
100
100
100
100
93
86
37
37
30
23
23
99
99
99
99
99
99
99
99
99
99
99
99
99
99
99
99
99
92
92
92
92
78
78
36
29
29
22
22
22
15
98
98
98
98
98
98
98
98
98
98
98
98
98
98
98
98
35
21
97
97
97
97
97
97
97
97
97
97
97
97
97
97
97
97
97
97
97
97
83
76
34
34
34
27
96
96
96
96
96
96
96
96
96
96
96
96
96
96
96
96
96
96
89
82
75
33
33
33
33
26
26
19
19
19
95
95
95
95
95
95
95
95
95
95
95
95
95
95
95
95
95
95
95
88
32
32
32
32
25
18
94
94
94
94
94
94
94
94
94
94
94
94
94
94
73
59
31
24
24
24
24
17
17
10
10
93
93
93
93
93
93
93
93
93
93
93
93
93
93
93
93
86
86
72
30
30
30
23
23
23
23
23
16
30
92
92
92
92
92
92
92
92
92
92
92
92
92
92
92
92
92
29
29
29
29
22
22
15
15
15
15
15
91
91
91
91
91
91
91
91
91
91
91
91
91
91
91
91
91
91
91
91
91
91
91
84
84
84
28
28
28
28
28
28
28
21
21
21
21
14
90
90
90
90
90
90
90
90
90
90
90
90
90
90
90
90
76
69
27
27
27
27
20
20
20
20
13
13
89
89
89
89
89
89
89
89
89
89
89
26
26
26
26
26
19
19
19
19
19
88
88
88
88
88
88
88
88
88
88
88
88
88
88
88
88
88
88
88
25
25
25
25
25
25
25
25
25
25
18
18
11
87
87
87
87
87
87
87
87
87
87
87
87
87
87
87
73
73
24
24
24
24
24
24
24
24
24
24
24
17
17
86
86
86
86
86
86
86
86
86
86
86
86
86
86
86
86
79
79
23
23
23
23
23
16
16
16
16
85
85
85
85
85
85
85
85
85
85
85
85
85
85
85
85
78
78
22
22
22
22
22
22
22
22
22
15
15
15
15
15
15
15
84
84
84
84
84
84
84
84
84
84
84
84
84
84
84
77
21
21
21
21
21
14
83
83
83
83
83
83
83
83
83
83
83
20
20
20
20
20
20
20
20
20
20
20
20
20
20
13
13
13
13
13
13
13
13
82
82
82
82
82
82
82
82
82
82
82
82
82
82
82
82
82
75
19
19
19
19
19
19
19
19
19
19
19
19
19
19
19
19
19
19
12
12
12
12
12
12
12
12
81
81
81
81
81
81
81
81
81
81
81
81
81
81
81
81
81
81
74
18
18
18
18
18
18
18
18
18
18
11
11
80
80
80
80
80
80
80
80
80
80
80
80
80
80
80
80
80
80
80
80
80
80
73
17
17
17
17
17
17
17
17
17
17
17
17
17
17
17
10
10
10
10
79
79
79
79
79
79
79
79
79
79
79
79
79
79
72
58
58
16
16
16
16
16
16
16
16
16
16
16
16
16
16
16
16
78
78
78
78
78
78
78
78
78
78
78
78
78
78
78
78
71
71
71
57
15
15
15
15
15
15
15
15
15
15
15
15
15
15
15
15
15
15
15
15
15
15
15
15
15
15
15
77
77
77
77
77
77
77
77
77
77
77
77
77
77
77
77
70
14
14
14
14
14
14
14
14
14
14
14
14
14
14
14
14
76
76
76
76
76
76
76
76
76
76
76
76
76
76
76
76
76
76
76
69
69
13
13
13
13
13
13
13
13
13
13
13
13
13
13
13
13
13
13
13
13
13
13
13
13
13
75
75
75
75
75
75
75
75
75
75
75
75
75
75
75
75
75
75
75
75
75
75
75
75
75
75
75
75
75
75
75
12
12
12
12
12
12
12
12
12
12
12
12
12
12
12
12
12
12
12
12
12
12
12
12
12
12
12
12
12
74
74
74
74
74
74
74
74
74
74
74
74
67
11
11
11
11
11
11
11
11
11
11
11
11
11
11
11
11
11
11
11
11
11
73
73
73
73
73
73
73
73
73
73
73
73
73
73
73
73
73
73
73
66
66
10
10
10
10
10
10
10
10
10
10
10
10
10
10
10
10
10
10
10
10
10
10
10
10
10
10
10
10
10
10
10
72
72
72
72
72
72
72
72
72
72
72
72
65
71
71
71
71
71
71
71
71
71
71
71
71
71
70
70
70
70
70
70
70
70
70
70
70
70
70
70
70
70
70
70
63
63
69
69
69
69
69
69
69
69
69
69
69
69
69
69
69
69
69
69
69
62
62
62
55
68
68
68
68
68
68
68
68
68
68
68
68
68
68
61
67
67
67
67
67
67
67
67
67
67
67
67
67
67
67
67
67
53
66
66
66
66
66
66
66
66
66
66
66
66
66
66
66
66
66
66
66
66
59
59
52
52
65
65
65
65
65
65
65
65
65
65
65
65
65
65
65
65
65
65
65
65
65
65
65
65
65
65
65
65
65
65
58
51
64
64
64
64
64
64
64
64
64
64
64
64
64
64
64
64
64
64
64
64
64
64
64
64
64
64
64
64
64
64
57
63
63
63
63
63
63
63
63
63
63
63
63
63
63
63
63
63
63
63
63
63
63
56
56
56
62
62
62
62
62
62
62
62
62
62
62
62
62
62
62
55
34
61
61
61
61
61
61
61
61
61
61
61
61
61
61
61
61
61
61
61
61
47
60
60
60
60
60
60
60
60
60
60
60
60
60
60
60
60
60
60
60
60
60
60
60
60
60
53
46
59
59
59
59
59
59
59
59
59
59
59
59
59
59
59
59
59
59
59
59
59
58
58
58
58
58
58
58
58
58
58
58
58
58
58
58
58
58
58
58
58
58
58
58
58
58
58
58
58
51
57
57
57
57
57
57
57
57
57
57
57
57
57
57
57
57
57
57
57
57
57
57
57
57
57
57
57
57
57
57
57
57
57
57
57
57
56
56
56
56
56
56
56
56
56
56
56
56
56
56
56
56
56
56
56
56
49
55
55
55
55
55
55
55
55
55
55
55
55
55
55
55
55
55
55
55
55
55
55
54
54
54
54
54
54
54
54
54
54
54
54
54
54
54
54
54
54
54
54
54
54
54
54
54
54
54
54
54
54
54
54
47
53
53
53
53
53
53
53
53
53
53
53
53
53
53
53
53
53
53
53
53
53
53
53
53
53
53
53
53
53
53
39
52
52
52
52
52
52
52
52
52
52
52
52
52
52
52
52
52
52
52
52
52
52
52
52
52
52
52
52
52
52
51
51
51
51
51
51
51
51
51
51
51
51
51
51
51
51
51
51
51
51
51
51
51
51
51
51
44
50
50
50
50
50
50
50
50
50
50
50
50
50
50
50
50
50
50
50
49
49
49
49
49
49
49
49
49
49
49
49
49
49
49
49
49
49
49
49
49
49
49
49
49
49
49
49
49
49
49
49
48
48
48
48
48
48
48
48
48
48
48
48
48
48
48
48
48
48
47
47
47
47
47
47
47
47
47
47
47
47
47
47
47
47
47
46
46
46
46
46
46
46
46
46
46
46
46
46
46
46
46
46
46
46
46
46
46
46
46
45
45
45
45
45
45
45
45
45
45
45
45
45
45
45
45
45
44
44
44
44
44
44
44
44
44
44
44
44
44
44
30
43
43
43
43
43
43
43
43
43
43
43
43
43
43
43
43
43
43
43
43
43
43
43
43
43
43
36
42
42
42
42
42
42
42
42
42
42
41
41
41
41
41
41
41
41
41
41
41
41
40
40
40
40
40
40
40
40
40
40
39
39
39
39
39
39
39
38
38
37
37
36
36
36
36
36
36
36
35
34
33
32
