172057
29153
28781
15360
14378
13118
10630
10086
9916
9576
9480
7629
7504
6647
6604
6186
5745
5534
5487
4706
4608
4334
4241
3993
3803
3516
3502
3462
3380
3280
3203
2636
2622
2594
2582
2569
2518
2711
2008
1986
1966
1903
1846
1739
7046674
1722
1687
1660
1619
1598
1583
1897
1408
1360
1359
1304
1291
1289
1281
1276
1267
1246
1237
1224
1211
1160
1159
1156
1051
1037
1034
1028
967
3196110
875
859
844
814
809
798
786
779
778
772
770
752
748
746
740
715
715
711
709
697
690
664
658
657
7663
71701
630
619
612
592
591
588
570
566
561
548
547
542
540
539
536
535
519
619
517
508
504
498
491
485
480
478
474
474
466
464
453
442
441
435
435
434
430
422
418
410
408
382
378
378
372
370
367
363
361
352
350
348
348
343
341
337
27322
321
324
317
317
314
312
310
310
309
308
299
298
297
291
290
284
283
279
277
277
277
275
275
275
274
274
274
272
272
272
271
271
270
270
269
269
263
263
261
1040
258
254
252
251
250
249
249
249
249
248
248
245
243
241
241
240
240
239
239
238
238
237
968939
236
235
235
233
230
230
229
229
227
226
224
224
224
223
222
221
221
218
215
214
213
946
210
209
209
209
209
208
205
204
204
203
200
199
197
195
193
193
193
192
190
190
189
187
187
186
185
185
185
184
182
180
179
178
177
176
175
175
174
174
171
170
170
169
168
167
167
166
166
165
164
163
161
161
161
161
160
160
160
160
159
158
157
157
156
155
155
154
333
153
152
152
151
151
151
150
149
149
148
148
147
147
147
147
146
146
146
146
145
144
143
143
142
142
141
141
140
139
139
138
138
138
138
137
137
137
136
136
135
134
8010
133
132
132
132
132
130
130
130
129
128
128
128
123
120
119
119
118
117
117
116
115
115
114
114
114
114
113
113
113
112
112
112
111
111
110
109
109
108
107
107
106
106
105
105
104
104
103
103
102
102
102
102
101
100
98
98
98
98
97
97
97
96
95
95
95
93
91
91
90
90
90
90
61389
89
89
88
87
87
86
86
86
86
85
85
85
85
85
84
84
84
83
82
82
82
82
81
81
81
81
80
80
80
79
78
78
76
75
74
74
72
72
71
70
70
70
69
69
69
69
68
67
67
65
64
124
61
61
61
61
60
58
57
57
55
55
55
52
51
51
50
52
16362
46
108763
140968
40
122589
124
72
121
165
88
186
98
82763
136
644
50
94
58414
68
46
54
85
65737
46
42
120
65
10171
18
887
91
75
313
51574
45
26
104
73
50
19
52115
56
49698
156
45803
62
66
47683
46111
42
84
110
37879
169
36405
45
35
36039
125
28138
34435
6106
58
35
33698
97
67
56
40
48
11
125
92
30
30
26
24
17
13
176
143
1919
42
61
46
33
72
38
125
21765
67
40
37
43
32
25
36
34
24040
214
78
23619
35
22107
331
240
161
100
29
35
34
32
17
15
86
50
20
47
32
37
23
17
10
10
19737
19673
29
61
32
16147
60
64
25
42
49
33
33
103
50
42
36
31
22
39
38
49
35
32
31
43
15
13
32
27
20
24
16
21
20
13
17
17
15
15
14
13
11
10
15355
5328
56
80
1360
2030
111
318
13989
66
24
28
13607
138
13518
5741
13410
26
32
11
47
59
35
17
12074
68
133
41
45
55
18
38
26
13
92
10950
87
25
26
104
19
35
23
9354
11
17
14
12
42
35
47
43
29
28
39
31
35
21
14
12
15
27
20
25
25
24
24
22
15
21
21
20
19
19
12
18
17
17
17
16
15
15
13
12
11
11
11
10
12169
11778
107
11591
54
74
66
42
847
204
10813
38
42
451
10240
14
32
77
10160
26
12
9824
96
37
9701
9644
1225
11
168
47
9394
39
9383
19
32
37
29
42
77
77
54
38
30
37
22
21
20
11
9172
9088
8107
8867
15
24
18
67
120
37
35
369
22
68
68
37
63
46
44
40
17
37
36
24
21
27
26
22
20
20
18
17
8717
16
15
14
8652
426
6151
157
92
32
20
13
63
31
36
35
40
33
13
10
48
38
74
67
59
50
42
69
55
66
51
58
42
40
32
45
36
49
47
40
46
46
15
40
40
39
39
38
38
31
37
36
34
34
34
27
20
32
31
29
29
15
28
28
28
28
21
21
14
27
27
20
20
26
19
19
12
24
24
10
23
23
23
23
22
21
21
21
14
20
20
20
20
20
20
13
19
18
18
18
18
18
17
17
17
10
16
16
16
16
16
16
16
15
15
15
15
14
14
14
13
13
13
13
12
12
12
11
11
11
11
10
10
10
10
7223
47
8001
7933
97
38
7773
7545
5712
7409
55
583
7064
7185
7184
111
92
7049
6411
7006
3793
6921
6837
220
56
16
6275
6529
6607
6576
6542
6492
29
6388
6191
6284
10
40
6213
3956
22
1372
6075
6041
6033
120
5994
5944
108
1651
44
5367
20
144
48
4111
5732
4817
43
30
1485
39
36
27
33
24
228
3772
176
206
5503
4269
5479
816
55
58
5271
1171
41
5230
575
1114
28
24
71
114
26
36
37
5216
35
28
51
119
54
1948
35
3778
5157
39
36
32
24
28
26
26
94
20
18
17
16
16
2795
79
67
111
5017
80
13
4939
626
17
4848
814
226
47
49
40
172
25
62
25
31
21
44
53
125
74
45
42
43
553
49
34
4711
31
21
18
24
15
12
58
14
20
13
82
4687
80
14
63
55
31
37
29
22
49
34
27
46
39
4650
43
43
36
42
42
42
42
40
40
40
354
39
39
38
37
36
36
15
35
34
27
33
33
26
32
32
32
18
31
31
30
30
30
30
30
30
23
15
28
21
25
24
24
24
10
23
23
23
23
23
22
22
22
22
22
21
21
21
4626
20
20
19
19
18
18
18
18
17
17
15
15
15
15
15
14
14
14
13
12
12
12
11
11
476
4543
4564
386
91
2238
4517
424
161
55
4475
42
340
320
83
4390
293
61
3649
14
4331
166
103
150
82
4286
61
55
18
44
50
163
19
17
76
69
70
132
131
39
127
48
12
121
55
48
108
44
43
49
28
34
46
46
32
35
102
39
39
11
38
36
36
28
34
34
27
32
11
28
28
14
24
79
85
22
15
13
34
19
14
13
13
12
12
12
10
10
10
54
64
64
62
39
52
52
50
50
49
21
41
54
39
32
52
4146
51
44
37
30
30
23
23
50
36
36
49
42
48
48
41
47
47
47
47
47
46
39
39
39
45
45
38
38
38
38
44
44
44
44
37
37
30
23
43
43
43
43
42
42
42
42
42
42
42
35
41
41
41
41
41
34
20
20
40
40
40
40
33
26
26
19
39
39
39
39
39
39
39
39
32
32
32
25
25
25
38
38
38
38
38
31
31
31
24
37
37
37
37
37
37
37
30
23
23
36
36
36
36
36
36
36
36
36
36
36
36
36
35
35
35
35
35
35
35
35
35
35
35
28
28
21
21
21
21
34
34
34
34
34
34
34
34
27
20
20
33
33
33
33
33
33
33
33
33
33
33
33
33
33
33
33
33
33
26
19
32
32
32
32
32
32
32
32
32
32
32
32
32
32
32
32
32
32
32
32
32
25
25
11
31
31
31
31
31
31
31
31
31
31
31
31
31
31
31
31
24
24
30
30
30
30
30
30
30
30
30
23
23
23
16
16
16
29
29
29
29
29
29
29
29
29
29
29
29
29
29
29
29
29
29
22
22
22
22
15
15
28
28
28
28
28
28
28
28
28
28
28
28
21
21
14
27
27
27
27
27
27
27
27
27
27
27
27
27
27
27
27
27
27
20
20
26
26
26
26
26
26
26
26
26
26
26
26
26
26
26
26
26
26
26
26
26
26
26
19
19
19
12
25
25
25
25
25
25
25
25
25
25
25
25
25
25
25
25
25
25
25
25
25
25
25
18
18
18
18
18
11
24
24
24
24
24
24
24
24
24
24
24
24
24
24
24
24
24
24
24
24
17
17
17
17
17
23
23
23
23
23
23
23
23
23
23
23
23
23
23
23
23
23
23
23
23
23
23
23
23
16
16
22
22
22
22
22
22
22
22
22
22
22
22
22
22
22
22
22
22
15
15
21
21
21
21
21
21
21
21
21
21
21
21
21
21
21
21
21
21
21
21
21
21
4115
4115
20
20
20
20
20
20
20
20
20
20
20
20
20
20
20
20
20
20
20
20
20
20
20
13
19
19
19
19
19
19
19
19
19
19
19
19
19
19
19
19
19
19
19
19
19
19
19
19
19
19
12
18
18
18
18
18
18
18
18
18
18
18
18
18
18
18
18
18
18
18
18
18
18
18
18
18
18
18
18
18
18
11
11
11
11
11
11
11
11
17
17
17
17
17
17
17
17
17
17
17
17
17
17
17
17
17
17
17
17
17
17
17
17
17
10
10
10
10
10
10
10
16
16
16
16
16
16
16
16
16
16
16
16
16
16
16
16
16
15
15
15
15
15
15
15
15
15
15
15
15
15
15
15
15
15
15
15
15
15
15
15
15
15
15
15
15
14
14
14
14
14
14
14
14
14
14
14
14
14
14
14
14
14
14
14
14
14
14
14
14
14
14
14
13
13
13
13
13
13
13
13
13
13
13
13
13
13
13
13
13
13
13
13
13
13
13
13
13
13
13
13
13
12
12
12
12
12
12
12
12
12
12
12
12
12
12
12
12
12
12
12
12
12
12
12
12
12
12
11
11
11
11
11
11
11
11
11
11
11
11
11
11
11
11
11
11
11
11
11
11
11
11
11
11
11
11
11
11
11
11
11
11
11
10
10
10
10
10
10
10
10
10
10
10
10
10
10
10
10
10
10
10
10
10
10
10
10
10
10
10
10
10
10
10
10
10
10
10
10
10
10
10
4101
4076
4075
3765
3988
3981
3904
3964
3921
337
3918
66
3844
3724
3829
3822
3694
3743
3215
3363
3695
3677
44
42
3624
3204
3614
3433
3561
3544
3533
3505
3501
84
3437
3410
3377
3359
3286
3197
3322
1235
2549
3283
3249
3254
36
3200
3204
3188
3156
3031
82
3143
2777
2879
3114
3120
3120
3117
982
3085
3052
2895
3066
3061
3054
3025
3016
442
3007
2998
2991
131
2119
72
164
2921
2912
2901
2895
2876
2226
2854
2853
131
2781
2794
2800
99
2768
2762
2750
2597
2680
2698
43
2030
40
33
133
2561
186
2642
2642
86
2625
530
2518
13
32
31
2494
35
15
2559
2398
2556
2556
2550
76
2457
2520
2511
690
1782
2468
2432
139
1667
2429
1785
581
230
2402
2399
2397
2396
90
53
2382
2378
2366
549
44
2323
2320
2285
2304
1716
2309
2214
2279
2281
2268
2264
2249
127
2251
46
2240
34
1986
902
2220
2146
2213
2213
2057
2206
1028
1431
2174
2183
2178
2177
2167
51
29
35
2106
2136
2128
2129
2127
19
1458
2112
46
91
2071
2001
2087
1580
24
2079
2069
2070
1341
2065
2001
454
34
20
208
12
16
2056
2046
2038
2003
2011
2016
2016
1876
2005
2003
1994
1996
1973
1991
1990
1859
1981
1022
1886
1964
158
1958
1916
1381
1806
1937
1932
1021
361
1898
1917
1901
1908
1906
77
1846
1898
1277
59
42
1281
336
1851
1861
1858
46
1703
49
1813
1840
1804
108
1830
1311
784
1812
117
82
1803
1799
1796
89
1025
1782
760
1779
1776
1776
1760
1762
1752
1756
1741
1174
1740
1712
1444
1473
1438
1339
1722
1571
45
1715
1714
25
1710
23
1704
30
35
1699
1397
1602
266
68
74
17
1651
1671
1666
1588
67
1650
498
616
959
42
1639
29
40
25
1620
1625
28
1619
86
23
1520
22
15
992
1614
1596
75
1602
1493
1586
1465
527
37
1583
36
35
46
43
1571
37
23
29
32
1536
1431
24
30
23
28
27
26
25
1557
527
23
22
21
14
18
11
1550
17
317
16
1548
14
13
1545
12
1544
1521
1534
1539
1537
1404
1534
274
1505
1531
885
1521
1507
1455
1524
1222
1511
1516
1508
1416
1499
155
1510
1509
914
134
1469
1501
247
1499
1495
1474
1493
255
1447
1478
1462
83
1473
1463
1462
1468
1440
1459
92
1455
1434
1445
1407
28
297
1432
1429
99
1428
1427
1420
410
214
183
1195
1362
1320
60
1122
61
1390
1394
1392
1386
397
1382
1337
300
192
45
1373
791
308
112
1308
1356
746
1359
253
199
1347
1347
1340
1281
831
1339
1321
75
40
19
1333
1332
1321
53
1305
1325
1324
1302
105
1320
1257
1311
1297
1312
1304
22
1309
1301
1285
1297
1297
1296
1198
1294
1294
1293
1292
1261
1286
1284
1184
1278
1277
1261
1274
1078
1259
1269
1192
1166
844
1256
339
1262
735
174
1257
18
1256
1255
104
1250
220
73
1248
21
1244
1236
1241
58
1238
1167
1131
1137
121
1037
105
1231
1214
1186
1220
1206
1199
1225
1197
1190
1222
1138
46
1219
1219
1210
1203
1215
1158
125
1208
1208
1206
1198
1164
1198
1196
1195
1055
53
1193
45
97
1188
33
1187
802
137
1186
1186
1186
1176
1106
1097
109
500
101
1157
15
13
1174
74
1172
22
15
1169
1155
21
62
62
12
1089
16
1155
13
830
583
826
1154
69
1152
1138
1138
1151
531
1118
1145
1145
1061
1070
972
1139
53
611
37
1134
420
49
42
1126
90
621
47
32
527
1121
43
35
14
41
27
1118
40
30
526
1120
35
34
1090
26
214
32
1116
31
17
29
22
1105
20
1111
488
19
25
25
18
11
1109
1108
1108
16
85
1099
595
1105
20
1067
17
17
1087
1010
1086
64
70
14
1098
13
75
1086
57
1082
1068
562
1002
1084
496
1075
998
1039
56
1077
55
27
299
1054
172
1031
50
49
48
48
47
33
1067
500
44
44
1065
1058
1064
546
42
230
1062
1055
40
1061
760
347
38
38
38
31
429
372
36
36
15
1057
35
28
20
33
25
1053
1046
115
31
24
17
30
30
30
1051
22
22
22
28
28
538
20
26
26
19
19
19
529
25
25
1011
24
24
24
24
24
17
23
23
16
22
22
22
15
15
1043
21
21
21
1014
20
20
20
13
13
1041
1034
1020
19
970
18
18
18
18
18
18
18
1039
17
17
10
16
16
16
16
16
491
15
15
15
15
15
15
15
504
14
14
14
14
14
14
489
13
13
13
13
13
13
13
13
13
12
12
12
12
12
12
11
11
11
11
1032
10
10
10
10
10
1030
1030
183
1029
1028
1028
508
1025
1025
1023
1021
1021
642
1019
990
1017
1001
1014
433
1013
96
1011
744
1009
1007
1006
939
390
998
960
993
992
990
850
17
891
939
36
987
964
432
983
981
385
979
846
977
977
900
976
976
969
955
974
967
972
951
922
970
970
967
967
967
965
951
964
928
331
959
699
355
955
948
115
953
952
440
950
852
717
947
946
938
942
914
941
934
212
939
183
36
854
937
936
936
250
928
932
924
930
411
928
835
890
917
61
851
850
184
917
917
915
908
276
910
902
906
905
904
806
852
607
774
179
899
898
385
49
293
894
348
382
890
883
85
867
314
886
871
780
199
884
881
796
362
180
47
857
877
58
876
874
843
856
869
778
736
344
846
866
348
75
858
830
60
863
121
855
861
328
859
341
152
340
857
695
344
57
805
853
90
76
852
698
795
333
828
772
93
203
328
845
299
837
108
660
841
840
840
825
314
837
837
774
767
319
836
808
812
831
593
830
830
830
60
724
318
800
826
805
824
822
821
240
806
750
750
812
816
270
815
773
661
290
254
44
757
811
195
27
558
808
808
745
786
282
806
747
291
242
801
220
800
793
799
288
281
798
797
720
286
793
785
743
50
22
791
189
790
790
195
788
781
787
787
780
750
244
118
782
705
781
781
207
780
765
135
777
742
776
111
76
768
754
264
236
774
773
766
625
771
770
245
762
237
195
481
718
711
178
24
765
737
757
421
260
35
759
759
758
756
755
34
753
46
752
752
752
206
52
51
708
701
218
749
721
721
35
748
692
615
726
439
40
746
746
745
745
45
743
43
742
231
132
34
740
124
725
738
738
220
129
38
639
401
694
561
735
721
734
286
13
726
670
530
159
131
67
731
80
17
729
722
659
728
203
699
209
27
523
18
710
576
219
722
204
140
706
181
20
719
719
131
718
718
585
452
716
709
184
64
637
490
203
182
56
713
202
34
201
194
75
184
65
708
554
707
553
14
193
702
681
184
44
701
701
694
680
699
258
104
54
109
102
81
696
101
694
512
120
105
28
692
146
41
691
676
578
25
689
689
451
688
688
37
687
687
603
36
29
168
685
685
636
167
34
684
684
656
334
40
669
613
171
164
604
562
240
170
37
30
589
169
141
679
679
679
678
677
614
641
157
129
80
31
408
37
673
113
162
36
36
672
672
146
76
670
509
33
26
669
634
158
67
24
93
666
29
29
22
665
665
665
14
664
146
663
663
656
26
151
25
25
661
661
23
85
85
22
15
112
14
35
656
75
47
19
19
655
130
116
18
18
654
633
584
653
653
142
72
16
16
652
631
651
651
637
70
14
608
370
125
13
649
649
649
649
572
648
11
563
73
66
10
618
135
128
645
533
134
120
644
644
567
119
112
132
40
123
53
535
115
639
639
127
434
636
636
538
635
40
634
599
102
60
25
633
115
108
632
625
121
121
121
114
51
631
631
630
630
630
609
118
544
47
33
627
627
620
354
486
115
52
625
44
44
624
50
36
105
49
622
622
615
111
90
76
62
621
607
600
103
47
47
32
619
577
101
45
66
38
604
604
93
37
30
16
617
540
106
29
616
602
42
35
21
14
454
41
34
607
537
103
613
613
606
25
612
563
94
611
37
23
23
610
85
29
29
29
22
609
98
77
35
35
35
35
28
28
608
97
13
607
600
96
33
33
33
26
26
26
12
12
606
606
599
32
605
31
31
31
31
31
31
24
604
604
541
65
30
603
29
29
29
602
28
28
28
21
601
601
27
27
20
600
26
26
26
26
26
26
26
88
88
25
25
25
18
24
24
17
17
17
17
10
597
597
23
23
23
23
23
16
596
596
85
85
22
22
22
22
22
15
36
595
21
21
21
21
21
21
14
594
587
524
69
20
20
20
20
20
13
13
593
593
544
54
19
19
19
12
592
67
60
18
18
18
18
18
18
11
591
570
17
17
17
17
17
17
17
17
10
590
16
16
16
16
16
16
589
589
15
15
15
15
15
15
588
588
588
70
14
14
14
14
14
14
14
14
587
538
62
13
13
13
13
586
586
586
551
61
12
12
12
585
480
74
74
74
11
11
11
584
584
556
73
59
59
38
10
10
583
338
65
58
525
70
49
69
69
69
62
467
577
577
493
576
485
58
58
561
64
64
64
64
574
573
573
552
55
48
558
551
488
432
54
536
60
39
59
485
568
526
57
50
567
567
567
469
49
21
41
34
565
257
54
47
564
564
46
46
563
52
52
51
51
44
37
23
449
50
36
560
49
42
42
21
559
447
48
48
41
34
558
558
516
320
40
33
19
557
536
424
46
46
46
32
25
556
556
38
31
534
37
554
330
43
43
43
36
420
35
35
552
545
41
41
34
551
544
40
40
40
40
40
40
40
40
33
26
550
102
39
39
39
32
25
25
542
486
38
38
38
31
31
24
17
17
548
380
226
37
37
37
37
37
37
37
30
23
16
547
547
36
36
36
36
36
29
29
15
546
546
532
469
35
35
35
35
28
28
28
545
34
34
34
34
34
34
34
34
27
27
20
13
544
544
544
474
33
33
33
26
26
26
12
543
543
473
32
32
32
32
32
32
32
32
32
32
32
32
25
25
25
25
25
18
542
542
542
542
115
31
31
31
31
31
31
31
31
24
24
17
10
541
30
30
30
30
30
30
30
30
30
30
30
30
30
30
30
30
30
30
23
23
23
16
29
29
29
29
29
29
29
29
29
29
29
29
29
29
29
22
22
22
22
15
15
15
539
539
28
28
28
28
28
28
28
28
28
28
28
28
28
28
28
21
21
21
14
538
531
27
27
27
27
27
27
27
27
27
27
27
27
27
27
27
20
20
537
530
26
26
26
26
26
26
26
26
26
26
26
26
26
26
26
26
26
26
26
26
26
26
26
19
12
438
25
25
25
25
25
25
25
25
25
25
25
25
25
25
25
25
25
18
18
18
18
18
11
535
535
24
24
24
24
24
24
24
24
24
24
24
24
24
24
24
17
17
17
17
10
23
23
23
23
23
23
23
23
23
23
23
23
23
23
23
23
23
23
23
16
16
16
16
16
16
16
16
470
400
22
22
22
22
22
22
22
22
22
22
22
22
22
22
22
22
22
22
22
22
22
22
22
22
22
22
22
22
22
22
22
22
22
22
15
15
15
15
15
15
455
399
21
21
21
21
21
21
21
21
21
21
21
21
21
21
21
21
21
21
21
21
21
21
14
14
14
524
517
20
20
20
20
20
20
20
20
20
20
20
20
20
20
20
20
20
20
20
20
20
20
20
20
20
20
20
20
20
20
20
20
20
20
20
20
13
13
13
13
13
13
13
13
439
19
19
19
19
19
19
19
19
19
19
19
19
19
19
19
19
19
19
19
19
19
19
19
19
19
19
19
19
19
19
19
12
12
12
12
12
12
12
18
18
18
18
18
18
18
18
18
18
18
18
18
18
18
18
18
18
18
18
18
18
18
18
18
18
18
18
18
18
18
18
18
18
18
18
18
18
18
18
18
18
18
18
18
18
11
11
11
11
11
11
11
528
17
17
17
17
17
17
17
17
17
17
17
17
17
17
17
17
17
17
17
17
17
17
17
17
17
17
17
17
17
17
17
17
17
17
17
17
17
17
17
17
17
17
17
17
17
17
17
17
17
10
10
527
527
527
527
387
16
16
16
16
16
16
16
16
16
16
16
16
16
16
16
16
16
16
16
16
16
16
16
16
16
16
16
16
16
16
16
16
16
16
16
16
16
16
16
16
16
16
16
526
526
526
526
512
239
15
15
15
15
15
15
15
15
15
15
15
15
15
15
15
15
15
15
15
15
15
15
15
15
15
15
15
15
15
15
15
15
15
15
15
525
14
14
14
14
14
14
14
14
14
14
14
14
14
14
14
14
14
14
14
14
14
14
14
14
14
14
14
14
14
14
14
14
14
14
14
14
14
14
14
14
14
14
14
14
14
14
48
13
13
13
13
13
13
13
13
13
13
13
13
13
13
13
13
13
13
13
13
13
13
13
13
13
13
13
13
13
13
13
13
13
13
13
13
13
13
13
13
13
13
13
13
13
13
13
13
13
13
13
523
12
12
12
12
12
12
12
12
12
12
12
12
12
12
12
12
12
12
12
12
12
12
12
12
12
12
12
12
12
12
12
12
12
12
12
12
12
12
12
12
12
12
12
12
12
12
12
12
12
12
12
12
12
501
11
11
11
11
11
11
11
11
11
11
11
11
11
11
11
11
11
11
11
11
11
11
11
11
11
11
11
11
11
11
11
11
11
11
11
11
11
11
11
11
11
11
11
11
11
11
11
11
11
11
11
11
11
11
11
11
11
11
11
11
11
11
11
11
11
11
11
521
521
521
360
10
10
10
10
10
10
10
10
10
10
10
10
10
10
10
10
10
10
10
10
10
10
10
10
10
10
10
10
10
10
10
10
10
10
10
10
10
10
10
10
10
10
10
10
10
10
10
10
10
10
10
10
10
10
10
10
10
10
10
10
10
10
10
10
310
519
519
435
518
518
517
516
515
515
514
514
493
408
58
512
512
512
512
505
511
469
510
503
460
508
507
507
507
493
472
444
505
505
504
504
490
482
501
500
500
45
499
499
497
496
496
489
433
349
495
495
494
494
487
375
479
353
478
422
491
484
456
488
487
487
486
486
332
136
485
387
324
484
463
337
482
482
481
481
467
418
480
480
179
479
444
297
471
387
345
477
477
463
476
462
462
321
474
390
402
395
471
338
470
470
400
330
267
469
469
434
342
467
467
460
362
138
466
389
465
465
451
464
464
464
387
184
149
463
456
442
462
154
70
461
447
397
397
438
374
457
457
457
456
456
323
295
455
392
350
336
454
454
454
454
454
433
390
341
452
452
298
277
388
374
450
450
450
443
449
449
449
428
448
406
447
412
446
439
383
437
409
269
443
443
443
443
436
373
442
372
441
441
440
440
433
300
439
439
439
369
390
362
438
277
437
437
436
436
422
400
372
413
329
433
426
363
104
432
348
431
431
431
396
361
332
429
429
429
352
428
428
428
351
337
427
427
350
294
426
425
424
424
423
423
423
422
359
107
421
309
420
420
420
420
420
287
419
411
390
313
96
417
347
214
416
415
415
415
415
415
58
414
413
413
406
405
411
411
396
389
326
409
402
290
234
408
268
407
64
406
343
405
328
83
404
404
404
403
403
402
402
304
325
241
213
401
401
401
373
205
44
400
399
392
378
398
398
398
397
397
396
396
396
396
361
395
395
395
395
283
394
394
282
86
393
302
392
392
392
364
322
343
203
391
377
314
390
390
390
327
292
243
389
382
326
291
179
374
374
367
367
318
318
129
324
386
386
351
385
385
385
385
385
378
370
321
383
376
376
299
375
375
340
67
381
381
220
380
380
289
226
379
372
288
378
378
371
350
343
217
377
377
377
363
342
314
160
376
376
375
375
375
312
305
305
374
374
367
367
373
373
366
366
372
344
309
371
252
370
370
370
244
369
145
368
368
368
354
74
67
367
367
367
367
367
366
366
359
345
268
247
365
365
281
169
92
364
364
364
364
336
203
363
363
286
362
362
362
362
362
361
270
200
46
360
332
359
359
205
212
358
358
351
197
357
357
357
357
357
280
224
356
356
356
356
286
258
160
355
355
292
292
222
347
256
228
235
151
353
353
353
353
353
346
339
352
352
289
282
288
267
350
350
350
350
350
343
280
266
112
349
349
286
272
348
348
348
278
347
347
277
277
109
88
346
346
150
275
330
274
343
343
343
343
343
308
308
273
342
342
181
341
341
341
327
208
340
277
214
144
339
339
339
339
332
332
332
304
338
338
275
212
337
267
336
335
314
272
334
334
334
327
327
243
270
270
263
332
332
332
332
332
332
311
297
331
268
330
330
330
330
330
316
246
329
329
287
203
321
321
251
327
327
299
257
326
326
326
326
326
319
325
325
290
248
324
324
198
323
323
323
322
322
322
196
321
307
244
258
320
320
299
243
61
319
298
46
227
87
317
317
142
316
316
316
316
316
316
309
64
315
315
315
315
315
91
314
237
181
132
76
34
97
313
313
292
292
215
180
47
312
312
312
249
311
311
311
213
310
310
247
240
30
302
308
308
308
224
307
307
307
62
306
306
306
243
229
222
68
305
305
298
298
291
74
304
304
304
304
304
297
283
185
303
303
303
289
170
302
295
295
288
301
301
294
210
133
300
300
293
293
230
41
299
299
299
299
187
298
298
298
207
297
297
297
234
227
296
296
275
219
212
170
65
295
267
225
294
294
294
287
287
293
293
293
265
258
292
292
229
229
222
152
40
291
291
291
214
81
67
290
283
269
255
289
289
289
289
282
282
261
226
226
288
281
246
211
64
287
287
287
280
161
147
286
279
202
195
285
278
278
222
173
284
284
284
284
277
283
283
220
206
192
282
282
282
233
281
281
281
281
267
218
211
197
78
29
279
279
279
195
27
278
278
278
278
278
271
264
208
222
194
180
124
277
277
277
277
263
276
276
269
262
262
262
248
206
275
275
275
268
128
274
274
274
267
204
176
197
273
273
273
273
203
196
133
272
272
272
272
272
265
258
160
111
55
271
271
271
271
264
250
201
208
47
270
270
270
207
81
74
46
18
269
269
164
45
268
268
268
268
254
198
198
107
93
107
267
267
267
260
253
246
190
197
169
266
266
266
266
266
266
259
231
203
175
154
265
265
265
265
244
244
188
181
62
264
264
264
264
257
263
263
263
263
263
256
116
262
262
52
261
261
261
261
254
254
240
198
191
260
260
260
260
183
36
259
259
259
259
238
231
175
70
258
258
258
258
251
244
188
181
69
257
257
187
256
256
242
235
255
255
255
255
248
192
157
254
254
240
240
86
58
253
253
106
252
175
70
251
251
251
251
160
153
48
250
250
250
187
159
124
249
249
249
249
249
242
221
186
179
172
172
248
248
234
185
185
150
115
129
87
247
247
247
100
58
246
246
246
232
225
218
176
120
64
245
245
245
245
245
238
196
244
244
216
209
181
181
160
243
243
243
243
243
243
180
242
242
214
241
241
150
240
240
240
240
156
239
239
232
113
113
238
238
231
224
175
175
175
154
112
237
237
237
153
174
236
236
215
47
235
235
235
235
214
207
172
165
39
234
234
227
233
233
163
232
232
232
169
162
50
231
231
231
231
231
203
161
28
230
230
230
230
230
230
223
223
216
167
160
132
229
229
229
229
229
208
159
75
61
228
228
228
228
228
228
221
214
165
165
32
227
220
213
213
87
226
226
226
198
163
149
44
225
225
225
225
190
155
155
127
64
224
224
224
224
224
217
210
161
154
147
140
63
35
223
223
216
216
209
209
222
222
222
222
222
215
159
159
159
75
61
33
221
221
221
221
102
25
46
39
220
220
220
220
192
157
150
219
219
191
156
177
149
93
58
72
218
197
183
29
36
217
217
217
217
217
210
216
216
216
209
209
209
139
139
215
215
215
215
215
214
214
214
214
144
109
213
213
213
213
213
213
213
192
115
59
24
212
212
212
198
149
142
135
86
211
211
211
120
113
57
210
196
175
140
84
70
209
209
209
209
146
146
118
111
69
41
208
208
208
201
194
138
19
207
207
207
200
200
144
109
95
60
53
53
46
206
206
122
101
205
205
205
205
205
204
204
204
204
204
204
204
204
183
141
162
127
15
15
203
203
203
203
203
196
189
140
63
42
202
202
202
202
188
181
181
181
76
55
48
62
201
201
187
110
68
61
200
200
200
200
200
200
200
165
137
130
130
123
67
53
199
199
199
199
192
45
198
198
198
198
191
191
135
128
197
197
197
190
120
106
120
196
196
196
196
196
189
140
105
195
195
195
195
132
194
194
194
194
194
187
180
180
138
103
103
68
47
193
193
193
193
193
193
186
186
130
109
95
192
192
192
192
192
192
192
178
129
129
191
191
191
191
121
121
114
100
190
190
190
190
190
190
169
92
57
71
189
175
119
105
28
188
188
188
188
188
188
181
181
111
90
90
83
187
187
187
187
187
124
145
61
103
75
186
186
186
186
186
172
116
74
46
185
185
185
185
185
185
178
164
122
122
122
115
115
101
59
52
31
184
184
184
177
177
121
51
183
183
183
183
183
169
120
113
99
50
92
182
182
182
182
175
168
112
84
42
181
181
181
181
181
181
181
111
104
97
90
48
180
180
180
180
180
180
180
173
117
110
110
179
179
179
179
179
179
165
158
116
116
88
32
178
178
178
178
178
157
115
108
101
87
177
177
177
177
177
177
142
114
93
44
50
175
175
175
175
175
168
161
161
35
174
174
153
139
111
90
90
41
27
173
173
173
173
173
173
145
96
75
33
172
172
172
172
158
109
130
46
171
171
171
171
157
129
101
38
170
170
170
170
163
149
107
107
107
44
44
169
169
169
169
169
169
169
162
155
106
92
85
36
50
168
168
168
168
168
168
161
161
147
105
105
98
91
98
63
35
167
167
167
167
167
160
34
34
34
166
166
166
166
166
96
96
19
165
165
165
165
165
165
165
165
102
88
88
74
32
32
164
164
164
164
164
164
164
164
94
87
163
163
163
163
142
100
100
100
86
58
23
162
162
162
162
162
162
148
141
99
36
161
161
161
161
161
154
154
140
98
91
77
35
28
160
160
160
160
160
160
160
160
153
139
139
90
90
69
34
27
27
41
159
159
159
152
152
138
96
96
89
26
26
19
158
158
158
158
158
95
81
60
157
157
157
157
157
157
157
157
150
150
94
115
80
66
59
156
156
156
156
86
86
79
30
155
155
155
155
141
113
78
29
22
50
154
154
154
154
154
154
154
154
84
28
28
28
153
153
153
153
153
153
153
27
27
20
152
152
152
152
152
152
152
145
89
89
82
61
54
26
19
40
151
151
151
151
151
144
88
88
67
53
25
25
18
150
150
150
150
150
150
150
101
73
94
52
24
24
17
17
149
149
149
149
149
149
149
149
149
149
149
149
149
135
86
79
79
51
23
23
16
16
148
148
148
148
148
148
148
148
148
148
148
148
148
141
85
57
22
22
22
22
22
15
15
36
147
147
147
147
147
140
84
63
49
21
21
21
14
146
146
146
146
146
146
139
139
132
83
83
83
76
76
69
145
145
145
145
145
145
145
145
131
82
82
82
68
68
61
19
19
40
144
144
144
144
144
144
144
144
130
81
81
74
67
18
18
18
143
143
143
143
143
143
136
129
101
73
52
45
17
17
17
142
142
142
142
142
142
142
135
79
79
72
65
51
16
16
141
141
141
141
141
141
141
134
127
71
64
15
15
140
140
140
140
140
133
133
77
70
63
14
139
139
139
139
139
132
125
111
69
62
62
55
48
27
138
138
138
138
138
138
138
138
138
131
131
124
12
33
137
137
74
74
60
53
53
53
46
11
136
136
136
136
129
129
73
66
59
59
45
45
38
135
135
135
135
135
128
128
128
65
65
30
134
134
134
134
134
127
120
57
57
36
29
133
133
133
133
133
133
133
133
133
70
70
132
132
132
132
132
48
34
124
124
68
61
61
54
54
47
130
130
130
130
130
130
130
130
102
67
67
39
32
129
129
129
129
129
129
129
129
115
59
52
128
128
128
128
128
128
128
128
128
128
121
114
107
65
65
65
58
58
79
44
44
127
127
127
127
127
127
120
71
126
126
126
126
126
126
126
119
119
63
84
42
35
125
125
125
125
125
125
125
125
118
104
62
62
55
41
41
41
41
124
124
124
124
124
124
124
117
117
61
123
123
123
123
123
123
123
123
123
123
123
123
123
123
123
53
122
122
122
122
122
122
122
122
115
115
101
59
59
121
121
121
121
121
121
121
121
121
121
121
121
121
114
114
114
107
58
58
51
51
51
44
37
120
120
120
120
120
120
120
57
50
43
43
43
36
119
119
119
119
119
119
119
84
56
49
49
42
35
118
118
118
118
118
118
118
118
111
111
111
97
55
48
41
41
117
117
117
117
117
117
117
117
117
110
103
54
47
54
26
116
116
116
116
116
116
116
116
116
109
109
53
53
53
53
39
25
115
115
115
115
115
115
108
45
45
45
24
24
114
114
114
114
114
114
114
114
114
114
93
51
51
44
44
37
23
113
113
113
113
113
113
113
113
113
113
106
106
50
50
50
43
43
36
29
29
29
22
22
112
112
112
112
112
112
112
112
105
98
98
49
49
49
49
49
35
21
111
111
111
111
111
111
111
111
111
111
104
104
41
41
34
27
110
110
110
110
110
103
40
40
26
26
109
109
109
102
102
95
46
46
32
53
25
25
108
108
108
108
108
108
108
101
101
101
45
45
45
45
38
31
107
107
107
107
107
107
107
107
107
100
100
44
44
30
23
23
23
23
106
106
106
106
106
106
106
99
99
85
43
43
64
36
36
36
22
22
105
105
105
98
98
42
42
42
35
28
28
104
104
104
104
104
104
104
104
104
104
97
41
41
41
41
41
34
27
20
103
103
96
96
33
33
33
26
26
102
102
102
102
102
102
102
102
102
102
102
102
88
39
39
39
32
32
32
46
101
101
101
101
101
101
101
94
87
80
38
38
31
31
31
100
100
100
100
100
100
100
100
100
100
100
100
100
100
79
37
37
37
30
30
23
23
23
99
99
99
99
99
99
92
36
36
36
36
36
29
29
29
29
29
29
22
15
98
98
98
98
98
98
98
98
91
91
91
91
63
35
35
35
35
35
35
35
35
35
35
35
35
35
28
21
21
21
97
97
97
97
97
97
97
97
97
97
97
90
90
34
34
34
34
34
27
27
27
27
20
20
20
96
96
96
96
96
96
96
89
33
33
33
26
26
95
95
95
95
95
95
95
81
32
32
32
25
25
25
94
94
94
94
94
94
94
94
94
94
94
94
94
94
94
94
94
87
87
31
31
31
31
31
31
24
24
24
24
24
24
17
17
93
93
93
93
93
93
93
93
93
93
93
93
30
30
23
23
23
16
92
92
92
85
29
29
29
29
22
22
22
22
22
91
91
91
91
91
91
91
91
91
91
91
91
91
84
84
84
28
28
28
28
28
21
21
21
21
21
14
14
14
90
90
90
90
90
90
83
55
27
27
27
20
20
20
20
20
13
89
89
89
89
89
89
89
89
89
89
89
26
26
26
19
19
19
19
19
19
19
19
19
19
19
12
88
88
88
88
88
88
88
88
88
81
81
74
60
25
25
25
25
25
25
25
25
18
18
18
18
18
18
18
18
87
87
87
87
87
87
87
87
87
87
87
80
80
80
66
24
24
24
24
24
24
17
17
17
17
17
86
86
86
86
86
86
86
86
86
79
72
72
23
23
23
23
23
23
23
23
23
23
16
16
16
16
16
16
16
85
85
85
85
78
71
22
22
22
22
22
22
22
22
15
15
15
84
84
84
84
84
84
84
84
84
21
21
21
21
21
21
21
14
14
14
14
14
14
83
83
83
83
83
83
76
55
20
20
20
20
20
20
20
20
20
20
20
20
20
20
20
20
13
13
13
13
13
13
13
13
34
82
82
82
82
82
82
82
82
82
82
75
19
19
19
19
19
19
19
12
12
12
12
12
33
81
81
81
81
81
81
81
81
81
81
81
81
81
74
74
18
18
18
18
18
18
18
18
18
18
18
18
11
11
11
11
11
11
80
80
80
80
80
80
80
80
80
80
73
73
73
17
17
17
17
17
17
17
17
17
17
17
17
17
17
17
17
17
17
10
10
10
10
79
79
79
79
79
79
79
79
79
79
79
79
79
79
79
79
72
72
72
72
65
16
16
16
16
16
16
16
16
16
16
16
16
16
16
16
16
16
16
16
16
16
16
16
16
16
16
16
16
16
16
16
16
16
78
78
78
78
78
78
78
78
78
78
78
78
78
78
78
78
78
71
71
15
15
15
15
15
15
15
15
15
15
15
15
15
15
15
15
15
15
15
15
15
15
15
15
15
15
15
15
15
15
77
77
77
77
77
77
77
77
77
77
77
77
77
70
14
14
14
14
14
14
14
14
14
14
14
14
14
14
14
14
14
14
14
14
14
14
14
14
14
14
14
14
76
76
76
76
76
76
76
76
69
69
48
13
13
13
13
13
13
13
13
13
13
13
13
13
13
13
13
13
13
13
13
13
13
13
13
13
13
13
13
13
13
13
13
75
75
75
75
75
75
75
75
75
75
75
68
61
12
12
12
12
12
12
12
12
12
12
12
12
12
12
12
12
12
12
12
12
12
12
12
12
12
12
12
12
12
12
12
12
12
12
12
12
74
74
74
74
74
74
74
74
67
60
60
11
11
11
11
11
11
11
11
11
11
11
11
11
11
11
11
11
11
11
11
11
11
11
11
73
73
73
73
73
73
73
73
73
73
73
73
73
73
73
73
66
59
10
10
10
10
10
10
10
10
10
10
10
10
10
10
10
10
10
10
10
10
10
10
10
10
10
10
10
10
10
10
10
10
10
10
10
10
10
10
10
10
10
10
10
72
72
72
72
72
72
72
72
72
72
72
72
72
71
71
71
71
71
71
71
71
71
71
71
71
71
71
71
71
50
70
70
70
70
70
70
70
70
70
70
70
63
56
69
69
69
69
69
69
69
69
69
69
69
62
55
55
68
68
68
68
68
68
68
68
68
68
68
68
68
68
68
68
68
68
67
67
67
67
67
67
67
67
67
67
67
67
67
67
67
67
67
67
39
66
66
66
66
66
66
66
66
66
66
65
65
65
65
65
65
65
65
65
65
65
65
65
65
58
58
58
64
64
64
64
64
64
64
64
64
64
64
64
64
64
43
63
63
63
63
63
63
63
63
63
63
63
63
63
62
62
62
62
62
62
62
62
62
62
62
62
62
62
62
62
62
62
62
61
61
61
61
61
61
61
61
61
61
61
61
61
61
61
61
61
61
61
61
61
61
61
61
61
54
54
60
60
60
60
60
60
60
60
60
60
60
60
60
60
60
60
59
59
59
59
59
59
59
59
59
59
59
59
59
59
59
59
59
59
52
52
45
58
58
58
58
58
58
58
58
58
58
58
58
58
58
51
57
57
57
57
57
57
57
57
57
57
57
57
57
50
56
56
56
56
56
56
56
56
56
56
56
56
56
56
56
55
55
55
55
55
55
55
55
55
48
54
54
54
54
54
54
54
54
54
54
54
54
54
54
54
40
53
53
53
53
53
53
53
53
53
53
53
52
52
52
52
52
52
52
52
52
52
52
52
52
52
51
51
51
51
51
51
51
51
51
51
51
50
50
50
50
50
50
50
50
50
50
50
50
50
50
50
50
43
49
49
49
49
49
49
49
49
49
49
48
48
48
48
48
48
48
48
48
48
41
47
47
47
47
47
47
47
47
47
47
47
47
47
47
47
46
46
46
46
46
46
46
46
46
45
45
45
45
45
45
45
44
44
44
44
44
44
44
44
43
43
43
43
43
43
42
42
42
42
42
42
41
41
41
41
41
41
41
41
41
34
40
40
40
40
39
39
39
39
38
38
38
31
37
37
37
36
36
36
36
35
35
34
30
