82476
41281
22458
12435
11338
10123
8830
8400
8399
8062
7095
6813
6733
6242
6035
5341
4961
4686
4675
4529
4358
3690
3645
3401
3251
3083
2688
2668
4481
2538
2441
2417
2414
2399
2281
2163
2106
2074
1979
1963
1943
1896
1761
1719
1629
1581
1530
1421
5732283
1369
1361
1346
1299
1289
1260
1259
1221
1189
1183
1176
1156
1153
1144
1141
1124
1092
1049
1034
1024
1015
1005
987
981
970
960
939
927
919
903
900
880
879
867
817
807
801
799
784
781
775
773
766
755
721
708
681
674
670
661
654
647
647
643
639
638
634
619
617
616
598
588
585
584
572
567
565
564
563
555
555
554
553
543
542
539
538
527
519
510
509
509
506
497
496
486
482
653
472
443
436
430
427
419
418
417
4330
411
411
409
405
400
398
398
396
395
393
391
389
385
385
385
382
1338951
373
370
367
364
362
357
356
347
1341589
340
337
336
332
331
330
329
328
327
326
325
325
324
322
322
321
320
319
319
317
315
314
313
306
306
304
303
300
300
297
296
293
291
291
286
277
274
274
273
272
272
269
269
268
268
268
266
264
263
262
262
262
261
260
260
259
258
257
257
251
251
251
250
250
246
245
244
244
242
240
240
237
236
236
235
233
232
227
221
221
218
218
218
218
217
214
211
207
840236
205
202
201
201
201
200
200
199
197
199
196
196
5115
193
193
193
443
192
190
189
189
189
189
188
188
188
188
187
186
185
185
185
184
184
727
183
182
181
180
175
175
175
175
174
174
174
173
172
171
171
171
170
170
170
169
168
168
167
166
165
163
163
162
161
160
160
160
160
159
158
157
156
154
154
151
151
148
145
145
143
141
140
139
138
138
138
138
138
137
136
133
403
131
130
129
129
128
1251
127
126
126
126
125
125
125
125
125
124
124
123
123
123
122
122
122
121
121
120
119
118
117
117
117
116
116
116
112
112
112
111
110
109
109
109
109
108
108
106
106
106
106
105
105
104
104
104
104
1298
102
100
99
99
98
98
98
98
98
98
96
32032
95
95
95
95
94
94
93
93
94
91
90
89
89
469
88
86
84
83
82
128
81
81
79
79
78
78
318048
77
77
1696
74
74
72
72
72
72
71
71
71
70
70
229745
68
68
68
67
66
65
65
64
64
64
471
62
62
61
61
96
60
59
58
58
58
55
54
53
51
50
49
48
55624
90876
419
220
118285
89
654
83
78021
74564
120
70
11428
81
83
66
59007
36
45562
36079
49794
52
47195
97
41876
50
47
45132
74
44064
40863
28
41020
34030
57
52
15
64
79
288
25534
55
1258
29053
8159
133
32786
32063
31380
30900
271
29769
29664
11
52
38
129
27348
38
26276
42
25060
118
86
84
52
29
68
22
40
104
92
21318
21201
141
36
30
40
40
39
33
31
27
18
17
20388
16988
19742
24
11412
48
581
74
213
92
72
41
27
39
18
24
151
34
31
16471
78
62
38
39
36
36
32
25
18
22
19
18
14964
15295
10035
14195
24
48
14102
44
121
33
7387
56
80
12
36
11037
220
13050
48
102
12950
73
50
41
87
151
308
4820
265
12525
9736
12452
33
153
141
10
42
38
12241
27
84
13
48
46
38
38
31
30
23
20
33
23
29
15
28
27
26
25
25
23
22
21
21
20
19
18
18
17
17
12
12
11
11
127
12010
55
11506
12
9748
11237
10993
1868
56
10716
10484
40
10356
10213
8183
8971
28
67
22
517
120
104
338
9528
9486
95
24
46
84
82
24
19
24
13
123
397
77
95
11
18
8223
15
102
17
25
36
52
37
43
19
27
20
18
16
15
10
351
53
1178
135
86
26
40
91
5717
40
93
22
13
77
8260
47
40
57
51
50
49
26
46
43
34
40
37
36
35
21
34
27
20
33
32
18
24
30
28
21
27
27
27
26
26
26
19
19
25
11
24
17
23
23
23
8212
22
22
22
21
21
21
14
14
20
20
19
19
19
18
17
17
10
15
15
14
14
14
14
14
13
13
13
13
12
12
12
11
11
11
10
10
10
10
10
8149
4888
8007
366
7528
7823
6732
3077
2820
24
7052
13
7020
86
75
6924
6841
28
6741
53
6691
6641
6525
6422
6437
131
6373
6366
6354
6323
5150
1444
6238
10
20
286
84
6052
3205
6001
5979
5109
181
5891
196
79
40
48
5810
120
5803
74
25
16
70
5681
31
40
38
17
21
19
24
108
5577
83
5524
5519
70
36
3485
187
4771
4539
86
139
77
51
5379
3172
150
244
44
5314
201
5289
924
86
66
12
20
39
33
342
52
52
19
32
26
27
26
37
43
35
32
23
25
23
16
21
19
18
17
10
3129
4043
148
5009
4615
98
53
63
4829
4835
75
4828
715
638
1083
51
4788
69
78
77
4423
47
51
51
54
116
45
555
35
27
32
36
35
3778
609
28
21
15
11
10
71
55
35
59
47
45
4657
28
48
39
38
43
36
39
39
17
36
4521
20
33
17
30
23
23
29
28
21
21
14
26
26
25
10
23
16
16
13
19
19
18
17
17
17
16
14
14
14
13
12
12
12
11
11
4503
97
325
59
156
391
4546
278
394
414
393
379
355
345
46
274
434
220
4396
3421
206
289
114
261
103
26
18
4334
232
26
48
46
150
43
76
46
29
84
141
149
83
14
10
4227
131
122
58
46
45
34
4205
108
35
40
39
39
38
38
16
29
96
32
31
24
30
23
29
21
83
3953
26
26
25
10
23
22
22
4179
18
80
17
19
11
24
49
62
55
47
45
36
35
55
48
47
40
52
51
37
50
22
49
48
48
41
34
34
47
47
47
40
33
4141
46
46
46
46
46
46
46
46
39
45
45
45
31
44
37
23
16
43
43
43
36
15
42
42
42
42
42
42
42
42
35
41
41
34
34
34
34
27
40
40
40
19
39
39
39
39
39
39
18
38
38
38
38
38
38
31
31
37
37
37
37
37
37
30
30
16
36
36
36
36
36
29
22
35
35
35
35
28
21
21
34
34
34
34
27
27
20
13
13
33
33
33
33
33
33
33
33
33
33
26
19
32
32
32
32
32
32
32
32
32
32
25
25
18
31
31
31
31
31
31
31
31
31
31
31
31
24
24
24
17
10
30
30
30
30
30
30
30
30
30
30
30
30
30
30
23
16
16
29
29
29
29
29
29
29
29
29
29
29
29
29
22
22
15
28
28
28
28
28
28
28
28
21
21
21
21
21
27
27
27
27
27
27
27
27
27
27
27
27
20
26
26
26
26
26
26
26
26
19
19
19
12
12
25
25
25
25
25
25
25
25
25
25
25
25
25
18
18
18
18
18
18
11
24
24
24
24
24
24
24
24
24
24
24
24
24
17
17
17
17
17
10
10
23
23
23
23
23
23
23
23
23
23
23
23
23
23
16
16
16
22
22
22
22
22
22
22
22
22
22
22
22
15
21
21
21
21
21
21
21
21
21
21
21
21
21
21
14
14
14
20
20
20
20
20
20
20
20
20
20
20
20
20
20
20
20
20
20
20
20
20
20
20
20
20
20
20
20
20
20
13
13
13
19
19
19
19
19
19
19
19
19
19
19
19
19
19
12
12
12
12
18
18
18
18
18
18
18
18
18
18
18
18
18
18
18
18
18
18
18
18
18
18
18
11
11
11
11
17
17
17
17
17
17
17
17
17
17
17
17
17
17
17
17
17
17
17
17
17
17
17
10
10
16
16
16
16
16
16
16
16
16
16
16
16
16
16
15
15
15
15
15
15
15
15
15
15
15
15
15
15
15
15
15
15
15
15
15
15
14
14
14
14
14
14
14
14
14
14
14
14
14
14
14
14
14
14
14
14
14
14
14
14
14
14
14
14
13
13
13
13
13
13
13
13
13
13
13
13
13
13
13
13
13
13
13
13
13
13
13
12
12
12
12
12
12
12
12
12
12
12
12
12
12
12
12
12
12
12
12
12
12
12
12
12
12
12
12
12
12
12
12
12
11
11
11
11
11
11
11
11
11
11
11
11
11
11
11
11
11
11
11
11
11
11
11
11
10
10
10
10
10
10
10
10
10
10
10
10
10
10
10
10
10
10
10
10
10
10
10
10
10
10
10
10
3769
437
3983
3702
401
3921
837
3868
38
129
3816
219
3808
3721
3612
3781
78
17
2963
351
3455
3499
3056
3447
3415
3382
3393
3313
1229
3146
3297
501
3248
112
38
3220
3216
3211
3181
3190
47
2802
3176
3165
3162
87
3150
3068
3120
2423
3058
3067
520
3007
3008
3020
3025
3008
3008
3001
2961
2977
2972
2960
2952
2938
2910
1632
2875
2874
2777
2845
50
2709
2799
2779
2767
2654
169
2729
2697
1477
2674
2673
2647
2638
2622
2302
47
47
2598
2501
30
27
26
282
10
1948
2540
2530
2439
2213
601
2467
2457
2455
2231
2416
2412
2410
2391
2341
2386
2379
98
2348
2360
1768
2352
2345
291
2342
598
638
2151
40
2242
34
2286
2279
2278
2267
579
2245
2199
2231
71
2210
2208
2211
2133
2202
544
2179
1019
65
44
29
63
2161
1631
2146
37
1625
2141
2035
1985
2126
1404
2131
1995
2124
99
15
2115
2077
2102
2100
2063
2082
2079
28
1382
2052
22
2063
2055
2061
15
2054
2042
95
643
2035
2007
2030
443
2017
1995
1968
1981
16
1968
1953
933
876
1919
126
1951
1945
128
1930
1936
1887
1930
767
1626
1906
59
1827
1861
1802
1769
1881
1876
116
1859
1856
1856
1856
1855
53
122
1730
439
311
1843
1843
1830
1826
1824
729
1809
467
1670
1802
1790
305
1423
1778
91
1771
1504
1199
134
1687
1748
1746
1704
24
1183
102
24
1123
52
50
700
1728
1726
1470
1718
44
38
1702
1688
1184
21
1690
1679
75
1683
23
1681
1681
1680
1679
1544
1034
32
31
713
50
1655
1653
49
1650
46
1648
1642
1577
37
1638
1628
1634
1011
34
1628
24
16
87
23
1597
168
1616
1552
1076
1599
1612
14
279
74
1596
1512
1567
1586
60
1046
1493
70
41
34
54
1583
42
28
47
1474
501
1437
44
1555
525
42
1182
36
21
1553
1502
1529
1562
28
27
26
26
1556
1556
330
1552
1531
432
18
18
16
16
16
15
14
11
1030
1085
1539
1536
1531
171
1510
1510
1521
1513
1134
1503
1282
474
1464
72
1476
1476
104
1474
1369
1472
1472
961
93
1470
1465
174
1446
913
1451
1450
862
1448
43
1440
33
94
1403
1428
91
1425
304
1106
68
291
1399
1412
1406
272
1398
305
1389
1381
1378
1377
844
1370
591
1365
1364
1319
1151
1106
118
1353
1349
1348
109
1347
1347
1346
226
107
46
1339
1338
1210
1334
1277
757
1323
1322
1321
235
1282
1312
1305
1256
793
296
184
1226
1107
756
797
479
1296
771
1302
1280
1300
1228
1282
15
1293
1285
714
1259
55
1246
1155
719
1278
1257
1026
1263
1253
1269
1208
339
234
1002
1257
724
1254
1254
1233
29
73
1240
1241
1238
1200
1233
1233
1204
63
1230
26
1226
1135
1135
1224
1153
1221
120
43
105
1214
1177
1211
189
488
614
676
1193
1198
691
40
1193
36
1195
1188
1187
46
1193
666
1189
1123
37
1183
1150
1169
882
1175
1174
676
1172
540
134
636
146
27
1167
515
46
75
47
1158
37
71
63
63
1145
1151
129
478
1149
43
54
1061
1144
1074
44
1113
1126
552
55
1139
54
1012
1137
1127
1133
41
1131
1131
24
1043
980
42
35
76
27
474
33
1124
11
24
30
30
1113
35
82
12
32
17
1094
22
15
574
364
1112
83
26
24
17
1071
1105
19
1095
1100
967
77
13
12
1096
1096
1095
1095
10
1031
1093
1093
1086
36
1085
1085
1084
1083
1041
1075
1081
128
58
56
53
53
52
51
434
818
384
41
1069
964
40
40
39
32
1067
45
1066
1065
994
41
1034
40
18
1059
37
22
22
1057
1057
35
35
1055
1013
537
32
32
1053
31
31
1052
16
1051
1037
386
973
28
28
28
28
21
14
27
27
27
13
75
26
26
26
26
25
18
24
24
17
1031
351
22
22
532
21
21
21
21
21
20
19
19
19
19
18
18
18
17
17
17
17
16
15
15
15
15
15
994
14
14
14
14
14
13
13
13
13
13
13
1034
1034
12
12
12
11
11
11
11
10
10
10
10
191
1029
973
924
1027
1001
784
1021
1021
1021
1020
1020
1020
957
394
974
144
1011
1011
346
1009
1009
967
133
1006
985
906
975
401
1002
1001
994
999
978
915
236
998
340
995
979
293
992
992
977
990
206
987
984
983
948
982
308
923
978
466
709
456
393
973
881
964
970
970
821
436
967
736
162
120
965
965
929
123
962
958
958
951
874
293
929
955
955
171
870
742
335
208
424
948
178
940
933
427
936
116
407
931
413
930
265
110
913
905
702
918
924
140
916
916
321
312
917
916
914
913
913
913
906
912
261
897
903
73
381
155
113
889
329
902
769
900
893
872
898
198
897
896
896
894
333
892
122
891
891
350
888
888
194
823
338
882
574
35
881
867
361
878
877
877
806
358
777
258
306
872
214
871
731
38
814
212
866
719
865
564
864
864
73
163
23
204
106
829
773
856
854
49
852
830
788
318
779
758
51
848
624
826
805
364
846
845
845
19
844
844
634
206
311
331
840
838
773
835
282
764
553
266
229
830
829
828
807
170
316
826
728
315
279
34
285
33
795
822
822
220
821
821
820
820
820
42
818
811
167
816
814
289
163
812
755
27
809
32
806
126
804
797
797
803
19
802
802
774
711
800
121
797
776
796
795
753
451
276
269
213
786
765
72
693
790
27
789
775
788
179
269
248
786
65
750
781
774
780
192
779
29
777
112
776
704
759
772
771
526
252
769
740
61
760
128
764
757
245
238
167
760
759
129
758
750
183
651
245
217
753
739
235
752
752
52
751
240
98
734
13
747
236
229
173
166
683
228
39
234
569
743
743
743
232
735
721
231
224
34
593
208
200
81
738
738
31
708
707
77
224
210
734
685
33
228
731
507
730
723
212
729
161
27
579
26
654
213
17
723
513
219
722
701
631
99
721
21
622
20
718
662
717
717
717
717
717
479
716
716
702
44
645
714
469
713
201
201
711
711
704
179
710
703
59
702
155
707
700
196
706
706
447
705
684
110
704
704
683
39
32
703
156
701
666
574
98
699
698
697
158
39
31
24
695
695
688
667
694
505
693
665
112
56
42
663
690
690
221
53
39
25
689
129
177
37
30
687
99
553
175
154
112
685
594
27
684
684
670
663
656
642
579
173
47
676
45
681
646
617
610
610
15
651
168
91
42
42
678
678
678
580
41
677
677
677
446
26
675
674
674
128
673
148
36
672
672
63
83
83
76
670
642
33
75
47
669
151
144
25
11
668
668
157
157
150
24
667
667
576
30
23
666
666
659
582
29
22
665
665
553
28
377
20
663
26
19
550
661
661
661
661
661
24
653
23
16
659
204
134
77
21
21
21
594
132
69
48
20
13
656
635
607
19
655
18
654
654
654
653
576
583
205
652
15
15
588
49
573
69
20
649
642
648
431
60
11
129
122
115
646
646
646
65
638
64
57
336
98
139
642
642
117
641
634
123
116
60
60
53
640
493
59
58
58
638
638
610
120
106
637
126
105
55
551
123
39
633
633
570
171
59
114
44
23
23
631
631
43
629
629
447
104
48
614
117
82
54
26
627
543
626
549
52
38
625
576
506
415
107
51
51
624
113
43
36
623
546
98
77
622
622
622
97
48
34
621
621
89
47
46
39
39
45
38
38
38
618
597
548
44
617
617
617
43
43
43
532
462
105
84
70
398
62
34
27
27
27
614
103
40
40
33
19
613
172
74
32
25
612
101
31
31
24
611
345
37
30
30
44
36
567
483
35
35
28
608
538
34
34
27
27
20
20
607
572
530
606
32
25
25
25
18
18
605
528
94
31
31
24
24
17
576
93
30
30
30
30
23
603
589
64
29
29
15
602
476
455
329
91
49
21
14
601
90
69
27
27
27
27
20
13
600
600
537
26
26
26
26
19
19
19
19
88
25
18
11
598
87
80
24
24
24
24
17
17
401
317
79
23
23
23
16
16
596
596
589
64
22
22
22
22
22
22
15
15
15
595
574
357
70
56
21
21
21
14
14
594
83
76
20
20
20
13
13
13
75
68
19
19
19
19
19
12
12
12
12
26
585
550
494
53
18
39
11
17
17
17
17
17
10
590
583
394
79
16
16
16
16
463
15
15
15
15
15
15
588
588
574
14
14
14
14
14
76
13
13
13
13
13
13
586
537
495
12
12
74
74
60
60
11
11
11
577
52
10
10
583
37
65
71
64
581
581
35
35
580
579
579
579
579
61
12
67
67
59
52
51
554
519
434
364
63
573
573
62
55
572
572
572
558
40
571
571
571
543
522
494
60
53
39
346
367
157
38
17
58
58
58
51
51
51
36
567
210
35
21
419
55
565
565
54
54
40
33
564
39
32
563
563
563
556
52
52
45
38
31
562
562
51
379
36
29
560
182
49
49
49
35
48
48
48
48
41
27
558
40
40
40
40
557
557
522
466
46
46
46
556
542
535
45
45
38
44
44
44
37
23
554
470
43
43
43
36
29
553
42
42
42
35
35
35
321
41
41
41
41
41
34
34
27
27
27
40
40
40
33
473
39
11
549
38
38
31
31
31
548
37
37
37
37
30
30
30
23
36
36
36
36
36
36
29
15
546
35
35
35
35
35
35
35
35
35
35
35
28
482
34
34
34
34
34
34
34
34
34
34
34
27
27
20
20
544
544
544
33
33
33
33
33
33
33
33
26
26
26
19
543
60
32
32
32
32
11
31
31
31
31
31
31
31
31
31
31
31
31
31
24
24
24
24
17
17
17
541
527
30
30
30
30
30
30
30
30
23
23
23
23
23
16
16
16
295
29
29
29
29
29
29
29
29
29
29
29
29
29
29
22
22
15
28
28
28
28
28
28
28
28
28
28
28
28
28
28
28
28
28
28
21
21
21
21
21
21
14
14
538
538
377
27
27
27
27
27
27
27
27
27
27
27
27
27
20
20
20
20
13
537
537
537
26
26
26
26
26
26
26
26
26
26
26
26
26
19
19
12
536
25
25
25
25
25
25
25
25
25
25
25
25
25
25
25
25
25
25
25
25
25
25
25
25
18
18
11
11
11
535
24
24
24
24
24
24
24
24
24
24
24
24
24
24
24
24
24
24
24
24
24
24
24
17
17
534
534
534
534
534
499
471
23
23
23
23
23
23
23
23
23
23
23
23
23
23
23
23
23
23
23
23
23
23
23
23
23
16
16
16
16
533
533
526
22
22
22
22
22
22
22
22
22
22
22
22
22
22
22
22
22
22
22
22
22
22
22
22
22
22
22
22
22
15
15
15
532
532
469
21
21
21
21
21
21
21
21
21
21
21
21
21
21
21
21
21
21
21
21
21
21
21
21
21
21
14
14
14
14
14
14
531
517
328
62
20
20
20
20
20
20
20
20
20
20
20
20
20
20
20
20
20
20
20
20
20
20
20
20
20
20
20
20
20
20
13
13
13
13
13
530
530
19
19
19
19
19
19
19
19
19
19
19
19
19
19
19
19
19
19
19
19
19
19
19
19
19
19
12
12
12
12
12
529
529
522
18
18
18
18
18
18
18
18
18
18
18
18
18
18
18
18
18
18
18
18
18
18
18
18
18
18
18
18
18
11
11
11
11
11
528
528
507
17
17
17
17
17
17
17
17
17
17
17
17
17
17
17
17
17
17
17
17
17
17
17
17
17
17
17
17
17
17
17
17
10
10
10
16
16
16
16
16
16
16
16
16
16
16
16
16
16
16
16
16
16
16
16
16
16
16
16
16
16
16
16
16
16
16
16
16
16
16
16
16
16
16
16
16
16
16
16
16
16
16
16
16
16
526
526
526
71
15
15
15
15
15
15
15
15
15
15
15
15
15
15
15
15
15
15
15
15
15
15
15
15
15
15
15
15
15
15
15
15
15
15
15
15
15
15
15
15
525
525
525
14
14
14
14
14
14
14
14
14
14
14
14
14
14
14
14
14
14
14
14
14
14
14
14
14
14
14
14
14
14
14
14
14
14
14
14
14
14
14
14
14
524
524
524
524
524
510
496
13
13
13
13
13
13
13
13
13
13
13
13
13
13
13
13
13
13
13
13
13
13
13
13
13
13
13
13
13
13
13
13
13
13
13
13
13
13
13
13
13
13
13
13
13
13
13
523
376
12
12
12
12
12
12
12
12
12
12
12
12
12
12
12
12
12
12
12
12
12
12
12
12
12
12
12
12
12
12
12
12
12
12
12
12
12
12
12
12
12
12
12
12
12
12
12
12
12
522
11
11
11
11
11
11
11
11
11
11
11
11
11
11
11
11
11
11
11
11
11
11
11
11
11
11
11
11
11
11
11
11
11
11
11
11
11
11
11
521
493
10
10
10
10
10
10
10
10
10
10
10
10
10
10
10
10
10
10
10
10
10
10
10
10
10
10
10
10
10
10
10
10
10
10
10
10
10
10
10
10
520
506
519
519
414
434
510
516
516
516
453
390
508
501
514
507
374
513
506
443
442
510
510
510
342
509
509
404
418
473
507
507
499
505
505
379
504
189
503
503
502
481
410
361
500
493
171
436
498
455
399
496
496
495
495
467
110
494
402
492
478
408
58
491
113
490
490
147
489
425
411
487
487
410
403
485
483
469
482
482
481
481
446
480
479
479
164
478
457
275
477
407
476
476
475
475
475
474
404
473
473
375
354
472
471
471
254
470
344
358
337
469
455
455
468
468
468
467
369
466
466
465
422
463
463
463
462
462
392
461
454
460
460
368
319
305
458
458
451
457
457
457
456
456
456
442
455
448
224
454
454
453
390
124
452
452
445
340
74
451
451
451
451
451
451
451
423
423
318
450
450
436
449
449
449
413
343
175
447
447
447
447
445
445
431
431
444
444
443
443
443
443
436
442
372
351
246
441
441
441
371
315
440
377
370
439
425
418
411
362
40
438
437
318
422
435
365
434
434
287
244
432
383
431
431
151
430
430
429
331
428
427
427
427
413
406
426
426
426
48
425
410
423
408
303
170
323
420
420
413
357
357
70
405
418
417
417
326
256
416
409
227
414
414
414
400
330
398
251
411
397
410
326
347
52
387
345
323
406
406
406
406
315
273
217
83
404
404
404
404
403
403
333
165
402
395
401
401
387
338
400
400
393
386
336
322
398
398
335
342
300
397
320
341
396
396
347
298
312
228
387
380
296
393
393
393
386
386
392
392
385
329
391
384
48
90
376
389
382
53
388
311
380
310
386
386
386
351
281
232
385
384
377
377
321
300
383
383
383
382
382
375
361
263
235
45
380
366
310
310
379
379
379
379
365
358
351
253
378
378
378
378
377
286
376
376
376
376
299
306
375
375
361
256
374
374
374
374
374
367
311
373
372
365
365
260
371
371
350
343
245
105
370
328
237
40
368
368
368
368
361
305
291
367
367
360
353
297
234
94
366
366
366
303
212
365
365
36
364
364
364
294
363
363
363
363
328
293
265
299
361
312
46
360
360
360
290
359
359
359
359
359
289
170
358
351
232
232
232
357
357
350
329
356
356
349
293
355
355
334
271
354
354
326
123
353
353
346
339
352
352
282
247
247
156
351
351
260
134
350
343
161
349
27
62
341
340
277
277
346
276
234
345
345
345
345
338
268
344
344
337
323
343
343
259
259
342
342
342
342
342
279
341
341
341
327
278
292
187
26
340
340
326
130
39
339
339
332
234
24
338
338
338
23
337
337
337
267
211
50
336
336
336
329
273
335
335
335
335
321
321
334
334
334
334
334
334
333
333
333
326
318
276
248
331
331
330
330
323
316
329
329
329
259
252
238
217
140
328
328
328
328
328
258
62
327
327
292
264
326
179
325
325
311
248
324
317
254
142
37
323
316
302
253
169
322
322
315
315
315
314
251
320
320
320
320
313
306
292
319
277
249
318
255
317
317
317
282
282
226
198
37
37
295
315
315
308
217
49
314
314
314
307
293
97
313
312
312
291
109
311
311
311
310
310
310
233
233
121
309
246
71
308
308
308
308
308
294
238
245
49
307
237
230
306
306
229
173
82
305
304
304
304
115
303
302
302
302
302
301
301
300
300
300
251
216
132
27
69
299
299
299
299
292
194
47
298
298
298
291
270
256
297
290
213
296
296
296
296
282
219
58
295
295
295
295
274
225
141
92
294
294
294
287
203
35
237
132
41
292
292
292
292
292
292
292
292
292
278
222
215
159
291
291
291
284
277
277
165
290
290
290
31
289
289
289
289
282
226
219
163
51
288
288
281
218
120
287
287
287
266
217
189
286
286
265
244
216
160
27
285
285
278
131
284
102
283
276
282
282
282
275
219
23
281
281
281
281
197
280
280
280
280
273
189
126
98
279
279
272
258
69
27
264
201
131
277
277
277
256
207
172
172
276
276
276
262
206
275
275
275
275
205
219
149
274
274
274
260
204
113
78
273
273
273
273
273
273
273
266
272
272
195
83
271
271
271
236
159
270
270
165
102
269
269
269
269
255
199
199
268
268
268
149
93
51
267
267
267
267
260
225
71
266
266
266
266
196
210
265
265
265
265
265
258
202
146
264
68
263
263
256
256
256
228
200
262
262
52
261
261
240
23
260
260
225
190
113
259
259
259
259
259
63
258
258
258
258
258
258
251
195
125
167
104
257
257
187
110
40
256
256
256
256
256
249
242
193
46
255
255
255
52
24
254
254
254
254
254
247
253
239
183
155
141
141
36
252
252
252
189
189
182
147
35
251
251
251
251
251
237
188
250
250
250
250
250
180
180
159
138
228
228
186
165
158
39
248
248
248
227
157
157
247
142
37
246
246
246
176
92
245
245
245
245
245
245
245
245
238
168
161
119
49
244
244
244
244
243
243
243
243
236
229
180
166
145
242
242
228
179
179
158
144
123
53
81
46
241
241
241
241
241
241
241
241
241
241
234
234
234
234
227
240
240
240
240
240
240
226
170
100
51
239
239
239
239
176
176
169
162
162
238
238
238
238
238
168
28
237
41
236
236
236
236
236
222
166
152
235
235
235
235
235
235
228
221
234
234
234
234
234
234
227
164
38
233
233
233
233
219
219
219
170
44
232
218
169
231
231
224
168
28
230
230
230
230
223
202
202
167
146
139
90
229
229
229
229
229
229
229
166
152
47
26
228
228
228
228
228
200
200
74
39
32
227
227
220
164
80
52
17
226
226
219
184
177
225
225
225
225
225
225
225
225
225
197
155
78
120
36
224
224
84
105
223
223
223
223
223
223
223
125
146
111
222
222
222
222
222
222
222
152
110
221
221
221
221
214
102
32
32
25
46
220
220
220
220
220
185
150
136
80
31
31
219
219
212
212
205
72
30
30
218
218
218
155
148
120
92
217
217
217
217
217
217
217
210
203
126
112
28
216
216
216
209
83
55
215
215
215
215
215
215
208
208
187
124
89
26
19
214
214
214
214
200
151
144
144
137
25
213
213
213
206
185
171
31
212
212
212
212
205
184
142
211
211
211
197
148
22
64
210
210
210
210
126
84
21
209
209
209
209
209
209
202
146
132
132
208
208
145
138
96
19
207
207
207
200
200
144
137
130
109
102
46
18
39
206
192
192
129
73
66
205
205
184
184
128
72
16
204
204
204
204
204
204
204
204
197
190
176
141
71
203
203
203
203
203
203
189
140
14
202
202
202
202
202
202
202
202
202
202
188
13
34
27
201
145
145
82
200
200
200
200
200
200
193
186
179
137
109
74
32
46
199
199
199
199
199
199
199
199
199
199
192
178
150
108
101
94
59
59
198
198
198
198
198
198
198
198
177
93
58
51
197
197
197
197
197
197
197
183
183
127
120
99
85
85
64
196
196
196
168
126
70
91
35
195
195
195
195
195
195
188
118
118
111
90
34
194
194
194
194
194
194
194
187
187
131
131
89
193
193
193
193
193
193
193
193
102
67
53
39
53
192
192
192
178
136
191
191
191
191
184
128
107
107
121
190
190
190
190
190
190
127
99
85
50
50
189
189
189
189
189
189
189
189
182
168
161
154
126
188
188
188
188
188
118
111
55
187
187
187
173
166
96
68
186
186
186
186
186
186
186
109
109
95
46
185
185
185
185
185
185
185
185
185
164
122
87
59
184
184
184
184
184
184
184
184
184
184
184
184
177
170
170
121
114
58
183
183
183
183
183
183
183
183
183
169
169
99
182
182
182
182
175
161
119
119
112
181
181
181
181
181
181
181
181
181
181
181
167
111
111
104
104
55
180
180
180
180
180
180
117
117
110
131
96
40
179
179
179
179
179
179
179
95
32
178
178
178
178
178
171
171
115
108
108
108
101
122
80
73
73
177
177
177
163
93
86
51
86
176
176
176
176
176
176
176
169
169
162
113
106
99
85
85
36
175
175
175
175
175
175
175
175
175
147
35
21
174
174
174
174
174
174
174
174
167
111
104
104
97
69
69
27
173
173
173
173
173
173
173
173
159
159
110
82
75
47
75
26
172
172
172
172
172
165
165
151
130
102
102
74
25
171
171
171
157
108
101
80
66
31
170
170
170
170
170
170
170
170
156
156
135
107
100
30
51
169
169
169
169
169
169
169
155
155
106
85
168
168
168
161
140
105
126
98
91
70
28
167
167
104
41
20
166
166
166
166
159
103
82
82
75
75
33
165
165
165
165
165
165
165
165
158
109
39
164
164
164
164
164
164
150
94
87
87
38
31
31
163
135
100
79
37
37
37
23
162
162
162
162
162
162
155
155
155
148
92
78
161
161
161
161
161
161
161
161
161
161
140
112
35
35
28
160
160
160
160
160
160
160
97
97
90
83
83
27
48
159
159
159
159
159
159
152
152
145
89
75
158
158
158
158
158
158
158
158
158
158
158
151
144
95
95
88
81
81
74
74
67
32
157
157
157
157
150
87
80
73
24
156
156
156
156
156
156
156
156
142
142
79
72
65
30
155
155
155
155
155
155
148
148
92
113
85
64
29
22
15
154
154
154
154
154
154
154
154
84
77
153
153
153
153
153
153
153
153
125
90
83
69
83
55
27
152
152
152
152
152
152
152
152
152
152
89
89
89
89
89
82
75
75
61
26
151
151
151
151
151
151
151
151
130
109
81
25
25
18
150
150
150
150
150
150
150
150
150
150
136
136
122
87
80
80
80
80
73
73
73
59
24
24
45
149
149
149
149
149
149
149
142
142
86
86
86
79
72
65
65
23
148
148
148
148
148
134
134
85
71
22
22
22
147
147
147
147
147
147
147
140
140
84
105
77
77
21
21
14
14
146
146
146
146
146
146
146
146
146
146
139
132
111
62
55
20
20
13
145
145
145
138
131
82
68
61
19
19
19
19
19
144
144
144
144
144
144
144
144
144
144
144
144
144
144
144
144
144
130
130
81
74
18
18
18
18
18
18
18
39
11
143
143
143
143
143
143
143
143
143
143
136
122
80
80
73
73
66
59
17
17
17
17
10
142
142
142
135
128
128
79
79
79
79
16
16
16
141
141
141
141
141
141
134
134
78
78
78
71
71
71
57
43
15
15
140
140
140
140
140
140
140
140
140
98
70
70
14
139
139
139
139
139
139
139
125
62
62
55
55
34
138
138
138
138
138
138
138
131
117
103
75
68
68
54
12
12
137
137
137
137
137
137
137
137
130
74
74
67
67
67
81
53
53
11
136
136
136
136
136
136
129
129
122
115
101
73
73
73
59
80
52
45
45
10
135
135
135
135
135
135
135
135
135
135
135
128
65
134
134
134
134
134
134
134
134
120
71
64
64
57
29
133
133
133
133
133
133
133
133
133
119
119
70
91
63
49
132
132
132
132
132
132
132
132
132
69
55
48
131
131
131
131
131
131
131
131
131
124
61
61
54
54
47
47
26
26
130
130
130
130
130
130
130
130
130
130
130
123
116
116
109
53
53
129
129
129
129
129
129
129
129
129
115
115
66
66
52
52
45
31
128
128
128
128
128
121
114
65
65
58
58
58
58
127
127
127
127
127
127
120
120
120
106
36
126
126
126
126
126
126
126
119
63
63
63
63
35
125
125
125
125
125
125
118
111
62
62
62
55
55
48
34
124
124
124
124
124
124
124
124
124
117
117
110
96
61
61
54
54
47
123
123
123
123
123
123
123
123
123
60
60
60
60
74
46
46
46
39
122
122
122
122
122
122
122
122
122
122
122
122
122
115
52
38
38
24
121
121
121
121
121
121
121
121
121
121
121
107
58
51
51
37
37
120
120
120
120
120
120
120
120
119
119
119
119
119
119
56
56
49
42
35
28
28
21
118
118
118
118
118
118
118
118
118
118
118
118
118
118
118
90
55
55
48
34
34
117
117
117
117
117
117
117
117
117
117
117
117
117
117
117
103
82
54
54
54
75
47
47
33
33
33
116
116
116
116
116
116
116
116
116
116
116
116
116
116
109
109
109
109
109
109
109
53
74
46
46
39
25
25
25
25
115
115
115
115
115
115
115
115
115
115
108
108
108
108
80
52
52
52
52
52
38
38
24
17
114
114
114
114
114
114
114
107
100
86
44
44
44
37
37
37
37
113
113
113
113
113
113
113
106
50
50
50
43
36
112
112
112
112
112
112
112
112
98
49
49
42
63
35
35
111
111
111
111
111
111
111
104
104
104
48
41
41
41
34
27
110
110
110
110
110
110
110
110
110
103
103
75
47
47
47
40
40
33
33
33
33
26
109
109
109
109
109
109
109
109
95
88
46
46
46
39
32
32
32
32
25
25
108
108
108
108
108
108
108
108
108
108
108
108
108
108
101
101
101
45
38
38
38
38
24
107
107
107
107
107
107
100
72
44
44
44
37
30
30
106
106
106
106
106
106
106
106
106
106
106
99
99
99
43
43
43
36
36
36
36
36
22
105
105
105
105
105
105
105
105
105
105
105
105
105
105
105
98
84
77
42
42
42
42
35
21
21
104
104
104
104
104
104
97
41
41
41
34
27
27
20
103
103
103
103
103
40
40
40
33
33
26
26
19
19
19
102
102
102
102
102
102
102
102
102
102
102
102
102
102
102
95
95
81
39
39
39
39
32
32
25
25
25
25
25
101
101
101
101
101
101
101
101
101
101
101
101
101
101
101
94
38
31
31
31
31
31
31
24
24
17
17
100
100
100
100
100
100
100
100
100
100
100
93
65
37
37
30
30
23
16
16
99
99
99
99
99
99
99
99
99
99
99
99
92
92
92
64
36
29
22
22
22
15
98
98
98
98
98
98
98
84
63
35
28
28
28
28
21
21
21
21
14
97
97
97
97
97
97
97
97
97
97
97
90
90
83
34
34
27
27
27
27
27
27
27
27
20
96
96
96
96
96
96
96
96
96
96
96
96
96
96
96
96
89
89
82
75
68
33
33
26
26
26
26
26
12
95
95
95
95
95
95
95
95
95
88
88
32
32
32
25
25
25
25
18
18
18
18
18
18
94
94
94
94
94
94
94
94
94
94
66
31
31
31
31
31
31
31
24
24
24
24
24
24
24
24
17
17
93
93
93
93
93
93
93
93
93
86
79
30
30
30
30
23
23
23
23
23
23
16
92
92
92
92
92
92
92
92
92
29
29
22
22
22
15
15
91
91
91
91
91
91
91
91
91
28
28
28
28
28
28
21
21
21
21
21
21
21
21
14
14
90
90
90
90
90
90
90
90
90
90
90
90
90
83
83
76
27
27
27
27
27
27
27
27
27
20
20
20
20
20
20
20
20
20
20
13
13
89
89
89
89
89
89
89
89
89
89
89
89
82
26
26
26
26
26
26
26
26
26
26
26
19
19
19
19
19
19
12
12
88
88
88
88
88
88
88
88
88
88
88
88
88
88
88
81
25
25
25
25
25
25
25
25
25
25
25
18
18
18
18
18
18
18
18
18
18
87
87
87
87
87
87
87
87
80
80
80
80
24
24
24
24
24
45
17
17
17
17
17
17
17
17
17
17
17
10
10
10
86
86
86
86
86
86
86
86
86
86
86
86
86
86
86
86
86
86
58
23
23
23
23
23
23
23
23
23
23
16
16
16
16
16
16
85
85
85
85
85
85
85
85
85
85
85
85
85
85
78
22
22
22
22
22
22
22
22
22
22
22
15
15
15
36
84
84
84
84
84
84
84
84
84
84
84
84
70
21
21
21
21
21
21
21
21
21
21
21
21
21
21
21
21
21
14
14
14
14
83
83
83
83
83
83
83
83
83
83
83
83
83
83
83
83
83
83
83
76
69
20
20
20
20
20
20
20
20
20
20
20
20
20
13
13
13
13
13
13
13
13
13
13
13
82
82
82
82
82
82
82
82
82
82
82
82
82
82
82
82
82
82
19
19
19
19
19
19
19
19
19
19
19
19
19
19
12
12
12
12
12
12
81
81
81
81
81
81
81
81
81
81
81
81
81
81
81
74
67
18
18
18
18
18
18
18
18
18
18
18
18
18
18
11
11
11
11
80
80
80
80
80
80
80
80
80
80
80
80
80
80
80
73
17
17
17
17
17
17
17
17
17
17
17
17
17
17
17
17
17
17
17
10
10
10
10
10
10
10
79
79
79
79
79
79
79
79
79
79
72
51
16
16
16
16
16
16
16
16
16
16
16
16
16
16
16
16
16
16
16
16
16
78
78
78
78
78
78
78
78
78
78
78
71
71
15
15
15
15
15
15
15
15
15
15
15
15
15
15
15
15
15
15
15
15
15
15
15
15
15
15
15
15
15
15
77
77
77
77
77
77
77
14
14
14
14
14
14
14
14
14
14
14
14
14
14
14
14
14
14
14
76
76
76
76
76
76
76
76
76
76
69
62
13
13
13
13
13
13
13
13
13
13
13
13
13
13
13
13
13
13
13
13
13
13
13
13
13
13
13
13
13
13
13
13
13
13
13
13
13
13
13
13
13
13
75
75
75
75
75
75
75
75
75
75
75
75
12
12
12
12
12
12
12
12
12
12
12
12
12
12
12
12
12
12
12
12
12
12
12
12
12
12
12
12
12
74
74
74
74
74
74
74
74
74
74
74
74
67
67
67
67
11
11
11
11
11
11
11
11
11
11
11
11
11
11
11
11
11
11
11
11
11
11
11
11
11
11
11
11
11
11
11
11
11
11
11
11
11
11
73
73
73
73
73
73
73
73
73
73
73
73
73
73
73
73
73
73
73
10
10
10
10
10
10
10
10
10
10
10
10
10
10
10
10
10
10
10
10
10
10
10
10
10
10
10
10
10
10
10
10
10
10
10
10
10
10
10
72
72
72
72
72
72
72
72
72
72
72
72
72
72
72
72
72
72
72
58
71
71
71
71
71
71
71
71
71
71
71
71
71
64
70
70
70
70
70
70
70
70
70
70
70
70
70
70
70
70
70
70
70
70
63
56
69
69
69
69
69
69
69
69
69
69
69
69
69
69
69
68
68
68
68
68
68
68
68
68
68
68
68
68
68
68
68
68
61
54
40
67
67
67
67
67
67
67
67
67
67
67
67
67
67
67
67
67
67
67
67
66
66
66
66
66
66
66
66
66
66
66
66
66
66
66
66
65
65
65
65
65
65
65
65
65
65
65
65
65
65
65
65
65
65
65
65
65
65
65
65
65
65
65
65
65
65
58
51
64
64
64
64
64
64
64
64
64
64
64
64
64
64
64
64
64
64
64
64
64
64
64
64
64
64
64
64
64
64
57
57
63
63
63
63
63
63
63
63
63
63
63
63
63
63
63
62
62
62
62
62
62
62
62
62
62
62
62
62
62
62
62
62
62
61
61
61
61
61
61
61
61
61
61
61
61
61
61
61
61
61
61
61
54
60
60
60
60
60
60
60
60
60
60
60
60
60
60
60
60
60
60
60
53
53
53
59
59
59
59
59
59
59
59
59
59
59
59
59
59
59
52
58
58
58
58
58
58
58
58
58
58
58
58
58
58
58
58
58
58
58
58
58
58
58
58
58
58
58
51
57
57
57
57
57
57
57
57
57
57
57
57
57
57
57
57
57
57
57
57
57
50
50
50
56
56
56
56
56
56
56
56
56
56
56
56
56
56
56
56
56
56
56
56
56
56
56
56
56
56
55
55
55
55
55
55
55
55
55
55
55
55
55
55
55
55
55
55
55
55
55
55
54
54
54
54
54
54
54
54
54
54
54
54
54
54
54
54
54
54
54
54
54
54
54
54
54
54
54
54
54
54
53
53
53
53
53
53
53
53
53
53
53
53
53
53
53
53
53
53
53
53
53
53
46
52
52
52
52
52
52
52
52
52
52
52
52
52
52
52
52
52
52
52
52
52
52
52
52
51
51
51
51
51
51
51
51
51
51
51
51
51
51
51
51
51
51
51
51
51
51
51
51
51
50
50
50
50
50
50
50
50
50
50
50
50
50
50
50
50
50
50
50
50
50
50
50
50
50
50
49
49
49
49
49
49
49
49
49
49
49
49
49
49
49
49
49
49
49
49
49
49
49
49
49
49
49
48
48
48
48
48
48
48
48
48
48
48
48
48
48
48
48
48
48
48
47
47
47
47
47
47
47
47
47
47
47
47
47
47
47
47
47
46
46
46
46
46
46
46
46
46
46
46
46
46
46
46
46
46
46
46
46
45
45
45
45
45
45
45
45
45
45
45
45
45
45
45
45
45
44
44
44
44
44
44
44
44
44
44
44
44
44
44
44
44
43
43
43
43
43
43
43
43
43
42
42
42
42
42
42
41
41
41
41
40
40
40
40
40
40
40
40
40
39
39
39
38
38
38
38
38
37
36
36
35
35
34
34
32
17
