11725
5271
5006
4518
2977
2958
2912
2542
2474
2453
2445
2424
2284
1963
1951
1937
1777
1774
1769
1727
1591
1590
1565
1545
1523
1465
1424
1407
1367
1264
1206
1193
1173
1135
1049
1041
979
963
4850483
954
939
895
888
885
857
852
847
847
809
805
802
788
773
723
715
697
691
689
686
668
662
646
636
617
610
606
605
603
599
590
584
570
555
540
533
518
514
509
486
484
476
460
454
454
450
434
432
430
429
406
405
404
403
403
401
400
399
395
395
387
384
381
376
370
369
368
367
366
361
359
358
357
64285
348
334
329
327
324
324
323
321
319
318
317
313
303
302
302
301
297
287
285
282
282
282
280
279
279
275
273
273
273
272
271
268
262
259
257
257
255
255
255
255
251
250
246
241
1210241
239
238
238
237
235
1189721
229
228
226
224
223
220
218
218
218
59963
216
216
216
216
215
213
213
208
208
207
206
206
204
203
203
202
201
200
200
199
199
198
194
193
189
188
187
185
184
184
181
179
179
179
178
178
177
177
176
175
173
761
441
171
170
170
169
169
168
167
166
165
165
161
738407
158
158
155
155
154
153
152
151
150
149
149
148
148
147
147
145
145
144
143
142
142
140
139
139
139
137
686878
136
136
136
136
135
135
135
134
134
134
133
133
133
132
132
131
130
129
129
128
127
127
127
126
126
124
124
122
122
122
121
121
121
560645
120
118
117
117
116
116
114
113
113
112
112
111
111
111
109
109
108
108
108
106
106
106
105
191
103
102
102
102
101
100
100
100
100
99
98
97
97
95
94
94
93
648
91
91
91
105444
89
89
89
88
88
86
293
84
84
84
84
83
82
82
81
80
80
80
79
79
81
78
78
78
76
76
76
76
76
75
75
74
73
73
354889
70
69
69
69
69
68
67
67
67
67
66
66
66
65
63
62
62
62
62
61
79
59
59
56
55
5357
53
53
240271
46120
50
54
1051
49
49
48
48
231854
205135
110
45
2513
2473
164496
396
41
172156
38
183289
80
213
711
416
97264
156747
152670
1311
32288
117029
285
51731
3260
510
245
800
100335
183
360
109957
193
93947
93564
2126
89077
89659
229
266
3049
79140
46361
56697
16069
75402
115
189
66287
268
60485
67
58191
47027
57651
44435
13717
113
4371
7690
5609
51324
203
52496
111
46334
82
49818
47396
76
2337
42138
46527
44360
149
117
22028
26913
41331
556
40651
39628
41
35754
39697
38189
114
34721
37422
37645
14013
30603
36899
701
1241
21081
298
35697
35004
36956
33832
88
1353
20845
28898
29183
30669
31150
6318
29614
76
171
30194
94
16816
28182
26437
796
26004
102
3415
3824
22642
24154
2085
291
1020
536
80
22899
1100
21758
100
20253
7447
364
21316
8753
21173
10526
928
5006
20154
354
18205
18586
88
96
19356
795
19564
16
17379
17131
17779
261
16123
18919
16598
17161
16768
16733
224
17193
3743
12903
559
510
59
504
14842
16721
15833
14290
332
17251
17362
62
6580
201
256
13838
14771
11011
15431
15000
619
13855
6738
16481
13308
2356
14594
10515
353
79
1035
12942
459
11698
1149
59
11595
13652
500
13575
297
11551
11080
11125
398
10593
11708
11724
484
11806
169
720
10407
6076
168
10835
6562
13437
11087
10079
10009
10190
45
11626
5191
10449
579
10686
350
150
10153
8048
10431
9980
9787
78
3416
8438
9718
74
41
5632
27
10765
111
8620
150
10077
9290
210
8447
50
57
9243
8937
10
8927
27
316
8658
1731
8048
7100
2426
304
551
1060
8447
724
7864
735
9300
8696
8585
7797
9084
119
5125
139
61
4558
7805
9124
9808
836
692
123
7574
7158
7132
5903
552
4871
7341
6120
693
11
108
6917
2371
2084
6833
3052
7409
6842
30
6617
179
38
1068
6899
1108
6620
71
392
6953
6604
6469
6490
8649
6812
7324
7230
7329
6414
6669
6365
6705
7127
465
74
46
6129
4804
209
1942
3740
6230
154
6006
5947
27
3756
4378
6118
26
5777
83
5738
5707
5769
5825
5668
156
63
5846
112
5482
174
4909
5566
5327
1430
1838
35
5589
5518
5103
24
81
5085
612
71
5146
5227
5212
93
5047
5159
5200
65
351
18
5414
212
301
4985
4899
237
4930
2937
1052
4821
4839
4812
179
4764
4534
4167
83
130
16
4663
28
2141
193
34
4711
165
14
272
12
101
4592
4591
4568
4189
3109
55
5183
5115
4565
4790
4487
5123
4472
309
4452
4340
4369
69
153
4635
2412
1679
1683
4161
2217
4364
1975
4360
4662
4338
78
361
4306
175
12
385
4450
1644
45
4278
19
4267
5030
4255
4274
5505
19
4456
10
4322
4212
57
322
29
4427
387
4177
65
4245
31
4133
34
21
17
17
1738
16
147
64
4081
5099
100
4081
1334
1163
4034
304
4000
4390
3961
3959
4194
4006
114
2794
3891
37
3885
3866
3861
97
4359
4136
524
4105
4000
3792
1307
186
3492
3953
2230
54
4320
3690
2450
315
3684
3683
3676
1055
165
3669
3665
3795
661
2299
1111
171
100
3604
2239
3588
3582
3570
3072
3555
163
128
3832
3712
3550
84
3515
3873
3509
184
48
72
1596
3529
611
3474
3480
195
3446
3586
3572
3415
3412
416
3477
156
3359
3358
320
3336
3342
52
1766
2369
22
3303
3293
3284
2190
3278
3277
411
2103
3254
3519
3085
969
3219
3197
3525
3192
3217
3187
3172
3168
3172
51
3195
3148
2972
196
140
1969
2641
3521
2842
3121
3125
277
3112
3156
3176
3103
26
3977
3081
4376
3336
100
3034
3048
3005
3018
3023
3024
3017
4031
2995
3025
1676
75
2949
2872
435
2917
1143
2915
2936
66
2906
2942
98
2952
45
2869
2866
2862
1381
2352
111
2849
37
2911
2826
2824
2817
2825
2819
2811
402
2828
2805
91
2846
2781
2773
27
565
2771
2765
657
2756
2745
2751
115
2735
3002
1944
80
2712
385
3261
2699
2697
2697
2709
601
2686
2686
148
2639
25
263
122
897
56
84
1705
86
671
2641
115
2594
2589
2608
17
1006
194
74
32
2507
235
2539
265
1433
351
742
2501
2496
2493
248
2499
431
2474
2473
2465
2459
2457
2453
2449
47
2447
168
2439
2430
2426
2421
2634
36
1191
2396
2389
517
256
2380
2371
309
2357
2356
2156
2352
230
2350
40
38
2345
2331
356
2322
38
2318
2316
2330
2264
2299
1086
2239
2294
2289
76
2288
20
2279
2275
2271
297
2258
2394
245
1503
120
2246
2244
2242
556
2232
2231
2223
31
2239
2216
2211
2222
121
2188
56
607
2179
24
39
2166
2165
369
2157
2152
2133
1815
2161
23
2109
2133
1822
2136
2126
13
2119
2121
89
2111
2065
2124
2102
2098
2096
1969
2095
1742
2094
2080
769
2089
26
2076
328
2062
24
2064
2064
2056
10
2053
2033
2062
2029
2026
2024
2017
2017
2028
1417
2010
2009
2004
1485
2001
1998
1996
2002
1989
1984
1992
1979
1974
1972
1611
180
1963
1962
2271
1073
1960
47
512
1944
1941
1940
1935
1936
1934
152
30
2061
1907
2131
83
1896
1895
536
1893
20
1888
1846
1804
31
1883
73
253
25
1870
966
1865
30
1856
171
1851
44
1896
1857
598
1844
1842
1840
1839
1837
44
1815
1860
1581
768
1824
1060
317
1822
1819
201
1174
1817
646
1819
130
1808
1809
447
1805
1804
1800
1799
1804
1866
1797
45
1780
1779
1800
1446
2575
677
1768
629
1754
1751
83
1750
1754
85
1743
371
1746
1734
34
1727
178
1724
110
1737
1713
25
1710
59
30
1700
1700
1257
247
1695
1146
1690
1688
1685
2002
1680
1353
1676
28
1672
1671
24
120
1665
97
1664
54
255
1661
442
1658
1486
1653
1653
1646
1646
127
1643
1654
1047
16
23
1643
1638
1711
1637
1949
32
1388
1637
35
46
1627
1535
1629
566
1622
1594
18
1620
24
22
1624
1614
235
17
1612
1610
14
1609
12
1605
30
1604
314
60
1598
1623
1592
72
1589
65
140
1579
1576
64
1575
21
20
1574
1570
1567
1564
1711
42
41
90
87
18
1549
401
1548
1546
272
1546
94
294
308
1541
1542
1519
1567
1531
885
86
1532
1527
314
1517
1516
1081
1513
1511
1510
1509
1509
1047
1664
1508
1507
458
62
1377
213
1500
471
1499
1499
1497
1500
1451
1485
1484
1482
1481
1477
12
1474
1472
1470
1469
1462
223
810
1462
202
1461
1459
1459
1457
896
1452
1451
1451
1450
1450
56
1285
1447
1445
282
126
1440
1654
1433
1433
1432
1433
1436
1428
1428
1428
1426
1425
1292
1424
584
1421
1417
1060
51
1414
847
803
648
1412
1409
1408
1404
1277
1402
30
288
1399
33
1398
1396
521
1401
1395
1391
1640
1407
1391
1389
108
1390
1388
1397
1216
1158
1380
750
1379
321
1372
245
52
1371
1367
1364
1154
1374
1362
1362
74
1361
1317
71
190
1372
1364
1358
37
1355
1174
1348
207
1344
1176
945
77
45
1299
1337
244
1349
1335
271
1334
158
1333
1332
1310
1329
1326
1325
1156
1323
84
1322
107
233
1317
1316
1315
1314
1313
1313
38
1473
1310
1312
1309
1307
312
39
1305
1304
1304
91
1301
1302
1299
900
106
29
162
1293
1296
1295
1155
1294
1298
1290
968
225
1203
1289
583
394
212
1260
1277
1278
56
1269
1267
1206
1266
1260
1259
27
1258
1201
50
1253
1210
1252
1251
40
1249
1249
1315
1244
1243
1244
1240
1244
1238
1234
1234
1234
1235
995
1232
1111
11
1228
1228
1136
1225
49
1241
156
1220
1218
77
1224
131
75
1016
1211
1210
1208
1205
1203
1201
571
1200
1198
1196
1195
1195
1196
144
1193
30
1191
1188
474
1186
1186
38
17
251
41
1185
1175
1174
1097
68
19
1176
1171
1171
1171
22
13
1118
1166
1152
1165
1165
73
1176
1163
1163
462
77
28
1161
12
1159
1161
1158
1156
1258
1154
1147
1158
110
1152
1153
1158
1169
1152
981
1148
1147
1146
1145
1143
1160
1142
1139
67
1138
1129
1134
83
153
1129
1145
1130
897
246
1042
1028
1127
1132
1125
1125
1124
1124
1123
1123
1123
1122
23
1122
1121
33
1117
1116
17
810
1123
1110
1110
1110
25
18
10
10
1108
1108
1111
1106
1104
18
18
1101
912
1100
1100
1093
78
245
1098
1097
1132
11
25
1097
1095
1095
507
122
108
1094
1057
1090
1083
1095
1089
221
1088
1087
1086
1092
1084
1084
1085
1079
1079
1077
1076
1076
1082
1079
1073
128
107
1076
1071
1071
1067
1067
555
93
435
1062
54
26
1077
1059
1059
1059
1057
1054
1053
1053
1053
10
1057
1053
1052
590
16
1051
1050
1050
1049
1049
1049
944
1048
1048
1048
1047
1046
1046
1045
1045
121
1056
176
1044
1043
1044
1046
20
740
19
12
1040
1039
1038
1038
1037
15
1029
1035
1030
1030
1031
1028
1028
1026
1026
248
941
1024
1024
1030
791
168
118
1020
998
1018
1059
1017
484
97
1012
990
31
1010
1009
1009
1008
1006
47
1005
1004
843
1004
1004
1003
1006
1002
1003
1001
1001
1000
1000
951
405
333
996
996
996
1115
995
1000
993
125
991
992
990
989
989
989
989
121
991
988
990
990
989
987
988
986
986
958
986
984
962
94
464
225
980
979
69
978
249
974
202
104
18
970
969
969
970
969
966
965
964
962
961
961
289
1001
113
959
958
957
887
956
955
955
956
955
954
149
953
652
952
112
958
950
950
949
948
948
944
943
944
942
445
941
941
940
939
904
631
938
938
881
936
934
934
933
933
932
931
930
930
244
929
929
929
929
26
928
927
927
928
1230
923
83
922
922
921
921
919
919
919
918
918
916
916
945
915
915
926
893
913
912
912
128
911
855
913
909
909
908
907
969
909
905
905
55
899
900
898
289
163
897
909
112
894
894
894
893
277
893
889
889
126
891
888
888
888
887
887
886
886
885
885
521
23
883
365
882
833
890
195
118
881
880
109
879
877
876
874
671
889
873
873
873
47
872
263
879
870
869
862
869
477
43
868
868
867
867
867
867
167
852
865
200
109
864
865
863
863
862
861
224
112
573
720
859
54
858
858
822
856
856
86
863
857
854
854
853
853
377
855
852
131
859
108
851
850
849
58
849
848
57
1150
847
848
846
846
845
845
826
844
844
843
841
852
866
840
105
105
839
839
818
669
836
836
836
103
835
834
442
833
833
132
104
831
831
830
704
829
828
828
30
827
827
826
826
825
824
823
836
822
821
821
821
793
818
818
819
816
816
819
815
52
814
814
814
818
812
138
808
808
808
808
38
226
1031
21
805
804
803
803
803
824
801
388
800
800
800
799
798
21
797
797
797
797
734
796
208
794
794
66
793
30
792
330
99
792
791
791
791
518
790
790
790
790
783
789
789
82
788
669
788
787
786
786
786
785
785
806
784
784
476
42
314
34
782
781
780
780
780
780
136
779
779
37
779
28
62
195
775
775
774
144
773
771
735
70
769
538
768
788
767
767
766
766
765
765
765
324
254
86
764
764
36
763
749
112
762
763
761
772
760
760
759
752
761
757
757
757
546
182
56
26
753
305
85
749
49
748
749
739
697
745
745
59
745
744
744
611
743
708
742
742
742
742
742
602
133
105
742
741
741
741
742
740
33
739
739
739
739
752
738
738
738
736
736
736
92
735
735
735
112
734
734
111
735
733
712
705
537
732
277
179
731
31
653
730
730
737
728
727
209
13
40
725
725
25
724
724
723
722
728
721
720
62
13
81
731
143
45
711
714
700
713
124
711
711
711
710
710
710
696
709
709
709
681
520
708
36
707
21
710
706
706
664
251
69
706
705
705
705
705
705
362
89
704
704
704
703
703
696
703
702
576
694
239
711
70
699
699
698
698
698
698
751
697
697
697
697
697
698
698
696
696
696
696
696
318
38
170
58
694
694
568
22
547
698
693
693
665
644
630
692
622
97
586
47
690
690
627
95
689
689
687
85
686
686
686
685
685
685
685
139
695
684
684
684
33
33
683
683
683
235
682
31
681
681
534
16
680
680
680
148
113
22
679
679
679
678
20
677
677
677
676
678
675
45
52
674
675
673
36
672
672
119
14
672
707
670
670
672
669
669
508
668
493
667
666
665
420
84
664
664
663
663
663
663
145
670
679
663
662
662
648
74
25
395
45
663
669
660
660
121
659
659
659
659
15
15
658
651
336
659
660
657
657
656
656
656
12
654
653
652
651
651
651
651
560
650
587
104
649
649
649
649
649
649
614
648
648
648
648
592
81
649
647
10
647
646
15
644
644
643
643
665
642
152
641
641
640
640
101
639
149
638
638
638
637
637
637
63
636
636
636
265
607
639
634
599
326
39
633
627
635
632
632
632
632
632
142
631
631
630
595
615
629
629
538
628
627
627
627
628
628
626
626
625
625
625
624
624
113
15
43
78
623
623
623
623
622
615
559
209
622
621
621
621
173
623
620
305
81
619
101
17
618
618
617
617
204
85
36
616
616
21
615
615
391
321
683
614
614
614
26
33
613
67
611
611
611
613
610
575
36
22
15
610
609
609
609
350
608
608
594
139
607
607
607
607
607
607
26
606
606
606
606
606
333
95
605
605
52
610
610
604
604
604
135
603
603
50
602
28
606
602
601
293
48
602
600
600
600
593
614
20
76
599
599
599
599
585
200
598
24
597
597
597
597
562
520
296
23
598
596
596
595
357
252
595
594
594
594
118
20
593
593
89
19
19
12
594
593
592
74
591
129
17
10
590
590
590
576
86
547
267
589
14
63
587
587
587
587
573
538
104
90
13
587
587
586
586
250
967
587
585
585
585
585
515
11
563
584
584
129
73
583
583
338
58
583
582
582
582
582
581
581
578
571
60
577
80
576
576
576
575
22
78
576
574
406
315
573
573
572
586
574
18
590
570
570
570
570
304
59
569
569
569
569
555
177
574
568
568
568
85
85
567
567
567
567
105
566
13
565
565
565
124
565
564
564
564
529
81
349
565
569
563
563
563
563
563
542
556
556
122
562
562
37
561
561
561
560
560
560
560
553
63
105
21
28
77
562
559
559
559
559
559
104
34
495
110
557
557
11
556
556
556
556
500
52
540
365
555
505
553
553
98
56
21
556
552
551
530
599
550
550
550
494
347
11
25
510
549
549
554
548
394
16
551
547
547
491
197
22
550
546
525
545
545
545
545
34
34
550
545
544
544
544
33
19
545
543
543
551
542
542
542
542
542
171
543
542
541
541
541
16
540
540
22
15
539
539
112
28
544
538
538
104
546
537
537
418
229
19
26
536
536
536
536
536
536
536
25
25
25
535
535
535
31
10
534
534
240
23
533
533
533
533
533
337
22
22
15
533
532
532
98
21
21
14
14
531
531
531
531
517
300
13
20
530
530
19
19
466
368
528
528
528
17
59
10
66
527
527
527
506
16
527
526
526
526
526
15
15
525
525
525
525
14
14
14
539
524
524
230
13
13
523
523
523
523
12
12
12
12
522
522
522
123
11
11
11
11
67
11
521
521
521
171
157
10
10
520
520
520
520
484
85
72
518
518
182
56
517
517
517
517
517
517
516
516
516
516
515
515
515
515
515
438
514
514
514
514
516
513
513
513
513
513
513
513
366
240
515
512
512
127
155
511
504
49
516
510
510
510
511
509
509
509
509
509
508
508
517
507
507
437
500
178
115
506
65
505
505
505
504
504
441
140
503
503
503
503
503
503
293
90
475
502
502
502
501
431
95
500
500
471
499
499
499
498
498
498
499
542
497
497
497
497
497
497
490
238
70
503
497
496
496
496
496
496
496
454
125
499
495
495
495
495
495
250
500
494
494
497
494
493
339
66
492
492
492
492
492
78
490
490
490
363
489
489
489
258
69
489
488
488
446
103
487
487
486
486
486
101
73
485
485
485
485
65
488
484
484
484
484
484
484
483
483
455
482
482
482
482
482
419
76
482
481
166
486
480
480
480
480
479
479
479
479
479
479
472
480
479
478
478
303
477
476
76
69
474
474
474
474
474
474
473
472
472
472
472
471
471
470
469
469
469
469
35
468
467
468
774
467
467
479
466
466
60
466
466
465
465
465
465
465
465
465
465
409
136
45
464
464
464
464
464
464
464
463
463
462
462
462
462
448
463
370
461
461
460
460
460
460
460
460
103
462
459
459
459
459
459
458
458
459
423
457
457
457
457
275
156
156
456
456
421
455
455
455
448
413
427
371
456
454
454
454
454
118
453
453
454
461
452
452
452
456
451
451
451
451
437
443
450
450
450
436
451
449
449
449
449
316
451
449
448
448
371
42
449
447
447
447
447
447
426
125
446
446
446
334
89
445
445
445
445
109
444
444
444
445
444
443
443
289
44
448
442
442
442
358
441
441
385
441
440
440
439
439
439
438
438
438
438
438
437
437
437
437
325
199
115
436
436
436
436
366
436
436
435
435
435
435
435
435
437
434
434
434
437
433
433
432
432
418
404
54
431
440
430
430
430
430
430
430
429
429
387
184
233
428
428
428
428
428
428
428
428
428
433
427
427
427
63
42
433
426
426
426
426
223
90
425
355
424
424
424
424
424
424
291
382
333
158
53
423
423
423
423
423
422
422
422
422
422
338
387
191
93
421
421
421
421
155
106
36
420
420
420
420
420
419
27
419
419
385
418
418
418
418
418
418
418
54
40
427
417
417
417
417
410
417
417
417
416
416
416
52
409
418
415
415
415
415
416
416
414
414
413
413
344
412
412
384
97
411
411
411
411
484
410
410
410
410
410
410
284
123
409
409
409
409
409
402
66
408
408
408
205
51
51
407
407
407
71
408
406
406
406
406
406
343
405
405
349
258
202
406
48
404
404
404
96
403
403
403
403
403
403
407
402
402
402
402
402
402
402
402
318
339
404
401
401
401
401
401
373
380
338
156
240
408
402
400
400
400
400
400
400
400
330
176
85
50
50
401
393
399
399
399
399
399
350
77
21
414
398
398
391
398
398
398
76
397
68
402
396
396
396
396
396
396
368
242
395
395
395
395
381
346
403
395
400
394
394
394
394
394
410
396
393
393
393
393
393
393
398
392
392
392
392
392
392
378
70
77
49
391
391
391
377
377
390
390
390
390
390
383
306
54
389
389
389
389
389
387
395
388
388
388
388
388
389
387
387
387
387
387
121
389
386
386
386
386
386
386
386
386
106
385
385
385
385
385
385
385
42
357
384
384
384
384
48
48
385
383
383
383
383
383
47
68
383
382
382
382
382
382
382
382
53
381
367
381
380
380
380
380
380
379
379
379
379
379
372
295
378
357
385
377
377
377
376
376
376
376
376
376
376
376
47
375
375
375
375
375
368
347
53
376
374
374
374
374
374
374
374
374
374
374
374
276
136
373
373
373
373
373
254
397
375
372
372
358
113
371
371
371
371
371
371
371
371
372
370
370
370
370
363
371
373
371
369
369
369
369
369
54
61
370
368
368
368
368
368
263
367
367
367
367
59
52
366
366
366
366
366
366
93
380
365
365
365
365
365
365
365
365
365
365
366
364
364
364
364
364
364
364
364
84
56
363
342
174
363
362
362
362
362
362
362
362
362
110
363
365
364
361
361
361
361
347
81
25
361
360
360
360
360
150
59
359
359
359
359
359
359
72
37
23
359
358
358
358
358
358
358
295
246
71
78
50
92
358
351
357
357
357
336
42
35
35
350
364
356
356
356
356
356
356
356
356
356
356
216
321
363
357
364
356
355
355
355
355
355
355
355
348
131
359
356
356
277
354
354
354
354
354
354
347
263
221
60
53
32
355
355
353
353
353
353
353
353
353
353
353
45
352
352
352
352
352
352
331
37
351
351
295
190
350
350
350
350
350
350
350
350
350
350
350
343
351
355
349
349
349
349
349
104
34
348
348
348
348
348
348
348
348
285
306
194
347
347
347
347
102
46
346
346
346
346
332
122
45
346
345
345
345
345
345
345
346
135
344
344
344
344
346
354
343
343
343
343
343
343
105
342
342
342
342
342
216
341
341
341
341
26
340
340
340
340
340
340
340
25
339
339
339
339
339
339
339
339
227
220
262
338
338
338
338
338
338
51
23
23
79
337
337
337
337
337
274
127
99
336
336
336
336
336
336
336
336
336
336
336
140
91
63
335
335
335
335
335
174
334
334
334
243
138
33
334
334
33
333
333
333
333
333
312
130
337
332
332
332
332
332
332
332
136
45
268
331
331
331
331
330
330
330
330
330
330
330
316
274
331
71
329
329
329
329
329
329
329
329
328
328
327
327
327
327
327
327
152
89
326
326
326
319
326
326
326
326
326
326
116
325
325
325
325
325
325
325
325
318
324
324
324
324
324
324
323
323
323
323
323
323
316
260
302
260
274
211
106
323
323
322
301
287
168
35
321
321
321
321
321
321
321
321
321
321
321
321
286
265
160
320
320
320
292
40
319
319
319
319
319
319
319
319
242
320
318
318
318
318
318
318
318
311
87
164
59
317
317
317
317
317
317
317
317
317
317
310
226
275
100
316
316
316
316
316
316
316
316
315
315
308
315
315
273
42
314
314
314
314
314
314
314
314
314
314
316
181
313
313
313
306
313
299
313
313
313
313
313
96
279
249
312
312
312
312
305
312
298
305
277
60
315
291
311
311
311
311
311
353
296
310
310
310
310
310
303
282
205
184
65
309
309
309
309
309
274
162
310
308
308
301
308
308
308
308
308
308
308
308
84
133
105
63
49
105
112
310
307
307
307
307
307
307
307
307
307
307
195
55
167
306
306
306
306
306
308
305
305
305
305
305
305
102
81
60
67
304
304
304
304
304
248
262
304
303
303
303
303
303
303
303
303
30
304
303
302
302
302
302
295
260
302
301
301
301
301
301
301
301
301
301
301
301
306
300
300
300
300
300
300
300
299
299
299
299
299
299
299
299
299
299
117
61
298
298
298
298
298
298
60
18
32
298
297
297
276
297
297
297
297
297
297
297
297
297
290
206
227
45
296
296
296
296
296
296
296
296
296
198
58
37
295
295
295
295
295
295
295
295
295
295
295
295
295
295
148
99
64
78
106
294
294
294
294
294
294
294
294
294
294
294
294
294
294
259
63
303
293
293
293
293
293
293
293
293
293
293
188
293
55
292
292
292
292
292
292
292
285
117
61
54
19
291
291
291
291
291
67
293
290
290
290
290
290
290
290
290
290
290
255
248
80
45
297
292
289
289
289
289
289
289
289
289
247
240
288
288
288
288
288
288
288
288
267
64
287
287
287
287
287
287
287
287
287
287
287
273
196
175
77
286
286
286
286
286
286
223
286
285
285
285
285
285
285
285
285
285
285
285
285
278
278
54
75
250
193
284
284
284
284
284
284
284
284
284
39
32
283
283
283
283
283
283
283
283
94
45
282
282
282
282
282
233
93
114
282
281
281
281
281
281
281
281
99
57
29
280
280
280
280
280
280
280
280
280
280
280
231
119
279
279
279
279
279
55
278
278
278
278
278
278
278
194
243
243
285
47
277
277
277
277
277
277
277
277
277
277
277
277
249
284
281
285
276
276
276
276
276
276
276
276
276
87
66
24
24
277
277
275
275
275
275
275
275
275
86
23
23
204
274
274
274
274
274
274
274
274
274
204
218
106
78
275
284
273
273
273
273
273
273
273
273
272
272
272
272
272
272
272
272
272
272
272
272
272
272
265
244
153
90
276
271
271
271
271
271
271
271
271
271
271
264
103
19
270
270
270
270
270
270
270
270
270
270
270
270
179
74
18
250
241
269
269
269
269
269
262
122
45
268
268
268
268
268
268
268
268
268
268
93
79
93
267
267
267
267
267
267
267
267
267
267
267
267
267
267
253
29
266
266
266
266
266
266
266
238
77
265
265
265
265
265
265
265
265
265
265
265
265
265
265
265
265
265
264
264
264
264
264
264
264
264
264
264
264
89
124
263
263
263
263
263
263
263
263
263
263
256
249
46
88
262
262
262
262
262
262
262
262
262
262
262
262
262
136
227
59
66
94
393
265
79
261
261
261
261
254
261
261
247
156
37
192
261
260
260
260
260
260
260
260
253
259
259
259
259
259
259
259
259
259
259
259
259
259
238
196
112
63
49
63
132
258
258
258
258
258
258
258
258
258
258
258
174
223
195
27
257
257
257
257
257
257
257
61
54
259
256
256
256
256
256
256
256
256
256
235
151
257
241
241
255
255
255
248
255
255
255
220
241
255
254
254
254
254
254
254
254
254
254
254
254
253
253
253
253
253
253
253
253
253
253
253
43
57
245
252
252
252
252
252
252
252
252
252
252
252
252
252
35
140
252
251
251
251
251
251
251
251
251
251
27
138
250
250
250
68
173
249
249
249
249
249
249
249
249
123
32
18
248
248
248
248
248
248
248
248
248
248
248
248
248
248
248
108
59
249
248
219
247
247
247
247
247
247
247
247
247
247
247
65
37
247
246
246
246
246
246
246
246
246
246
50
64
105
245
245
245
245
245
245
245
245
245
245
245
245
245
245
56
42
245
247
244
244
244
244
244
244
244
146
230
167
153
48
245
236
243
243
243
243
243
243
96
75
54
242
242
242
242
242
242
242
242
242
242
242
241
241
241
241
241
241
241
241
241
241
241
241
241
45
240
240
240
240
240
240
240
240
240
240
240
226
176
239
239
239
239
239
239
239
239
239
71
154
238
238
238
238
238
238
238
238
238
238
238
238
238
238
238
238
238
238
238
21
28
238
238
195
223
223
237
237
237
237
237
237
237
216
237
237
237
20
83
35
222
236
236
236
215
236
236
236
236
236
236
236
236
236
236
236
54
89
208
110
33
238
236
236
235
235
235
235
235
235
235
235
235
235
235
235
67
52
234
234
234
234
234
234
234
234
234
234
234
234
234
234
234
234
234
234
234
234
234
233
233
233
233
233
233
233
233
233
233
233
233
233
233
233
107
212
219
79
170
232
232
232
232
232
232
232
232
232
232
232
232
232
232
225
36
232
63
98
21
231
231
231
231
231
231
231
231
231
231
231
231
231
42
63
230
230
230
230
230
230
230
230
230
230
230
166
68
215
229
229
229
229
229
229
229
229
229
208
172
228
228
228
228
228
228
228
228
228
228
228
151
74
227
227
227
227
227
227
227
227
227
227
192
227
227
227
94
45
227
229
72
226
226
212
226
226
226
226
226
226
226
226
225
225
225
225
225
225
225
225
218
225
225
225
225
225
190
226
233
225
70
189
182
224
224
224
224
224
224
224
224
224
224
224
224
224
224
224
209
223
223
223
223
223
223
223
223
223
223
223
223
223
223
48
202
48
89
222
68
222
222
222
222
222
222
222
222
222
222
222
222
222
222
222
222
208
222
222
222
144
60
221
221
221
221
221
221
221
221
221
221
221
221
221
221
53
221
199
150
220
220
220
220
220
220
220
220
220
220
220
220
220
86
219
219
219
219
219
219
219
219
219
219
219
219
219
219
219
219
219
219
219
219
219
219
205
219
219
219
219
212
220
219
92
169
197
218
218
162
218
218
218
218
218
57
211
217
217
217
217
217
217
217
217
217
217
217
217
217
217
217
217
203
217
217
217
181
62
216
216
216
216
216
216
216
216
216
216
216
216
216
174
118
19
54
215
215
215
215
215
215
215
215
215
215
215
215
215
215
215
215
215
215
216
215
214
214
214
214
214
214
214
214
214
207
214
214
214
214
214
214
214
214
207
45
213
213
213
213
213
213
213
213
213
213
213
213
142
184
212
212
212
212
212
212
212
212
212
212
212
212
212
212
212
212
177
71
64
50
50
113
211
211
211
211
211
211
211
211
211
211
211
211
211
211
211
211
211
211
204
211
211
169
212
211
21
175
210
210
210
210
210
210
210
210
210
210
210
210
210
210
210
211
62
76
20
83
188
209
209
209
209
209
209
209
209
209
209
209
209
209
209
202
248
19
124
208
208
208
208
201
208
208
208
208
208
208
208
39
81
74
39
67
207
207
207
207
207
207
207
207
207
207
207
207
207
207
207
208
17
45
164
199
206
206
206
206
206
206
206
206
206
206
206
206
206
206
206
206
206
206
206
206
199
206
206
200
191
205
205
205
205
205
205
205
205
205
205
205
205
205
205
16
57
169
190
204
204
204
204
204
204
204
204
204
204
204
204
204
204
204
204
14
133
140
203
203
203
203
203
203
203
203
203
203
203
203
203
203
203
203
203
206
76
167
202
202
202
202
202
202
202
202
202
202
202
202
202
202
202
188
202
180
159
201
201
201
194
187
201
201
201
201
201
201
201
201
201
201
201
201
201
201
201
201
201
201
201
201
53
102
46
60
200
200
200
200
200
200
200
200
200
200
200
200
200
200
200
200
200
200
66
87
150
199
199
199
199
199
199
199
199
199
199
199
199
199
199
198
198
198
198
198
198
198
198
198
198
198
198
198
198
198
198
170
198
50
92
113
141
197
197
197
197
197
197
197
197
183
197
197
197
70
49
84
126
161
189
196
196
196
196
196
196
196
196
196
196
196
196
196
196
196
196
196
196
196
48
195
195
195
195
195
195
195
195
195
195
195
195
195
195
195
195
195
195
197
63
54
47
159
194
194
194
194
194
194
194
194
194
194
194
194
194
194
194
194
194
195
208
32
123
151
130
193
193
193
193
193
193
193
193
193
193
193
193
193
193
193
31
59
185
192
192
192
192
192
192
192
192
192
192
192
192
192
192
192
198
93
100
191
191
191
191
191
191
191
191
191
191
191
191
191
191
191
191
191
191
191
64
148
190
190
190
190
190
190
190
190
190
190
190
190
190
49
91
168
182
189
189
189
189
189
189
189
189
189
189
189
189
189
189
189
189
189
189
190
188
188
188
188
188
188
188
188
188
188
188
188
188
188
188
188
33
89
103
187
187
187
187
187
187
187
187
187
187
187
187
187
187
187
187
187
187
187
187
187
187
18
179
186
186
186
186
186
172
186
186
186
186
186
186
186
186
186
186
186
186
186
186
186
52
45
52
66
108
164
185
185
185
185
185
185
185
185
185
185
185
185
185
185
185
185
185
185
185
185
185
185
185
16
79
121
121
177
184
184
184
184
184
184
184
184
184
184
184
184
184
184
184
184
184
184
184
184
176
176
183
183
183
183
183
183
183
183
183
183
183
183
183
28
105
126
175
182
182
182
182
182
182
182
182
182
182
182
182
182
182
182
55
174
174
160
181
181
181
181
181
181
181
181
181
181
181
181
181
181
181
181
181
181
181
181
181
181
181
181
181
26
152
173
180
180
180
180
180
180
180
180
180
180
180
180
180
180
180
180
180
180
181
46
53
151
165
165
179
179
179
179
179
179
179
179
179
179
179
179
179
179
179
179
179
179
179
179
179
179
179
172
59
87
115
115
178
178
178
178
178
178
178
178
178
178
178
178
178
178
178
178
178
178
178
178
178
171
51
149
149
149
177
177
177
177
177
177
177
177
177
177
177
177
177
177
177
177
177
50
36
78
120
169
176
148
176
176
176
176
176
176
176
176
176
176
176
176
176
176
176
176
176
176
161
147
175
175
175
175
175
175
175
175
175
175
175
175
175
175
175
175
175
175
175
175
176
175
167
167
174
174
174
174
174
174
174
174
174
174
174
174
174
19
110
117
152
173
173
173
173
173
173
173
173
173
173
173
173
173
173
173
173
173
173
173
173
173
173
32
88
74
102
172
172
172
172
172
172
172
172
172
172
172
172
172
172
172
172
172
172
172
172
172
172
172
172
172
172
172
87
101
108
150
171
171
171
171
171
171
171
171
171
171
171
171
171
171
171
171
171
171
171
144
171
171
58
156
156
163
170
170
170
170
170
170
170
170
170
170
170
170
170
170
170
170
170
170
170
170
170
170
170
170
170
170
36
169
169
169
169
169
169
169
169
169
169
169
169
169
169
169
21
28
70
133
140
168
168
168
168
168
168
168
168
168
168
168
168
168
168
13
41
83
97
153
167
167
167
167
167
167
167
167
167
167
167
167
167
167
167
167
167
167
167
167
160
167
167
169
26
89
47
110
152
166
166
166
166
166
166
166
166
166
166
166
166
166
166
166
166
166
166
166
166
166
166
166
18
158
158
165
165
165
165
165
165
165
165
165
165
165
165
165
165
165
165
165
165
165
10
24
52
101
80
150
164
164
164
164
164
164
164
164
164
164
164
164
164
164
164
164
164
164
157
164
164
164
143
23
135
163
163
163
163
163
163
163
163
163
163
163
163
163
163
163
163
163
163
163
163
163
163
163
163
163
163
163
36
78
162
162
162
162
162
162
162
162
162
162
162
162
162
162
162
162
162
162
28
70
84
161
161
161
161
161
161
161
161
140
161
161
161
161
161
161
161
161
161
161
161
161
161
161
161
161
161
161
161
161
27
139
160
160
160
160
160
160
160
160
160
160
160
160
160
160
19
47
117
110
152
159
159
159
159
159
159
159
159
159
159
159
159
159
131
39
109
137
158
158
158
158
158
158
158
158
158
158
158
158
158
158
158
158
158
158
158
158
158
158
158
158
158
158
158
158
24
24
157
157
157
157
157
157
157
157
157
157
157
157
157
157
157
157
157
157
157
157
23
156
156
156
156
156
156
156
156
156
156
156
156
156
156
156
156
156
156
156
156
156
156
156
156
156
156
156
156
156
93
156
29
29
57
64
99
120
106
155
155
155
155
155
155
155
155
155
155
155
155
155
155
155
155
155
155
155
155
15
14
21
70
105
126
154
154
154
154
154
154
154
154
154
154
154
154
154
154
154
154
154
154
154
154
154
154
154
154
154
154
154
154
154
154
154
13
20
76
48
62
83
153
153
153
153
153
153
153
153
153
153
153
153
153
153
153
153
153
153
153
153
153
153
153
153
153
146
33
40
54
82
131
117
145
152
152
152
152
152
152
152
152
152
152
152
152
152
152
152
152
25
53
81
109
151
151
151
151
151
151
151
151
151
151
151
151
151
151
151
151
151
151
151
151
151
151
151
151
151
151
156
151
24
17
38
87
101
101
150
150
150
150
150
150
150
150
150
150
150
150
150
150
150
150
150
150
150
150
150
150
150
150
150
150
150
150
150
150
150
150
150
150
23
51
37
86
149
149
149
149
149
149
149
149
149
149
149
149
149
149
149
149
149
149
149
149
149
149
149
142
152
44
123
22
57
36
148
148
148
148
148
148
148
148
148
148
148
148
148
148
148
148
148
148
148
148
148
148
148
148
148
148
148
148
149
149
155
42
28
77
63
98
140
147
147
147
147
147
147
147
147
147
147
147
147
147
147
147
147
147
147
147
147
147
147
147
147
147
147
147
147
147
147
140
150
34
41
111
146
146
146
146
146
146
146
146
146
146
146
146
146
146
146
146
146
146
146
146
146
146
146
146
146
146
146
146
146
146
146
146
146
118
19
47
131
124
145
145
145
145
145
145
145
145
145
145
145
145
145
145
145
145
145
145
145
145
145
145
145
145
145
138
11
18
67
39
144
144
144
144
144
144
144
144
144
144
144
144
144
144
144
144
144
144
144
144
144
144
144
144
144
144
144
10
10
24
52
143
143
143
143
143
143
143
143
143
143
143
143
143
143
143
143
143
143
143
143
143
143
150
143
143
16
79
44
72
142
142
142
142
142
142
142
142
142
142
142
142
142
142
142
142
142
142
142
142
142
142
142
142
57
15
15
36
50
141
141
141
141
141
141
141
141
141
141
141
141
141
141
141
141
141
141
141
141
141
28
91
140
140
140
140
140
140
140
140
140
140
140
140
140
140
140
140
140
140
126
126
140
13
104
139
139
139
139
139
139
139
139
139
139
139
139
139
139
139
139
139
139
139
139
139
139
139
139
139
139
139
139
139
139
139
139
139
139
139
139
40
103
103
124
138
138
138
138
138
138
138
138
138
138
138
138
138
138
138
138
138
138
138
138
138
138
138
138
138
138
11
39
74
137
137
137
137
137
137
137
137
137
137
137
137
137
130
137
137
137
137
137
137
137
137
137
137
137
137
137
137
137
137
137
137
137
137
138
139
45
129
136
136
136
136
136
136
136
136
136
136
136
136
136
136
136
136
136
136
136
136
136
136
136
136
136
136
136
136
136
136
136
136
136
136
136
137
23
58
128
135
135
135
135
135
135
135
135
135
135
135
135
135
135
135
135
135
135
135
135
135
135
135
135
135
135
135
135
135
64
57
134
134
134
134
134
134
134
134
134
134
134
134
134
134
134
134
134
134
134
134
134
134
134
134
134
134
134
134
134
134
134
134
134
134
134
134
134
134
134
134
120
77
35
98
105
133
133
133
133
133
133
133
133
133
133
133
133
133
133
133
133
133
133
133
133
133
133
133
133
133
133
133
133
20
69
90
132
132
132
132
132
132
132
132
132
132
132
132
132
132
132
132
132
132
132
132
132
125
124
82
117
131
131
131
131
131
131
131
131
131
131
131
131
131
131
131
131
131
131
131
131
131
131
131
131
131
131
132
39
53
74
81
116
130
130
130
130
130
130
130
130
130
130
130
130
130
130
130
130
130
130
130
130
130
130
130
130
130
130
130
130
130
130
130
130
130
130
130
130
130
130
130
130
52
38
45
38
129
129
129
129
129
129
129
129
129
129
129
122
129
129
129
129
129
129
129
129
129
129
129
129
129
129
129
129
129
129
129
129
129
129
129
129
129
129
129
129
129
129
129
129
129
129
129
129
129
79
93
107
128
128
128
128
128
128
128
128
128
128
128
128
128
128
128
128
128
128
128
128
128
128
128
128
128
127
127
127
127
127
127
127
127
127
127
127
127
127
127
127
127
127
127
127
127
127
127
127
127
127
127
127
127
127
127
127
127
127
127
127
127
113
127
35
112
112
126
126
126
126
126
126
126
126
126
126
126
126
126
126
126
126
126
126
126
126
126
126
126
126
126
126
126
126
126
126
67
28
119
83
83
62
111
125
125
125
125
125
125
125
125
125
125
125
125
125
125
125
125
125
125
125
125
125
125
125
125
125
126
125
40
47
96
117
124
124
124
124
124
124
124
124
124
124
124
124
124
124
124
124
124
124
124
124
124
124
124
124
124
124
124
124
124
124
124
124
124
124
124
124
124
124
124
124
53
53
60
81
123
123
123
123
123
123
123
123
123
123
123
123
123
123
123
123
123
123
123
123
123
123
123
123
123
123
123
123
123
123
123
102
123
24
31
45
73
94
108
122
122
122
122
122
122
122
122
122
122
122
122
122
122
122
122
122
122
122
122
122
122
122
122
122
122
122
122
122
122
122
122
122
122
122
122
37
86
121
121
121
121
121
121
121
121
121
121
121
121
121
121
121
121
121
121
121
121
121
121
121
121
121
121
121
121
121
121
121
121
121
121
121
121
114
107
121
29
22
57
113
120
120
120
120
120
120
120
120
120
120
120
120
120
120
120
120
120
120
120
120
120
99
120
120
120
120
120
120
120
120
120
120
120
120
120
120
120
120
120
120
120
21
21
56
56
119
119
119
119
119
119
119
119
119
119
119
119
119
119
119
119
119
119
119
119
119
119
119
119
119
119
119
119
119
55
48
48
41
90
97
111
118
118
118
118
118
118
118
118
118
118
118
118
118
118
118
118
118
118
118
118
118
118
118
118
118
118
118
118
118
118
118
118
118
118
118
118
55
54
103
117
117
117
117
117
117
117
117
117
117
117
117
117
117
117
117
117
117
117
117
117
117
117
117
117
117
117
117
117
117
117
117
117
117
117
117
117
96
46
95
109
116
116
116
116
116
116
116
116
116
116
116
116
116
116
116
116
116
116
116
116
116
116
116
116
116
116
116
116
116
116
116
116
116
116
116
116
116
116
116
116
116
52
80
80
115
115
115
115
115
115
115
115
115
115
115
115
115
115
115
115
115
115
115
115
115
115
115
115
115
115
115
115
115
115
115
115
115
115
115
115
115
115
115
115
115
115
115
115
115
115
115
115
108
23
58
114
114
114
114
114
114
114
114
114
114
114
114
114
114
114
114
114
114
114
114
114
114
114
114
114
114
114
114
114
114
114
114
107
114
114
50
57
29
106
106
113
113
113
113
113
113
113
113
113
113
113
113
113
113
113
113
113
113
113
113
113
113
113
113
113
113
113
113
113
113
113
113
113
113
113
113
106
113
113
113
113
21
112
112
112
112
112
112
112
112
112
112
112
112
112
112
112
112
112
112
112
112
112
112
112
112
112
112
112
112
112
112
112
112
112
27
41
111
111
111
111
111
111
111
111
111
111
111
111
111
111
111
111
111
111
111
111
111
111
111
111
111
111
111
111
111
111
111
40
47
33
19
75
96
96
47
110
110
110
110
110
110
110
110
110
110
110
110
110
110
110
110
110
110
110
110
110
110
110
110
110
110
110
110
110
110
110
110
110
110
110
110
110
110
96
112
114
25
88
109
109
109
109
109
109
109
109
109
109
109
109
109
109
109
109
109
109
109
109
109
109
109
109
109
109
109
109
109
109
109
109
109
109
109
109
109
109
109
109
109
109
109
109
109
109
109
101
108
108
108
108
108
108
108
108
108
108
108
108
108
108
108
108
108
108
108
108
108
108
108
108
108
108
108
108
108
108
108
108
108
23
72
107
107
107
107
107
107
107
107
107
107
107
107
107
107
107
107
107
107
107
107
107
107
107
107
107
107
107
107
107
107
107
107
107
107
107
107
107
107
107
107
107
107
107
107
107
79
100
36
29
43
99
99
106
106
106
106
106
106
106
106
43
106
106
106
106
106
106
106
106
106
106
106
106
106
106
106
106
106
106
106
106
106
106
106
106
106
106
106
106
106
106
106
106
106
106
106
106
106
106
109
21
28
91
35
98
105
105
105
105
105
105
105
105
105
105
105
105
105
105
105
105
105
105
105
105
105
105
105
105
105
105
105
105
105
105
105
105
105
105
105
105
105
105
105
105
105
105
105
105
105
105
91
20
97
104
104
104
104
104
104
104
104
104
104
104
104
104
104
104
104
104
104
104
104
104
104
104
104
104
104
104
104
104
104
104
104
104
104
104
104
104
104
104
104
104
104
97
97
40
40
40
61
82
103
103
103
103
103
103
103
103
103
103
103
103
103
103
103
103
103
103
103
103
103
103
103
103
103
103
103
103
103
103
103
103
103
103
103
103
91
18
95
39
102
102
102
102
102
102
102
102
102
102
102
102
102
102
102
102
102
102
102
102
102
102
102
102
102
102
102
102
102
102
102
102
102
102
102
102
102
102
102
102
102
17
101
101
101
101
101
101
101
101
101
101
101
101
101
101
101
101
101
101
101
101
101
101
101
101
101
101
101
101
101
101
101
101
101
101
101
101
101
101
101
101
101
101
101
101
101
65
100
100
100
100
100
100
100
100
100
100
100
100
100
100
100
100
100
100
100
100
100
100
100
100
100
86
100
100
100
100
100
100
100
100
100
100
100
100
100
100
100
22
92
99
99
99
99
99
99
99
99
99
99
99
99
99
99
99
99
99
99
99
99
99
99
99
99
99
99
99
99
99
99
99
99
99
99
99
21
35
21
91
98
98
98
98
98
98
98
98
91
98
98
98
98
98
98
98
98
98
98
98
98
98
98
98
98
98
98
98
98
98
98
98
98
98
98
99
98
91
20
20
97
97
97
97
97
97
97
97
97
97
97
97
97
97
97
97
97
97
97
97
97
97
55
97
97
97
97
97
97
97
97
97
97
97
97
97
97
97
97
97
97
97
97
97
97
97
90
97
97
97
97
97
97
90
19
12
19
54
96
96
96
96
96
96
96
96
96
96
89
96
96
96
96
96
96
96
96
96
96
96
96
96
96
96
96
96
96
96
96
96
96
96
96
96
96
89
96
18
18
18
88
95
95
95
95
95
95
95
95
95
95
95
95
95
95
95
95
95
95
95
95
95
95
95
95
95
95
95
95
95
95
95
95
95
95
95
95
95
95
95
95
95
95
95
95
95
95
17
17
31
80
94
94
94
94
94
94
94
94
94
94
94
94
94
94
94
94
94
94
94
94
94
94
94
94
94
94
94
94
94
94
94
94
87
94
94
94
94
94
94
94
94
87
87
16
30
93
93
93
93
93
93
93
93
93
93
93
93
93
93
93
93
93
93
93
93
93
93
93
93
93
93
93
93
93
93
93
93
93
93
93
93
93
93
93
93
86
22
92
92
92
92
92
92
92
92
92
92
92
92
92
92
92
92
92
92
92
92
92
92
92
92
92
92
92
92
92
92
92
92
92
92
92
92
92
92
92
92
92
92
92
92
92
92
92
92
78
70
14
28
28
91
91
91
91
91
91
91
91
91
91
91
91
91
91
91
91
91
91
91
91
91
91
91
91
91
91
91
91
91
91
91
91
91
91
91
91
91
91
91
91
91
91
91
91
91
91
91
91
91
91
91
91
91
91
91
91
91
91
77
77
27
13
20
27
27
27
83
62
90
90
90
90
90
90
90
90
90
90
90
90
90
90
90
90
90
90
90
90
90
90
90
90
90
90
90
90
90
90
90
90
90
90
90
90
90
90
90
90
90
90
90
90
90
90
90
90
90
90
90
90
90
90
83
92
89
89
89
89
89
89
89
89
89
89
89
89
89
89
89
89
89
89
89
89
89
89
89
89
89
89
89
89
89
89
89
89
89
89
89
89
89
89
89
89
89
89
89
89
89
89
89
89
89
89
89
89
89
89
89
89
89
89
89
89
68
95
25
25
25
46
18
53
74
88
88
88
88
88
88
88
88
88
88
88
88
88
88
88
74
88
88
88
88
88
88
88
88
88
88
88
88
88
88
88
88
88
88
88
88
88
88
88
88
88
88
88
88
88
88
88
88
88
88
88
88
88
24
45
17
87
87
87
87
87
87
87
87
87
87
87
87
80
87
87
87
87
87
87
87
87
87
87
87
87
87
87
87
87
87
87
87
87
87
87
87
87
87
87
87
87
87
87
87
87
87
87
87
87
87
87
87
87
87
87
87
87
87
87
87
16
23
79
72
86
86
86
86
86
86
86
86
86
86
86
86
86
86
86
86
86
86
86
86
86
86
86
86
86
86
86
86
86
86
86
86
86
86
86
86
86
86
86
86
86
86
86
86
86
86
86
86
86
86
86
86
86
86
79
58
58
87
86
15
22
15
15
71
22
29
85
85
85
85
85
85
85
85
85
85
85
85
85
85
85
85
85
85
85
85
85
85
85
85
85
85
85
85
85
85
85
85
85
85
85
85
85
85
85
85
85
85
85
85
14
14
21
70
21
84
84
84
84
84
84
84
84
84
84
84
84
84
84
84
84
84
84
84
84
84
84
84
84
84
84
84
84
84
84
84
84
84
84
84
84
84
84
84
84
84
84
84
84
84
84
84
84
84
84
84
84
84
84
84
84
84
84
84
84
84
84
84
84
84
84
84
84
84
84
77
84
84
84
84
84
84
20
76
76
83
83
83
83
83
83
83
83
83
83
83
83
83
83
83
83
83
83
83
83
83
83
83
83
83
83
83
83
83
83
83
83
83
83
83
83
83
83
83
83
83
83
83
83
83
83
83
83
83
83
83
76
12
75
61
82
82
82
82
82
82
82
82
82
82
82
82
82
82
82
82
82
82
82
82
82
82
82
82
82
82
82
82
82
82
82
82
82
82
82
82
82
82
82
82
82
82
82
82
82
82
82
82
82
82
82
82
82
82
82
82
82
82
82
82
82
82
82
82
82
75
75
75
54
82
11
11
18
74
81
81
81
81
81
81
81
81
81
81
81
81
81
81
81
81
81
81
81
81
81
81
81
81
81
81
81
81
81
81
81
81
81
81
81
81
81
81
81
81
81
81
81
81
81
81
81
81
81
81
81
81
81
81
81
81
81
81
81
81
81
81
81
81
81
81
81
81
81
81
81
81
60
74
10
10
17
52
24
80
80
80
80
80
80
80
80
80
80
80
80
80
80
80
80
80
80
80
80
80
80
80
80
80
80
80
80
80
80
80
80
80
80
80
80
80
80
80
80
80
80
80
80
80
80
80
80
80
80
80
80
80
80
80
80
80
80
38
73
16
16
16
16
16
16
79
79
79
79
79
79
79
79
79
79
79
79
79
79
79
79
79
79
79
79
79
79
79
79
79
79
79
79
79
79
79
79
79
79
79
79
79
79
79
79
79
79
79
79
79
79
79
79
79
79
79
79
79
79
65
71
15
15
15
15
78
78
78
78
78
78
78
78
78
78
78
78
78
78
78
78
78
78
78
78
78
78
78
78
78
78
78
78
78
78
78
78
78
78
78
78
78
78
78
78
78
78
78
78
78
78
78
78
78
78
78
78
78
78
78
78
78
78
78
78
78
71
78
14
14
14
77
77
77
77
77
77
77
77
77
77
77
77
77
77
77
77
77
77
77
77
77
77
77
77
77
77
77
77
77
77
77
77
77
77
77
77
77
77
77
77
77
77
77
77
77
77
77
77
77
77
77
77
77
77
77
77
77
77
77
77
77
77
77
77
77
77
77
77
77
77
77
77
77
77
77
77
77
77
70
70
48
13
13
13
13
62
76
76
76
76
76
76
76
76
76
76
76
76
76
76
76
76
76
76
76
76
76
76
76
76
76
76
76
76
76
76
76
76
76
76
76
76
76
76
76
76
76
76
76
76
76
76
76
76
76
76
76
76
76
76
76
76
76
76
76
76
76
76
13
68
75
75
75
75
75
75
75
75
75
75
75
75
75
75
75
75
75
75
75
75
75
75
75
75
75
75
75
75
75
75
75
75
75
75
75
75
68
75
75
75
75
75
75
75
75
75
75
75
75
75
75
75
75
75
75
75
75
75
75
75
75
75
75
75
75
75
75
75
75
75
75
75
75
75
75
75
61
11
11
74
74
74
74
74
74
74
74
74
74
74
74
74
74
74
74
74
74
74
74
74
74
74
74
74
74
74
74
74
74
74
74
74
74
74
74
74
74
74
74
74
74
74
74
74
74
74
74
74
74
74
74
74
74
74
74
74
74
74
74
74
74
74
74
74
74
74
74
74
10
66
10
45
10
59
73
73
10
73
73
73
73
10
73
73
73
73
73
73
73
73
73
73
73
73
73
73
73
73
73
73
73
73
73
73
10
73
73
73
73
73
73
73
73
73
73
73
73
73
73
73
73
73
73
73
73
73
73
73
73
73
73
73
73
73
73
73
73
73
73
66
72
72
72
72
65
72
72
72
72
72
72
72
72
72
72
72
72
72
72
72
72
72
72
72
72
72
72
72
72
72
72
72
72
72
72
72
72
72
72
72
72
72
72
72
72
72
72
72
72
72
72
72
72
72
57
71
71
71
71
71
71
71
71
71
71
71
71
71
71
71
71
71
71
71
71
71
71
71
71
71
71
71
71
71
71
71
71
71
71
71
71
71
71
71
71
71
71
71
71
71
71
71
71
71
71
71
71
71
71
71
71
71
71
71
71
71
64
71
71
71
71
71
71
71
64
64
43
63
70
70
70
70
70
70
70
70
70
70
70
70
70
70
70
70
70
70
70
70
70
70
70
70
70
70
70
70
70
70
70
70
70
70
70
70
70
70
70
70
70
70
70
70
70
70
70
70
70
70
70
70
70
70
70
70
70
70
70
70
70
70
70
70
70
70
70
70
70
70
70
70
70
70
70
70
70
70
70
70
70
70
55
62
69
69
69
69
69
69
69
69
69
69
69
69
69
69
69
69
69
69
69
69
62
69
69
69
69
69
69
69
69
69
69
69
69
69
69
69
69
69
69
69
69
69
69
69
69
69
69
69
69
69
69
69
69
69
69
69
69
69
69
69
69
69
69
69
69
69
69
69
69
69
69
69
69
69
69
69
69
69
69
69
69
62
62
54
61
68
68
68
68
68
68
68
68
68
68
68
68
68
68
68
68
68
68
68
68
68
68
68
68
68
68
68
68
68
68
68
68
68
68
68
68
68
68
68
68
68
68
68
68
68
68
68
68
68
68
68
68
68
68
68
68
68
68
68
68
68
68
68
68
68
68
68
68
68
68
68
68
68
68
68
68
68
68
68
68
68
68
54
53
46
67
67
67
67
67
67
60
67
67
67
67
67
67
67
67
67
67
67
67
67
67
67
67
67
67
67
67
67
67
67
67
67
67
67
67
67
67
67
67
67
67
67
67
67
67
67
67
67
67
67
67
67
67
67
67
67
67
67
67
67
67
67
67
67
67
67
67
67
67
67
67
67
67
67
67
67
67
67
67
67
67
67
67
53
66
66
66
66
66
66
66
66
66
66
66
66
66
66
66
66
66
66
66
66
66
66
66
66
66
66
66
66
66
66
66
66
66
66
66
66
66
66
66
66
66
66
66
66
66
66
66
59
66
66
66
66
66
66
66
66
66
66
66
66
66
66
66
66
66
66
66
66
66
66
66
66
66
66
66
66
66
58
65
65
65
65
65
65
65
65
65
65
65
65
65
65
65
65
65
65
65
65
65
65
65
65
65
65
65
65
65
65
65
65
65
65
65
65
65
65
65
65
65
65
65
65
65
65
65
65
65
65
65
65
65
65
65
65
65
65
65
65
65
65
51
57
64
64
64
64
64
64
64
64
64
64
64
64
64
64
64
64
64
64
64
64
64
64
64
64
64
64
64
64
64
64
64
64
64
64
64
64
64
64
64
64
64
64
64
64
64
64
64
64
64
64
64
64
64
64
64
64
64
64
64
64
64
64
64
64
64
64
64
64
64
64
64
64
64
64
64
64
64
64
64
64
64
64
64
64
64
64
64
64
64
64
64
64
64
64
64
64
64
64
64
64
64
64
56
63
63
63
63
63
63
63
63
63
63
63
63
63
63
63
63
63
63
63
63
63
63
63
63
63
63
63
63
63
63
63
63
63
63
63
63
63
63
63
63
63
63
63
63
63
63
63
63
63
63
63
63
63
63
63
63
63
63
63
63
63
63
63
63
63
63
63
63
63
63
63
63
63
63
63
63
62
62
62
62
62
62
62
62
62
62
62
62
62
62
62
62
62
62
62
62
62
62
62
62
62
62
62
62
62
62
62
62
62
62
62
62
62
62
62
62
62
62
62
62
62
62
62
62
62
62
62
62
62
62
62
62
62
62
62
62
62
62
62
62
62
62
62
62
62
62
62
62
62
62
62
62
62
62
62
62
62
62
62
62
62
62
62
62
62
62
62
62
62
62
62
62
62
62
62
62
62
61
61
61
61
61
61
61
61
61
61
61
61
61
61
61
61
61
61
61
61
61
61
61
61
61
61
61
61
61
61
61
61
61
61
61
61
61
61
61
61
61
61
61
61
61
61
61
61
61
61
61
61
61
61
61
61
61
61
61
61
61
61
61
61
61
61
61
61
61
61
61
61
61
61
61
61
61
61
61
61
61
61
61
61
61
61
61
61
61
61
61
61
61
61
61
61
60
60
60
60
60
60
60
60
60
60
60
60
60
60
60
60
60
60
60
60
60
60
60
60
60
60
60
60
60
60
60
60
60
60
60
60
60
60
60
60
60
60
60
60
60
60
60
60
60
60
60
60
60
60
60
60
60
60
60
60
60
60
60
60
60
60
60
60
60
60
60
60
60
60
60
60
60
60
60
60
60
60
60
60
60
60
60
60
60
60
60
60
60
60
60
60
60
60
60
60
60
60
60
59
59
59
59
59
59
59
59
59
59
59
59
59
59
59
59
59
59
59
59
59
59
59
59
59
59
59
59
59
59
59
59
59
59
59
59
59
59
59
59
59
59
59
59
59
59
59
59
59
59
59
59
59
59
59
59
59
59
59
59
59
59
59
59
59
59
59
59
59
59
59
59
59
59
59
59
59
59
59
59
59
59
59
59
59
59
59
59
59
59
59
59
59
59
59
59
59
59
59
59
59
58
58
58
58
58
58
58
58
58
58
58
58
58
58
58
58
58
58
58
58
58
58
58
58
58
58
58
58
58
58
58
58
58
58
58
58
58
58
58
58
58
58
58
58
58
58
58
58
58
58
58
58
58
58
58
58
58
58
58
58
58
58
58
58
58
58
58
58
58
58
58
58
58
58
58
58
58
58
58
58
58
58
58
58
58
58
58
58
58
58
58
58
58
58
51
58
57
57
57
57
57
57
57
57
57
57
57
57
57
57
57
57
57
57
57
57
57
57
57
57
57
57
57
57
57
57
57
57
57
57
57
57
57
57
57
57
57
57
57
57
57
57
57
57
57
57
57
57
57
57
57
57
57
57
57
57
57
57
57
57
57
57
57
57
57
57
57
57
57
57
57
57
57
57
57
57
57
57
56
56
56
56
56
56
56
56
56
56
56
56
56
56
56
56
56
56
56
56
56
56
56
56
56
56
56
56
56
56
56
56
56
56
56
56
56
56
56
56
56
56
56
56
56
56
56
56
56
56
56
56
56
56
56
56
56
56
56
56
56
56
56
56
56
56
56
56
56
56
56
56
56
56
56
56
56
56
56
56
56
56
56
56
56
56
56
56
56
56
56
56
56
56
56
56
56
56
56
56
56
56
56
56
56
55
55
55
55
55
55
55
55
55
55
55
55
55
55
55
48
55
55
55
55
55
48
55
55
55
55
55
55
55
55
55
55
55
55
55
55
55
55
55
55
55
55
55
55
55
55
55
55
55
55
55
55
55
55
55
55
55
55
55
55
55
55
55
55
55
55
55
55
55
55
55
55
55
55
55
55
55
55
55
55
55
55
55
55
55
55
55
55
55
55
55
55
55
55
55
55
55
55
55
55
55
55
55
55
55
55
55
55
48
55
55
55
55
48
55
55
54
54
54
54
54
54
54
54
54
54
54
54
54
54
54
54
54
54
54
54
54
54
54
54
54
54
54
54
54
54
54
54
54
54
54
54
54
54
54
54
54
54
54
54
54
54
54
54
54
54
54
54
54
54
54
54
54
54
54
54
54
54
54
54
54
54
54
54
54
54
54
54
54
54
54
54
54
54
54
54
54
54
54
54
54
54
54
54
54
54
54
54
54
54
54
54
54
54
54
54
53
53
53
53
53
53
53
53
53
53
53
53
53
53
53
53
53
53
53
53
53
53
53
53
53
53
53
53
53
53
53
53
53
53
53
53
53
53
53
53
53
53
53
53
53
53
53
53
53
53
53
53
53
53
53
53
53
53
53
53
53
53
53
53
53
53
53
53
53
53
53
53
53
53
53
53
53
53
53
53
53
53
53
53
53
53
53
53
53
53
53
53
53
53
53
53
53
53
53
53
53
53
53
53
46
45
52
52
52
52
52
52
52
52
52
52
52
52
52
45
52
52
52
52
52
52
52
52
52
52
52
52
52
52
52
52
52
52
52
52
52
52
52
52
52
52
52
52
52
52
52
52
52
52
52
52
52
52
52
52
52
52
52
52
52
52
52
52
52
52
52
52
52
52
52
52
52
52
52
52
52
52
52
45
51
51
51
51
51
51
51
51
51
51
51
51
51
51
51
51
51
51
51
51
51
51
51
51
51
51
51
51
51
51
51
51
51
51
51
51
51
51
51
51
51
51
51
51
51
51
51
51
51
51
51
51
51
51
51
51
51
51
51
51
51
51
51
51
51
51
51
51
51
51
51
51
51
51
51
51
51
51
51
51
51
51
51
51
51
50
50
50
50
50
50
50
50
50
50
50
50
50
50
50
50
50
50
50
50
50
50
50
50
50
50
50
50
50
50
50
50
50
50
50
50
50
50
50
50
50
50
50
50
50
50
50
50
50
50
50
50
50
50
50
50
50
50
50
50
50
50
50
50
50
50
50
50
50
50
50
50
50
50
50
50
50
50
50
50
50
50
50
50
50
50
49
49
49
49
49
49
49
49
49
49
49
49
49
49
49
49
49
49
49
49
49
49
49
49
49
49
49
49
49
49
49
49
49
49
49
49
49
49
49
49
49
49
49
49
49
49
49
49
49
49
49
49
49
49
49
49
49
49
49
49
49
49
49
49
49
49
49
49
49
49
49
49
49
49
49
49
49
49
49
49
49
49
42
48
48
48
48
48
48
48
48
48
48
48
48
48
48
48
48
48
48
48
48
48
48
48
48
48
48
48
48
48
48
48
48
48
48
48
48
48
48
48
48
48
48
48
41
48
48
48
48
48
48
48
48
48
48
48
48
48
48
48
48
48
48
48
48
48
48
48
48
48
48
48
48
48
48
48
48
48
48
41
47
47
47
47
47
47
47
47
47
47
47
47
47
47
47
47
47
47
47
47
47
47
47
47
47
47
47
47
47
47
47
47
47
47
47
47
47
47
47
47
47
47
47
47
47
47
47
47
47
47
47
47
47
47
47
47
47
47
47
47
47
47
47
46
46
46
46
46
46
46
46
46
46
46
46
46
46
46
46
46
46
46
46
46
46
46
46
46
46
46
46
46
46
46
46
46
46
46
46
46
46
46
46
46
46
46
46
46
46
46
46
46
46
46
46
46
46
46
46
46
46
46
46
46
46
39
45
45
45
45
45
45
45
45
45
45
45
45
45
45
45
45
45
45
45
45
45
45
45
45
45
45
45
45
45
45
45
45
45
45
45
45
45
45
45
45
45
45
45
45
45
45
45
45
45
45
45
45
45
45
45
45
45
45
45
45
45
45
45
38
44
44
44
44
44
44
44
44
44
44
44
44
44
44
44
44
44
44
44
44
44
44
44
44
44
44
44
44
44
44
44
44
44
44
44
44
44
44
44
44
44
44
44
44
43
43
43
43
43
43
43
43
43
43
43
43
43
43
43
43
43
43
43
43
43
43
43
43
43
43
43
43
43
43
43
43
43
43
43
43
43
43
42
42
42
42
42
42
42
42
42
42
42
42
42
42
42
42
42
42
42
42
42
42
42
42
42
42
42
42
42
42
42
42
42
42
42
42
42
42
42
42
42
68
41
41
41
41
41
41
41
41
41
41
41
41
41
41
41
41
41
41
41
41
41
41
41
41
41
41
41
40
40
40
40
40
40
40
40
40
40
40
40
40
40
39
39
39
39
39
39
39
39
39
39
39
39
39
39
38
38
38
38
38
38
38
38
38
37
37
37
37
37
37
36
36
35
34
27
31
28
17
