24204
22917
19220
18884
27825
7654
6546
5662
5544
5440
5317
5058
4657
4214
4158
3521
3417
3217
3135
2927
2860
2219
2135
2082
2080
2080
2080
1986
1921
1916
1887
1851
1700
9500
1662
1644
1606
1594
1564
1525
1513
1502
7075708
1364
1323
1282
1223
1189
1157
1145
1144
1135
1125
1111
1110
1076
1054
1047
1040
1029
1011
1009
985
976
971
965
937
935
930
905
894
883
855
849
838
823
810
800
789
788
769
754
749
745
735
712
706
699
668
640
634
622
620
608
604
602
595
590
585
578
566
558
547
541
538
529
527
526
526
517
512
506
505
500
495
479
471
462
461
448
444
444
444
439
106330
430
419
2083836
418
418
417
412
412
408
400
399
399
398
497
390
389
386
384
383
383
369
366
364
359
358
355
355
351
350
346
342
342
1724207
341
341
338
338
337
333
332
331
330
329
329
325
323
322
320
320
319
319
314
306
305
304
300
300
300
299
299
298
297
296
296
296
287
286
283
283
283
282
282
281
280
280
280
279
278
278
280
277
276
275
274
274
273
273
1228003
269
268
267
267
1416
265
264
264
259
254
253
251
252
250
248
252
247
247
81412
246
246
244
242
241
240
239
238
237
235
235
234
233
233
231
230
229
226
226
225
222
222
219
219
1102077
217
216
213
211
211
209
208
208
208
207
207939
206
205
204
204
203
203
202
202
200
200
653
198
198
197
196
195
195
193
192
192
191
191
191
190
189
188
188
188
188
187
187
186
184
184
183
182
181
181
180
179
178
178
177
176
174
174
235250
149480
172
171
171
170
169
168
168
167
166
166
166
165
163
163
163
162
161
160
159
159
157
157
157
157
157
157
156
156
155
155
155
155
155
154
154
154
152
152
151
151
151
151
149
149
148
148
148
147
146
146
145
144
144
143
143
143
142
142
142
142
140
139
139
138
138
138
20784
136
136
135
135
135
135
135
392
133
133
133
132
131
128
128
127
127
127
127
127
127
127
126
160759
125
124
124
124
124
123
122
122
122
121
121
121
121
119
119
119
118
118
117
586701
116
116
116
115
115
113
113
113
113
113
112
112
111
111
111
111
111
110
110
261
109
109
108
108
108
108
107
106
106
106
104
104
236
102
102
102
102
101
101
101
100
100
100
100
99
99
99
99
99
99
98
98
1235
97
97
97
97
96
96
96
96
96
95
95
94
94
93
92
91
91
91
429136
88
88
87
87
87
104
86
86
85
85
85
84
84
84
84
83
83
83
383269
82
82
82
82
23287
385096
81
81
80
80
80
79
79
79
78
78
77
77
77
76
76
76
146
75
75
75
75
75
74
74
73
1563
152571
72
71
71
70
70
70
69
69
68
68
68
68
67
67
67
67
66
66
66
66
65
65
56382
63
63
63
63
62
61
61
59
59
59
58
58
58
585
298424
284859
56
56
56
55
54
51
50
22365
1051
49
7078
48
48
120
47
232690
875
3483
48
198693
204835
42
184852
472
148377
68884
3889
3785
465
127316
18806
3306
514
129
2501
626
88170
253
110671
985
30
188
20355
201
24193
11380
79679
91430
78743
75075
3021
1070
749
9112
6622
4363
18190
1122
49
61595
45328
61642
6176
58682
54449
45413
55258
50636
27356
131
50841
49815
41
46269
2012
50684
218
44294
46111
41536
2184
46216
44929
42723
42892
40882
40661
39973
43031
9368
47553
109
41882
19176
35702
71
39
40341
475
38366
18791
142
90
512
473
75
34266
22
30384
37
4065
5105
33
126
13774
28854
32614
33851
53
5899
58
202
80
218
28409
44
30793
369
28400
24
25290
99
1019
49
328
32965
5991
26168
2648
136
119
17151
26601
41
25168
111
27263
22838
25947
1528
63
1848
24411
21846
693
286
22001
182
63
35
23457
59
12
10
1883
22047
890
591
135
53
19998
70
19998
17088
46
191
19375
517
77
50
62
14
14084
126
18220
35
97
26
81
17628
887
12
10
10
856
125
261
16064
64
77
73
79
5817
194
105
19484
11992
15001
553
108
22
16801
47
11558
154
14330
497
14195
13402
155
29
13128
12515
545
18
45
19
16
14425
12013
141
3848
222
106
221
12505
246
11545
464
13201
17
259
265
15
2343
171
11839
12464
9955
11273
72
295
160
65
62
9004
723
28
48
6538
6579
10405
4188
41
11799
15528
552
1604
9899
189
9850
31
50
9164
47
18
9733
554
232
28
838
93
2470
18
10929
9694
6296
43
25
2606
5085
46
5923
233
9151
77
9060
11448
31
9401
191
11881
275
34
11230
10
46
140
8834
65
17
35
18
130
25
31
680
8742
16
31
24
7657
15
8599
144
104
8475
8462
10733
197
20
34
434
198
247
59
29
476
228
17
20
25
21
12
13
59
19
10
21
12
18
17
15
12
184
8137
8787
5360
8049
7963
116
7876
59
8161
100
6585
131
7698
7695
7638
15073
7492
143
7329
22
7479
44
5164
106
7350
459
7977
6093
7105
3406
7060
820
21
91
7001
193
7061
1833
181
248
77
602
22
26
387
7694
7944
6788
43
5945
6752
141
8532
34
6702
594
26
5175
1016
6076
6543
51
6522
206
320
101
266
153
48
253
6390
6196
63
144
93
1831
6844
6343
4955
2705
16
6379
6175
10
61
6108
6096
6090
199
71
108
108
93
6133
6536
5968
5921
253
28
4986
5822
5837
207
18
35
5909
5795
25
110
5500
56
5008
19
15
2204
14
2608
5780
5685
30
28
42
35
4237
389
5633
4793
93
5623
59
5811
5569
28
1918
5522
5501
146
65
794
5450
261
95
94
196
6441
84
5368
5365
18
3533
31
5344
5479
1785
5326
5751
12
247
2276
27
856
523
5127
28
5228
22
49
34
14
82
121
5193
5183
18
5161
5169
7991
31
2088
29
13
822
3770
1895
47
58
323
43
5030
193
177
659
73
4990
4972
48
3555
4954
3859
77
171
4623
28
5056
28
4952
111
2748
1780
37
16
4831
14
304
4805
69
4784
108
4779
24
38
13
15
33
51
23
4703
27
26
11
19
34
33
4683
12
43
95
4689
34
33
588
35
26
4914
18
24
25
17
11
15
13
12
12
5109
67
412
91
57
49
3050
1860
161
287
17
4847
4524
169
5257
28
859
4553
65
13
5218
52
45
522
41
4431
4428
4426
69
54
4408
17
2374
13
5317
83
4373
4366
7581
53
4363
68
108
30
47
4335
4345
40
4309
51
4311
28
20
4290
1783
4293
127
11
24
17
4270
81
365
14
34
13
18
23
858
19
27
4226
38
4294
18
29
4212
27
17
30
111
17
10
29
4188
16
11
17
24
15
14
61
68
4174
10
29
4166
11
4161
60
11
59
22
64
546
50
20
12
46
4142
10
35
12
39
18
18
31
37
15
35
28
34
20
25
25
17
30
29
15
15
36
66
28
28
27
26
26
19
26
12
18
25
25
32
4121
24
23
23
23
23
15
21
21
21
21
20
19
12
18
18
11
17
10
17
16
16
16
16
16
15
14
14
14
14
14
13
13
12
12
12
12
11
10
10
479
271
4074
4057
4023
4007
152
3992
3980
2570
3886
769
3993
2581
166
1194
56
3955
3911
3899
4904
3963
121
3899
56
2071
3914
1120
61
1895
4066
3826
3815
1469
3882
103
78
2162
3849
25
174
144
3779
3528
322
80
3702
45
36
3692
76
3674
87
5145
4204
3654
3636
3649
237
3611
3632
52
923
3574
70
3557
136
3541
118
3520
957
3504
66
3487
3452
3520
3441
55
3399
652
169
4840
2976
3360
3359
3558
3357
3360
186
89
3332
2722
3301
1434
114
81
154
39
3284
3277
3270
305
3258
3252
3251
70
3239
3218
3232
82
46
2368
3269
3225
3140
3174
3178
3156
1412
3157
25
889
34
110
59
3032
3452
3138
635
3133
3131
105
3123
3122
115
45
3118
1981
3114
3114
38
3103
27
3097
56
3089
3075
2912
3071
3069
212
144
1956
1710
3064
388
3034
1766
272
39
2986
2984
2970
2948
2871
3024
2971
2953
117
159
51
107
1710
1423
2955
2933
53
2897
2925
374
3889
2930
2913
39
241
37
77
2897
82
2886
2874
141
2873
2872
2860
2857
2856
2854
18
2832
2830
98
37
1600
2817
2797
2796
2790
44
2799
2779
2778
278
2758
80
2754
2749
44
2743
2775
2739
69
74
42
174
505
122
286
2690
879
2762
2677
46
2662
91
29
2651
67
2630
2625
2624
131
2618
2618
25
52
571
49
279
33
2602
36
462
2587
1378
2330
2577
2597
2574
18
1701
124
152
2573
1011
2558
60
2544
2544
297
2537
2560
2532
664
1329
2523
2518
289
3824
25
2566
259
299
2839
2482
2492
1361
22
106
42
2463
103
944
2953
424
2441
2440
2442
1847
2697
2411
2420
2412
2406
2414
1983
2400
2396
2387
238
2442
2369
2358
355
2366
2639
126
2350
2346
21
35
2335
2333
2462
40
2329
2220
3172
99
80
2320
63
2316
2316
53
2310
2294
2642
2321
564
2297
86
2290
77
235
226
2284
210
2281
2313
2286
133
152
2272
2261
2292
77
90
102
2789
2239
2233
69
60
2230
227
237
2222
84
67
94
533
2206
95
71
2205
2194
75
60
829
2223
2195
240
29
2189
2178
2173
2171
2168
2167
604
43
2152
2167
30
2151
22
2149
2149
2160
2143
2150
2138
1528
28
2138
2303
2138
2122
2121
208
1537
470
49
42
467
2105
60
45
75
2104
41
1788
2089
2090
38
2121
22
20
39
31
2074
77
28
2104
27
20
2066
20
320
81
2060
1614
2059
2122
56
2049
106
2044
181
2027
55
936
57
28
2016
725
124
2003
76
2004
84
103
1994
2390
603
1978
66
622
743
1427
1966
2151
1967
281
35
48
1284
1957
58
1954
1959
48
76
1951
1950
1946
1945
77
1945
137
254
1895
1934
131
39
66
592
317
483
33
1923
1920
1919
1921
1920
1860
64
1921
1911
1933
1597
1934
62
1896
1893
28
237
1887
111
1655
68
1874
255
1872
1873
1869
224
1869
1869
36
175
1860
1871
1703
383
1853
1853
1852
45
225
1842
1867
1858
1852
1849
1840
1839
1838
1033
1393
1833
1833
1828
1513
1826
112
1818
1816
1832
167
1817
123
1803
1802
1799
935
450
36
75
19
2261
1789
42
28
1792
1783
170
1780
20
1777
1775
1785
302
1767
1778
169
1763
1761
15
1120
1756
68
1765
1751
1752
1748
25
1797
37
2435
1741
1748
24
260
35
1733
35
1731
1733
1731
141
1719
1720
57
1712
22
1309
1707
146
26
1704
1697
486
31
912
1693
26
1369
18
553
63
1073
1684
1684
1684
37
1681
1681
74
1674
1673
34
57
32
1669
1667
1595
1665
1167
93
119
1658
153
1657
194
53
1654
1654
1652
1669
1641
1644
1649
1080
149
191
1649
1645
643
1631
12
17
1625
1563
1668
1624
83
328
1628
23
1621
1625
62
1612
37
16
1616
1606
1571
1154
1604
1576
70
47
1591
58
1588
76
1591
46
1589
1583
1582
14
1586
1514
1576
43
1574
29
1566
1572
72
1606
799
274
15
106
1564
1567
1566
1565
24
31
1562
1506
26
1564
115
24
17
23
23
1569
1555
22
1547
14
1555
195
1552
152
19
1629
18
52
17
10
14
1550
13
1544
1543
1611
1541
1023
631
1519
1519
1538
1522
84
1522
1487
105
1455
1514
1512
1511
1517
67
1507
1508
1506
392
789
278
1510
1501
1501
1500
1497
90
1377
1493
1491
1492
263
73
219
1458
1477
1479
1475
96
1473
156
48
1467
1465
114
1464
1463
2018
1460
1459
1178
1457
1084
30
1450
1448
1447
1449
1446
1109
704
1415
1438
1435
195
1435
102
133
1427
1426
32
178
1421
124
1423
1418
802
1568
59
1416
1413
1412
41
1414
1347
38
1413
1409
1408
1408
68
67
72
113
2157
1397
1396
310
1401
1393
1379
1390
115
1398
41
1383
934
268
1404
1383
70
1378
1319
1380
1374
1372
93
1367
26
1362
186
1360
1360
58
1363
1355
66
1353
1336
467
109
1347
1343
1351
1322
1342
1342
1355
1338
1336
1336
797
278
1333
429
345
1332
92
15
1332
1328
1327
1328
346
1323
49
1322
314
34
34
1322
557
1347
1319
1320
1317
49
138
96
1323
1313
1313
66
1308
664
1310
194
1304
1310
1301
1300
1216
1298
17
1297
1297
60
1289
1288
1288
1295
14
128
1282
1282
365
1281
945
63
1247
1280
1280
1280
1280
1276
1273
1273
1287
473
1269
1268
392
1266
1264
221
1263
1262
30
1261
232
1259
1260
1256
359
30
1250
1251
1249
1248
23
51
1245
1245
1244
621
19
1243
1241
1240
1240
15
1240
1238
524
1237
460
1236
18
395
1237
897
1233
1231
1251
1230
1230
1229
18
1234
1227
968
58
1228
1221
603
567
55
13
153
1238
1223
1222
53
380
142
1219
113
190
68
1208
1201
1227
1242
1214
1213
23
981
273
1210
1210
25
1207
1269
43
1204
1204
658
119
161
174
19
53
39
31
1156
757
141
1197
1197
34
1195
1195
1194
149
1191
1142
301
175
68
40
81
53
1186
1185
1185
58
1187
1187
1183
1182
1183
1181
1174
1180
1179
1178
1177
22
29
1176
1183
1173
1172
1174
22
141
1178
83
20
1167
1170
267
1175
13
627
1160
1157
1160
1156
1160
1152
88
493
1150
1152
237
174
1118
1145
1144
1144
514
835
1143
475
237
32
423
1134
91
90
1303
1132
943
20
1134
1131
1130
1130
1129
1044
22
1127
161
42
42
1134
118
159
1134
1124
975
1080
1121
1086
1126
1156
1120
1120
1092
13
19
206
1116
1118
1114
85
28
13
1111
1104
26
1112
1120
1109
1108
548
15
15
1105
1105
1105
20
20
20
1104
1104
75
1106
1102
150
17
10
1104
1101
16
1127
1114
1098
1098
13
1100
19
1096
11
1096
248
1098
1091
1091
1090
1090
1089
1082
53
1089
1089
304
59
24
1094
1086
64
1085
798
1077
62
1020
96
1090
1298
51
1107
779
1084
1079
56
1085
508
32
1075
1079
1073
51
37
1077
116
1064
28
1069
1069
33
19
1073
1068
26
1069
1067
1067
17
1066
44
37
44
1084
1064
1063
41
41
1071
40
32
1060
1061
1059
23
616
14
1071
1056
13
90
33
26
12
1063
1054
711
172
32
31
30
30
16
1051
57
36
1050
1043
812
1049
986
1048
1048
656
1047
95
25
1048
1048
23
16
16
23
22
22
15
1043
27
20
20
13
19
19
26
18
18
18
18
17
1049
1038
16
16
1041
218
14
14
14
279
153
13
13
12
12
12
991
11
11
11
1033
12
1032
10
10
10
1148
1030
1029
1028
1027
593
327
1026
907
724
1035
23
1022
67
1017
205
50
50
50
343
300
1013
292
1012
1012
991
340
1011
73
1278
1010
44
30
1045
1009
820
337
1008
945
1007
1005
1004
1004
1004
1004
794
1005
1086
1009
128
141
34
1001
1001
76
999
997
61
996
996
72
995
994
993
993
34
996
991
990
227
994
990
989
51
990
987
895
19
984
984
983
752
982
982
982
981
981
981
1002
979
314
978
979
977
459
976
974
972
20
971
33
186
970
990
430
639
918
162
966
966
721
1126
963
962
787
961
961
961
960
960
959
959
958
797
957
145
956
919
926
964
952
951
881
944
948
948
745
949
296
947
946
939
638
15
945
946
943
942
942
920
940
44
52
939
938
945
930
937
320
933
932
330
50
29
934
23
931
937
930
930
237
930
866
54
928
249
81
927
282
261
928
926
113
924
119
112
922
922
68
922
920
24
115
919
919
918
155
29
917
917
34
307
41
131
914
914
914
916
913
906
912
918
399
909
907
746
906
640
908
410
906
908
904
903
903
903
903
28
902
902
901
909
116
909
899
899
52
898
102
897
840
321
216
897
894
903
905
890
889
875
906
146
901
893
894
886
67
885
885
885
884
819
427
364
881
811
880
879
878
87
52
876
886
441
98
21
874
874
865
872
46
871
871
801
668
136
31
100
820
141
279
75
40
166
865
865
816
249
45
998
868
457
861
707
862
861
33
858
858
228
87
115
247
51
29
22
231
15
855
852
852
852
852
851
473
144
262
852
849
848
847
42
841
846
209
859
845
446
847
844
844
844
86
847
841
246
852
839
90
146
838
47
837
845
836
836
136
965
836
834
834
833
833
707
97
41
831
831
831
835
830
830
655
829
73
828
828
827
176
824
61
846
724
821
821
268
819
818
818
815
1116
841
814
812
651
48
48
810
812
808
807
16
533
807
805
805
35
804
804
125
76
804
802
802
739
179
39
802
801
801
819
800
792
127
799
798
798
777
735
35
807
797
797
391
434
592
803
591
10
582
219
191
23
16
807
29
15
791
791
791
791
790
790
790
40
811
789
788
788
799
787
786
786
785
22
784
784
567
21
42
720
785
782
782
782
19
802
781
781
784
780
780
773
717
647
38
31
765
23
786
778
701
787
777
42
781
781
776
784
775
775
775
774
578
32
782
773
262
30
16
743
14
769
615
770
767
480
60
123
766
255
255
765
765
768
764
764
701
38
196
42
21
762
48
34
146
54
761
760
760
760
760
207
88
46
81
768
759
31
767
758
758
345
22
756
63
757
758
758
27
753
752
751
739
750
666
589
379
752
589
749
714
175
747
600
19
746
746
39
698
746
745
745
451
87
31
45
31
745
93
757
745
736
43
15
747
745
742
224
42
97
39
32
430
739
737
737
737
30
36
427
733
733
208
19
12
732
732
732
732
732
18
18
668
66
24
38
736
731
729
729
715
162
218
22
15
729
36
728
728
21
730
733
377
726
243
26
728
19
730
571
270
88
732
724
339
45
261
722
715
22
15
721
721
14
35
723
468
411
721
719
740
718
417
123
18
627
74
718
727
115
521
716
86
79
717
718
715
365
85
714
700
14
434
715
713
712
705
89
12
620
355
171
136
87
10
713
709
709
709
726
710
709
706
706
706
636
678
188
55
104
705
706
704
704
354
291
165
32
88
705
17
705
72
701
463
71
700
700
700
699
698
698
54
700
697
697
697
361
228
102
621
542
87
471
696
695
694
36
92
696
693
14
692
692
538
55
376
26
228
689
689
101
45
688
688
436
688
689
690
733
686
49
687
160
55
20
523
271
686
19
683
683
676
684
682
682
682
633
17
681
681
44
682
679
665
364
35
14
678
20
677
677
33
12
340
675
283
24
674
674
674
170
674
36
22
92
553
671
20
670
670
103
12
19
672
669
151
671
668
668
667
667
667
212
666
36
15
667
667
666
665
175
28
674
664
664
20
27
663
663
663
663
215
19
657
11
437
24
660
660
661
533
659
659
414
15
99
658
595
147
657
13
656
656
656
152
12
82
657
655
655
592
18
11
74
659
654
655
655
659
653
16
58
16
652
652
610
651
483
650
650
650
349
174
20
648
648
648
60
11
11
11
653
640
646
583
23
656
645
645
645
526
512
644
644
77
646
582
643
20
642
355
103
644
95
67
640
640
640
80
642
653
639
485
638
484
127
120
85
639
638
623
609
636
636
636
636
342
34
635
635
348
634
459
637
633
633
632
310
296
254
93
634
631
631
631
330
71
630
630
630
630
49
14
119
301
630
629
628
621
621
558
103
33
19
629
88
130
18
634
632
38
87
340
625
485
72
44
458
628
656
624
78
623
623
119
35
35
626
622
622
279
34
621
621
621
524
551
620
550
368
88
18
18
619
619
619
619
570
611
618
205
23
617
647
629
616
616
616
616
618
617
538
55
41
20
13
34
614
614
19
12
619
550
284
18
612
612
514
248
101
24
101
38
611
30
16
613
618
610
148
29
609
21
21
28
14
608
13
230
607
607
33
606
606
606
214
11
11
607
605
318
31
24
605
541
583
37
16
603
603
603
554
29
15
15
691
602
126
91
28
21
14
14
77
77
601
601
601
566
13
20
334
215
96
19
12
117
26
12
601
607
605
599
277
25
11
11
18
598
598
87
122
87
17
10
603
597
597
16
16
598
596
596
22
15
10
598
595
14
21
594
594
111
62
34
13
593
593
19
12
597
592
18
18
18
591
591
17
17
17
17
17
408
338
16
16
16
597
589
15
15
14
42
14
590
13
13
13
13
586
12
585
396
11
74
584
584
584
10
10
66
73
583
555
149
583
582
582
547
71
581
581
14
580
580
580
62
21
585
582
591
578
578
578
584
579
66
576
576
576
576
191
16
595
574
574
574
574
574
567
574
573
573
566
552
517
279
578
411
292
26
12
571
571
571
570
570
570
241
52
572
569
569
569
569
300
141
29
57
22
567
280
84
566
524
565
565
54
33
12
567
340
116
574
565
579
395
45
17
564
562
562
561
561
120
50
36
563
560
560
455
49
42
559
559
559
559
195
76
41
558
558
558
439
12
561
557
557
557
32
561
45
31
556
37
37
554
554
554
456
43
36
36
15
15
553
553
28
92
552
552
209
20
27
27
551
551
551
40
26
40
613
396
368
11
549
549
45
24
17
31
548
541
23
547
547
484
36
127
15
22
15
548
558
546
35
14
21
35
28
546
545
90
34
34
34
90
27
34
546
544
502
334
278
33
19
19
32
32
18
32
542
17
541
541
541
72
23
30
30
23
30
16
141
22
22
22
29
29
22
22
22
540
539
539
539
539
28
21
28
14
14
540
544
538
517
27
27
27
27
539
537
537
19
19
12
536
396
18
18
18
25
11
11
538
535
17
17
24
24
534
534
534
534
464
373
23
51
23
23
16
16
72
23
513
536
533
22
15
15
22
85
532
532
532
532
14
14
14
14
21
21
531
531
531
20
20
13
13
13
20
531
530
530
530
530
19
19
19
19
12
19
12
12
529
529
529
522
18
18
18
18
109
18
11
11
11
11
18
531
529
528
528
528
528
528
17
17
17
17
17
17
10
10
10
17
17
17
17
17
451
527
527
527
527
422
58
16
16
16
16
16
16
16
16
534
429
527
526
526
526
526
526
526
505
15
15
15
15
15
15
15
15
15
15
15
15
15
345
527
525
525
14
14
14
14
14
14
14
14
14
14
14
14
14
14
14
527
524
524
524
13
13
13
13
13
97
13
13
13
13
27
14
523
523
523
523
439
12
12
12
12
12
12
12
12
12
12
12
12
12
12
12
12
12
522
207
214
11
11
11
11
11
11
11
11
11
11
11
11
11
11
535
521
521
458
346
10
10
10
10
10
10
10
10
10
10
10
10
10
10
10
520
520
520
520
522
13
519
519
519
512
519
519
372
78
78
518
252
519
518
400
517
517
517
517
517
349
223
524
521
518
265
516
453
47
523
515
515
515
39
502
514
514
514
514
381
73
507
513
513
513
513
506
170
65
512
498
576
511
112
510
510
125
435
511
512
509
509
243
508
508
67
73
507
506
506
506
506
72
509
505
253
506
504
504
503
503
504
502
502
432
362
47
501
501
291
424
505
500
500
493
499
499
499
509
498
498
498
274
141
436
500
497
497
161
500
498
496
496
496
496
62
496
497
498
495
495
495
75
33
602
494
39
493
493
493
479
73
496
493
481
492
492
492
233
205
86
493
491
491
491
428
225
608
490
490
490
490
252
494
489
489
489
307
272
125
69
488
488
61
487
487
487
487
488
486
486
486
486
150
486
485
485
478
65
330
488
484
484
484
29
350
483
483
483
482
475
258
41
483
481
481
481
243
33
82
482
480
480
481
479
479
368
481
485
478
478
30
479
477
477
477
477
477
372
393
476
476
420
336
481
475
475
475
468
34
475
474
474
474
474
473
473
473
473
473
473
472
59
87
464
471
471
471
457
100
30
471
470
470
470
211
64
469
469
471
468
447
314
69
467
467
467
467
467
467
467
145
138
26
466
466
466
466
466
382
130
158
478
465
409
115
66
464
464
464
464
443
107
23
466
463
463
463
462
462
462
399
42
461
461
461
461
461
461
461
391
463
111
460
460
460
460
460
355
40
463
459
459
459
151
458
458
458
458
458
262
199
457
457
233
345
461
456
456
456
57
57
456
455
455
329
231
455
447
118
453
453
458
452
452
453
453
451
451
416
451
417
450
450
135
128
51
114
451
449
449
450
450
448
448
448
448
203
35
56
452
447
447
447
449
446
446
446
306
320
131
448
445
445
445
88
454
444
444
444
87
443
443
44
443
443
442
442
442
442
442
442
455
443
441
441
460
440
440
440
440
440
251
125
90
55
55
444
315
439
439
425
54
438
438
60
39
440
442
437
437
436
436
436
44
435
435
435
435
435
436
434
434
433
433
433
433
41
432
432
397
54
216
424
431
431
431
431
430
430
276
45
38
435
429
429
429
428
428
50
64
414
428
432
427
427
427
427
427
420
273
280
231
119
84
387
426
426
426
377
48
41
76
432
426
425
425
425
425
306
229
33
430
427
424
424
207
74
423
423
423
425
422
422
422
422
345
149
128
30
369
423
421
421
421
421
421
99
420
420
420
420
224
420
419
419
419
419
419
412
419
34
418
418
418
418
355
421
431
293
417
417
421
418
416
416
416
409
415
415
415
415
415
415
415
414
414
414
400
414
414
400
218
415
413
413
84
413
384
328
363
411
411
411
397
355
356
411
411
410
410
410
403
410
410
214
410
409
409
409
409
80
52
425
408
408
408
261
409
407
407
407
407
407
412
406
406
406
406
406
406
406
336
405
405
404
404
404
243
229
403
102
39
402
402
402
402
402
52
401
401
401
401
128
58
400
386
330
281
113
50
400
526
399
399
399
399
399
252
266
231
401
398
398
398
125
356
419
397
397
341
61
19
396
396
396
396
396
347
165
109
398
395
395
220
192
59
395
400
394
394
79
58
393
393
393
393
30
393
392
392
287
287
56
391
391
384
390
390
390
390
390
390
390
292
397
389
333
207
381
388
388
304
129
80
387
387
387
386
386
386
57
385
385
385
385
56
390
385
384
384
384
48
383
383
285
257
215
117
103
382
382
382
382
382
270
383
384
385
381
122
108
381
380
380
380
380
177
86
72
379
379
379
365
379
378
378
378
378
126
361
379
377
377
377
377
377
377
244
55
376
376
376
376
376
376
376
327
387
375
375
165
376
376
377
375
362
374
374
374
374
374
269
150
373
373
373
310
226
376
372
372
372
372
99
78
375
371
371
371
49
373
317
370
370
370
370
94
371
341
369
369
369
369
292
371
354
368
368
368
368
368
235
46
369
367
366
366
366
366
366
366
366
370
302
358
365
365
365
365
274
50
120
366
364
364
364
364
364
364
350
245
49
363
363
363
363
363
363
363
300
362
362
362
362
334
82
47
103
363
361
361
361
361
165
179
109
53
60
46
361
360
360
360
360
136
359
359
359
359
205
358
85
36
275
357
357
294
362
356
356
279
202
69
359
355
355
355
355
355
355
355
348
131
68
33
347
354
354
354
354
354
354
353
353
332
31
353
352
352
352
44
351
351
351
351
351
351
176
36
57
350
350
350
350
350
343
350
343
182
70
91
21
306
350
342
349
349
349
265
188
351
353
348
348
348
348
348
264
292
173
124
350
388
347
347
347
347
347
347
347
172
25
353
347
351
332
346
346
346
346
346
346
346
346
346
269
276
345
345
345
282
163
346
346
337
344
344
344
344
344
330
134
350
501
343
343
343
343
343
343
252
189
343
280
342
342
342
342
342
342
342
342
272
325
341
341
334
75
344
344
340
340
340
340
340
340
340
25
339
332
339
262
129
164
52
338
338
338
338
338
338
338
338
338
100
72
337
337
337
337
337
36
329
336
336
336
336
336
49
335
335
335
293
344
335
181
334
334
334
334
334
334
292
96
75
333
333
333
333
333
333
333
333
333
263
123
102
336
332
332
332
332
332
297
136
331
331
331
331
331
331
268
114
333
333
330
330
302
127
57
329
329
329
329
329
329
49
330
344
329
328
328
328
328
328
328
328
265
83
62
327
327
327
327
327
327
327
327
327
327
306
222
54
326
326
326
326
326
326
326
312
291
158
60
325
325
325
325
325
325
325
269
206
326
324
324
324
324
317
100
323
323
323
323
323
323
323
324
329
322
322
322
322
322
119
330
322
322
321
321
321
300
314
293
279
181
325
320
320
320
320
320
299
117
54
68
89
320
312
319
319
319
319
179
137
319
318
318
318
318
269
101
73
317
317
317
317
317
317
317
170
233
275
268
86
86
327
289
316
316
316
309
316
316
316
316
316
316
225
239
64
162
317
315
315
315
315
315
315
56
314
314
314
314
314
314
314
244
317
313
313
313
313
313
313
82
312
312
312
312
312
312
254
289
283
304
311
311
311
297
241
171
310
310
310
310
310
309
309
309
309
309
309
183
308
308
308
308
308
49
56
21
325
300
307
307
307
307
293
55
97
307
266
292
306
306
299
47
504
306
306
305
305
305
305
305
305
305
305
235
297
297
304
304
304
304
213
192
80
45
296
303
303
303
303
303
191
65
142
163
51
302
302
302
302
295
225
301
301
301
301
147
42
294
237
300
300
300
300
300
300
300
300
300
111
301
301
258
300
299
299
299
299
299
299
299
47
47
298
298
298
298
298
298
298
298
298
109
25
39
298
298
297
297
297
297
297
297
297
297
297
290
45
171
275
296
296
296
296
296
226
302
170
296
295
295
295
295
295
295
295
295
120
36
50
297
287
294
294
294
294
294
294
266
133
259
231
42
91
298
63
293
293
293
293
286
293
293
272
167
34
294
295
292
292
292
292
292
292
292
291
291
291
291
291
291
291
291
291
291
242
228
102
32
46
290
290
290
290
290
290
241
101
24
38
292
289
289
289
289
135
37
295
288
288
288
288
288
176
99
22
92
289
287
287
287
287
70
42
334
286
286
286
286
286
286
286
125
20
27
279
285
285
285
285
285
26
292
188
284
284
284
284
284
284
284
284
284
284
249
165
25
81
39
53
285
284
284
283
283
283
283
283
283
283
262
220
31
52
31
87
287
283
275
282
282
282
282
282
212
281
281
281
281
281
281
92
50
282
266
273
280
280
266
238
28
70
105
284
281
253
285
282
279
279
279
279
279
279
279
279
279
279
279
279
279
202
62
188
139
27
27
146
62
284
278
278
278
278
278
278
278
278
278
138
26
33
280
277
277
277
277
277
277
277
151
25
276
276
276
276
276
276
276
276
220
220
45
276
277
275
275
275
275
275
16
267
274
274
274
274
274
239
211
22
22
254
273
273
273
273
273
273
273
70
210
274
275
209
272
272
272
272
272
272
272
272
272
272
272
48
76
209
287
275
271
271
264
271
271
271
271
271
271
201
75
68
270
270
270
270
270
270
270
270
228
130
200
274
269
269
269
269
269
269
269
269
269
269
269
298
268
268
268
268
268
268
268
268
268
268
240
254
156
142
100
100
260
267
267
267
267
267
267
267
260
280
274
268
266
266
266
266
266
266
168
154
56
252
274
237
251
265
265
265
265
265
265
265
41
34
111
266
264
264
264
264
264
264
264
264
173
229
54
47
264
67
263
263
263
263
263
263
263
263
235
74
165
74
130
46
60
264
263
214
262
262
262
262
262
262
262
262
262
262
262
234
31
87
262
261
261
261
261
261
261
212
184
260
260
260
260
260
260
260
260
260
260
260
260
260
197
50
134
198
264
224
259
259
259
259
259
259
259
259
259
259
259
261
174
258
258
258
258
62
262
259
261
251
131
257
257
257
257
257
257
257
257
257
145
222
215
138
131
26
258
116
256
256
256
256
256
256
256
256
256
256
256
228
60
32
39
186
39
46
255
255
255
255
255
255
248
255
255
255
255
31
52
177
254
254
254
254
254
254
254
254
247
44
72
191
256
113
253
253
253
253
253
253
253
253
253
253
253
218
169
57
43
189
217
252
252
252
252
252
252
252
252
112
147
98
160
188
251
251
251
251
251
251
251
244
153
104
76
261
243
250
250
250
250
250
82
33
250
228
249
249
249
249
116
249
248
248
248
248
248
248
248
248
248
248
248
248
136
108
45
24
247
247
247
247
247
247
247
247
247
37
37
184
249
141
246
246
246
246
246
246
246
246
246
246
183
64
245
245
245
245
245
217
35
202
195
244
244
244
244
244
244
244
244
244
167
62
48
229
243
243
243
243
243
227
110
116
242
242
242
242
242
242
242
165
241
241
241
241
241
241
241
241
241
213
213
66
240
240
240
240
240
240
240
240
44
65
199
176
239
239
239
239
239
239
239
239
239
239
239
78
233
22
238
238
238
238
238
238
238
238
238
231
203
189
98
161
35
21
216
209
237
237
237
237
237
237
237
174
153
97
238
229
236
236
236
236
166
236
236
236
236
236
236
236
236
236
236
236
236
103
19
40
243
250
235
235
235
235
235
235
235
235
235
235
74
60
39
236
200
234
234
234
234
59
52
192
157
238
233
233
233
233
233
233
233
233
233
205
37
30
37
236
232
232
232
232
232
232
232
232
232
233
219
175
231
231
231
35
70
182
231
55
195
230
230
230
230
230
230
230
230
27
216
229
229
229
229
229
229
229
229
229
229
229
229
201
54
131
40
152
228
228
228
228
228
228
228
228
228
67
130
232
87
136
227
227
227
227
227
227
227
227
227
227
227
227
24
192
24
87
191
226
226
226
226
226
226
227
229
226
170
240
225
225
225
225
225
225
225
225
225
225
64
218
22
183
50
225
217
210
224
224
224
224
224
224
224
224
224
224
217
35
224
126
223
223
223
223
223
223
223
223
223
223
223
223
27
13
34
34
225
30
223
222
222
47
222
222
222
222
222
222
222
222
222
222
222
222
222
222
33
33
145
210
187
151
221
53
221
221
221
221
221
221
221
221
221
221
221
221
221
221
32
207
214
172
220
226
220
220
220
220
220
220
220
220
220
220
220
220
199
172
220
222
184
219
219
219
219
219
219
219
219
30
58
121
93
223
209
231
219
221
127
218
218
218
218
218
218
218
218
218
218
218
218
218
92
218
91
217
217
217
217
217
217
217
217
217
21
21
172
217
217
153
20
97
209
125
216
216
216
216
216
216
216
216
216
173
33
187
19
215
215
215
215
215
215
215
215
215
208
26
201
215
13
151
60
207
200
11
214
214
214
214
214
214
214
214
214
214
214
116
215
213
213
73
213
213
213
213
213
213
213
213
213
213
213
213
136
214
73
217
16
135
142
23
184
212
212
212
212
212
212
212
212
212
212
94
212
106
22
22
64
22
22
141
22
78
211
211
211
211
211
211
211
211
211
211
49
84
84
182
210
210
210
210
210
210
210
210
210
210
210
210
210
210
210
207
197
210
69
27
181
20
195
125
209
209
209
209
209
209
209
209
209
209
209
211
47
68
33
75
19
103
61
166
19
145
208
208
208
208
208
208
208
208
145
208
46
151
95
186
207
207
207
207
207
207
207
207
207
207
207
207
207
208
208
166
156
59
17
38
206
206
206
206
206
206
206
206
206
206
206
206
122
207
218
86
93
51
51
16
142
163
142
205
156
205
205
205
205
205
205
205
205
205
205
205
15
36
78
190
204
204
204
204
204
204
204
204
204
204
204
204
70
35
49
63
140
168
196
203
203
203
203
203
203
203
203
203
203
196
203
203
206
147
13
48
34
104
97
111
174
181
202
202
202
202
202
202
202
202
202
202
202
202
61
201
201
201
201
201
201
201
201
201
201
201
201
201
201
201
201
201
201
201
201
201
11
60
200
200
200
200
200
200
200
200
200
200
200
200
200
200
200
172
81
108
185
185
199
199
199
199
199
199
199
199
199
199
207
213
86
128
135
198
198
198
198
198
198
198
198
198
198
198
36
50
78
127
176
155
190
197
197
197
197
197
197
197
197
197
197
197
63
77
154
161
182
196
196
196
196
196
196
196
196
196
196
189
197
133
132
195
195
195
195
195
195
195
195
195
195
195
188
195
195
196
196
166
194
194
194
194
194
194
194
194
194
194
194
194
194
194
194
194
194
194
194
194
194
39
39
95
151
193
193
193
193
193
193
193
193
193
193
193
193
193
193
193
193
197
186
80
122
192
192
192
192
192
192
192
192
192
192
151
194
30
30
51
93
128
177
191
184
191
191
191
191
191
191
191
191
191
191
191
191
191
191
191
196
191
190
190
190
190
190
190
190
190
190
190
190
190
190
190
190
190
190
190
190
190
190
29
134
56
28
56
91
126
126
147
126
189
189
189
189
189
189
189
189
189
189
189
189
34
62
104
111
139
139
167
188
188
188
188
188
188
188
188
188
188
188
188
188
188
188
188
188
189
62
188
40
47
96
75
159
187
187
187
187
187
187
187
187
187
187
26
166
186
186
186
186
186
186
186
186
186
186
186
186
186
186
186
186
186
186
187
31
59
66
108
157
185
185
185
185
185
185
185
185
185
185
185
185
185
189
37
37
51
121
170
177
184
184
184
184
184
184
184
184
184
184
184
184
184
184
184
43
43
134
120
106
176
176
183
183
183
183
183
183
183
183
183
183
170
22
183
185
56
56
182
182
182
182
182
182
182
182
182
182
182
182
182
182
182
182
182
182
182
182
184
41
34
34
41
34
34
111
181
181
181
181
181
181
181
174
181
181
181
181
181
181
181
181
181
181
181
181
27
182
19
33
180
180
180
180
173
180
180
180
180
180
180
180
180
180
180
180
180
180
180
180
46
39
53
95
46
116
144
165
158
179
179
179
179
179
179
179
179
179
179
179
179
179
179
179
179
179
179
179
179
180
17
101
129
115
157
178
178
178
178
178
178
178
178
178
178
178
178
178
178
178
178
178
37
156
177
177
177
177
177
177
177
177
177
177
177
177
177
177
177
177
177
164
36
29
71
71
92
113
176
176
176
176
176
176
176
176
176
176
176
176
176
176
176
176
176
176
177
176
43
42
35
56
49
133
147
154
175
175
175
175
175
175
175
175
175
175
175
175
175
175
175
175
176
27
62
90
97
118
160
174
174
174
174
174
174
174
174
174
174
174
174
174
174
174
174
174
174
174
174
174
174
174
174
174
106
19
26
47
89
145
173
173
173
173
173
173
173
173
173
173
173
173
173
178
39
67
39
81
137
151
172
172
172
172
172
172
172
172
172
172
172
172
172
172
172
172
172
152
94
66
101
171
171
171
171
171
171
171
171
171
171
171
171
171
171
171
171
171
171
37
30
44
23
30
93
142
142
170
170
170
170
170
170
170
170
170
170
170
170
170
170
170
170
170
170
31
170
36
15
43
22
71
43
106
162
169
169
169
169
169
169
169
169
169
169
169
169
169
169
169
169
169
169
169
169
226
170
42
42
35
21
28
91
105
147
168
168
168
168
168
168
168
168
168
168
168
168
168
168
168
168
168
168
168
169
147
170
34
27
20
48
41
76
90
153
167
167
167
167
167
167
167
167
167
167
167
167
167
167
167
153
21
19
138
145
152
166
166
166
166
166
166
159
166
166
166
167
166
25
39
32
39
81
88
165
165
165
165
165
165
165
165
165
165
165
31
52
101
101
164
157
164
164
164
164
164
164
164
157
164
164
164
164
164
164
164
166
145
170
165
44
37
100
100
100
128
149
163
163
163
163
163
163
163
163
163
163
163
163
163
163
163
163
163
163
163
163
163
163
163
163
163
22
85
92
92
99
113
134
162
162
162
162
162
162
162
162
162
162
162
162
162
162
28
35
21
35
84
91
147
161
161
161
161
161
161
161
161
161
161
161
161
161
161
161
161
161
161
161
169
48
20
27
83
97
146
160
160
160
160
160
160
160
160
160
160
160
160
235
40
82
96
124
159
159
159
159
159
159
159
159
159
159
159
159
159
159
159
159
159
159
159
159
159
96
46
74
60
109
144
158
158
158
158
158
158
158
158
158
158
158
158
158
158
158
158
158
158
158
158
158
158
158
158
158
160
158
159
159
24
31
24
10
73
87
129
150
143
157
157
157
157
157
157
157
157
46
30
30
51
37
51
86
93
149
156
156
156
156
156
156
156
156
156
156
156
156
156
156
156
156
23
142
36
22
43
141
155
155
155
155
155
155
155
155
155
155
155
155
155
155
155
155
155
155
155
155
156
42
91
91
147
154
154
154
154
154
154
154
154
154
154
154
154
154
154
154
48
20
55
76
153
153
153
153
153
153
153
153
153
153
153
153
153
153
153
153
123
12
89
138
152
152
152
152
152
152
152
152
152
152
152
152
152
138
152
152
152
152
152
152
152
152
111
46
25
46
25
74
67
81
109
151
151
151
144
151
151
151
151
151
151
151
151
151
151
151
151
151
151
151
151
151
151
154
38
24
122
150
150
150
150
150
150
150
150
150
150
150
150
150
150
150
150
150
150
108
23
37
51
23
37
23
72
114
128
135
149
149
149
149
149
149
149
149
149
149
149
149
149
149
149
149
142
149
15
15
43
43
50
57
141
148
148
148
148
148
148
148
148
148
148
148
148
148
148
148
148
148
148
148
148
134
149
21
21
21
21
21
49
56
84
70
147
147
147
147
147
147
147
147
147
147
147
147
147
147
147
147
147
147
147
147
147
20
20
20
20
48
69
83
146
146
146
146
146
146
146
146
146
146
146
146
146
146
146
146
146
146
146
146
146
146
146
146
146
146
139
151
19
12
33
19
54
61
103
110
145
145
145
145
145
145
145
145
145
145
145
145
145
145
145
138
145
145
145
145
145
145
145
145
145
145
145
145
138
145
149
145
145
25
18
18
18
60
60
130
137
144
144
144
144
144
144
144
144
144
144
144
144
144
144
144
144
144
144
144
144
144
144
144
144
144
144
144
144
144
144
24
17
31
17
17
80
143
143
143
143
143
143
143
143
143
143
143
143
143
143
143
143
143
143
143
143
143
143
143
143
143
143
143
51
16
16
44
86
142
142
142
142
142
142
142
142
142
142
142
142
142
142
142
142
142
142
142
142
142
135
185
143
50
78
71
120
127
120
127
141
141
141
141
141
141
141
141
141
141
141
141
141
141
141
141
141
141
141
141
141
141
141
141
141
141
141
141
141
141
141
165
14
14
133
140
140
140
140
140
140
140
140
140
140
140
140
140
140
140
140
140
140
140
140
140
140
140
144
27
13
13
13
69
139
139
139
139
139
139
139
139
139
139
139
139
139
139
139
139
139
139
139
139
139
139
139
139
139
139
139
139
139
139
118
140
26
12
26
47
103
138
138
138
138
138
138
138
138
138
138
138
138
138
138
138
138
138
138
25
11
39
74
67
81
88
109
137
137
137
137
137
137
137
137
137
137
137
137
137
137
137
137
137
137
137
137
137
137
10
45
45
73
136
136
136
136
136
136
136
136
136
129
136
136
136
136
136
136
136
136
136
136
136
136
136
137
23
30
44
51
37
51
107
135
135
135
135
135
135
135
135
135
135
122
52
29
36
36
71
64
71
99
120
134
134
134
134
134
134
134
134
134
134
134
134
134
134
134
134
134
134
134
134
135
135
113
56
70
56
70
112
119
133
133
133
133
133
133
133
133
133
133
133
133
133
133
133
133
133
133
133
133
133
133
133
133
133
133
133
133
133
126
119
27
20
20
48
48
118
132
132
132
132
132
132
132
132
132
132
132
132
132
132
132
132
59
133
26
33
68
96
103
117
131
131
131
131
131
131
131
131
131
131
131
131
131
131
131
131
131
131
131
124
131
124
32
25
32
39
60
123
116
130
130
130
130
130
130
130
130
130
130
130
130
130
130
130
130
130
130
130
130
130
130
130
130
130
130
130
39
130
38
38
45
129
129
129
129
129
129
129
129
129
129
129
129
129
129
129
129
129
129
129
129
129
129
122
115
30
37
58
58
58
86
128
128
128
128
128
128
128
128
128
128
128
128
128
128
128
128
128
128
128
128
130
107
43
64
64
50
92
106
127
127
127
127
127
127
127
127
127
127
127
127
127
127
127
127
127
127
127
127
127
127
127
127
127
127
127
127
127
127
127
127
127
127
75
128
128
35
56
63
91
112
126
126
126
126
126
126
126
126
126
126
126
126
126
126
126
126
126
126
126
126
126
126
126
126
126
126
126
119
119
126
126
23
126
127
27
41
27
27
48
48
104
104
125
125
125
125
125
125
125
125
125
125
125
125
125
125
125
125
125
125
125
125
125
125
125
75
89
110
103
124
124
124
124
124
124
124
124
124
124
124
124
124
124
124
124
124
124
124
124
124
124
124
124
124
133
46
39
53
60
60
109
123
123
123
123
123
123
123
123
123
123
123
123
123
123
123
116
123
123
123
123
123
123
123
123
135
25
38
52
52
80
115
122
122
122
122
122
122
122
122
122
122
122
122
122
122
122
122
122
122
122
122
122
122
122
122
122
122
122
122
122
122
122
115
88
124
124
122
51
30
44
44
30
121
121
121
121
121
121
121
121
121
121
121
121
121
121
121
121
121
121
121
121
121
121
121
121
121
121
121
121
121
121
121
121
121
36
43
57
57
92
120
120
120
120
120
120
120
120
120
120
120
120
120
120
42
42
56
77
119
119
119
119
119
119
119
119
119
119
119
119
119
119
119
119
119
119
119
119
119
119
119
77
20
13
34
13
104
118
118
118
118
118
118
118
118
118
118
118
118
118
118
118
118
118
118
118
118
118
26
33
33
40
47
19
33
19
26
40
89
117
117
117
117
117
117
117
117
117
117
117
117
117
117
117
117
117
117
117
117
117
117
117
117
110
117
117
117
117
39
32
53
53
46
109
116
116
116
116
116
116
116
116
116
116
116
116
116
116
116
116
116
116
116
116
116
116
116
116
116
116
116
116
116
116
116
116
144
24
24
17
31
38
31
45
66
115
115
115
115
115
115
115
115
108
115
115
115
115
115
115
115
115
115
115
115
108
115
30
37
44
72
93
114
114
114
114
114
114
114
114
114
114
114
114
114
114
114
114
114
114
114
114
114
114
114
114
114
114
114
114
114
36
50
43
50
36
85
106
113
113
113
113
113
113
113
113
106
113
113
113
113
113
113
113
113
113
113
113
113
113
113
113
113
113
113
113
113
113
113
113
113
113
113
113
113
49
42
42
49
91
70
98
112
112
112
112
112
112
112
112
112
112
112
112
112
112
112
112
112
112
112
112
112
112
112
112
112
112
112
112
112
112
112
112
113
71
20
34
20
48
27
48
69
69
83
90
111
111
111
111
111
111
111
111
111
111
111
111
104
111
111
111
111
111
111
111
111
111
111
111
111
111
111
111
97
111
111
115
26
47
26
40
26
96
82
110
110
110
110
110
110
110
110
110
110
110
110
110
110
110
110
110
110
110
110
110
110
110
110
110
110
110
110
110
110
110
110
110
110
110
110
110
110
103
136
18
25
39
32
46
74
102
109
109
109
109
109
109
109
109
109
102
102
102
109
109
109
109
109
109
109
109
109
109
109
109
109
109
109
109
109
109
109
109
109
109
106
31
24
45
38
80
94
108
108
108
108
108
108
108
108
108
108
108
108
108
108
108
108
108
108
108
108
108
108
108
108
101
108
108
108
80
23
44
30
30
58
44
86
93
107
100
107
107
107
107
107
107
107
107
107
107
107
107
107
107
107
107
107
107
107
107
107
107
107
107
107
107
107
107
94
108
43
43
92
99
106
106
106
106
106
106
106
106
106
106
106
106
106
106
106
106
106
106
106
106
106
106
106
106
106
106
106
106
106
106
106
106
99
94
79
108
42
42
21
42
84
77
105
105
105
105
105
105
105
105
105
105
105
105
105
105
105
105
105
105
105
105
105
105
105
105
105
105
105
105
105
105
105
105
105
105
105
105
105
105
34
13
62
104
104
104
104
104
104
104
104
104
104
104
104
104
104
104
104
104
104
104
104
104
104
104
104
104
104
104
104
104
104
104
104
104
90
105
97
26
26
33
40
103
103
103
103
103
103
103
103
103
103
103
96
103
89
103
103
103
103
103
103
103
103
103
103
103
103
103
103
103
103
103
103
103
103
103
103
103
103
89
96
104
83
18
46
74
81
88
102
102
102
102
102
102
102
102
102
102
102
102
102
102
102
102
102
102
102
102
102
102
102
102
102
102
102
102
102
102
102
38
38
31
24
24
38
94
101
101
101
101
101
101
101
101
101
101
101
101
101
101
101
101
101
101
101
101
101
101
101
101
101
101
101
101
101
101
101
101
101
101
101
101
101
101
101
108
94
30
16
23
30
37
44
100
100
100
100
100
100
100
100
100
100
100
100
100
100
100
100
100
100
100
100
100
100
100
100
100
100
100
100
100
100
100
100
100
100
72
100
100
100
31
29
36
36
85
92
92
99
99
99
99
99
99
99
99
99
99
99
99
99
99
99
99
99
99
99
99
99
99
99
99
99
99
99
99
99
99
99
99
99
99
99
105
21
35
35
35
35
35
49
77
77
98
98
98
98
98
98
98
98
98
98
98
98
98
98
98
98
98
98
98
98
98
98
98
98
98
98
98
98
98
98
98
98
98
98
99
28
84
34
27
20
34
34
48
76
62
90
83
97
97
97
97
97
97
97
97
97
97
97
97
97
97
97
97
97
97
97
97
97
97
97
97
97
97
97
97
97
97
97
97
97
97
97
97
97
97
97
97
19
26
19
33
12
61
82
82
96
96
96
96
96
96
96
96
96
96
96
96
96
96
96
96
96
96
96
96
96
96
96
96
96
96
96
18
18
11
25
11
32
81
81
95
95
95
95
95
95
95
95
95
95
95
95
95
95
95
95
95
95
95
95
95
95
95
95
95
95
95
95
95
95
95
95
95
95
95
95
95
95
88
17
24
80
87
94
94
94
94
94
94
94
94
94
94
94
94
94
94
94
94
94
94
94
94
94
94
94
94
94
94
94
94
94
94
94
94
94
94
94
94
94
87
19
26
24
16
23
23
30
23
86
79
93
93
93
93
93
93
93
93
93
93
93
93
93
93
93
93
93
93
93
93
93
93
93
93
93
93
93
93
93
93
93
93
93
93
93
93
93
93
93
29
22
15
15
15
29
29
22
29
57
78
85
85
92
92
92
92
92
92
92
92
92
92
92
92
92
92
92
92
92
92
92
92
92
92
92
92
92
92
92
92
92
92
92
92
92
92
92
92
92
92
92
92
92
92
92
92
92
92
14
14
14
28
21
21
21
49
84
84
91
91
91
91
91
91
91
91
91
91
91
91
91
91
91
91
91
91
91
91
91
91
91
91
91
91
91
91
91
91
91
91
91
91
91
91
91
91
91
91
91
91
91
91
91
91
91
13
27
13
20
27
20
20
20
27
83
90
90
90
90
90
90
90
90
90
90
90
90
90
90
90
90
90
90
90
90
90
90
90
90
90
90
90
90
90
90
90
90
90
90
90
90
90
90
90
90
90
90
90
90
98
12
12
19
26
68
82
89
89
89
89
89
89
89
89
89
89
89
89
89
89
89
89
89
89
89
89
89
89
89
89
89
89
89
89
89
89
89
89
89
89
89
82
89
18
18
18
18
18
46
74
67
81
67
88
88
88
88
88
88
88
88
88
88
88
88
88
88
88
88
88
88
88
88
88
88
88
88
88
88
88
88
88
88
88
88
88
88
88
88
88
88
10
24
10
24
17
10
17
24
24
66
80
80
73
87
87
87
87
87
87
87
87
87
87
87
87
87
87
87
87
87
87
87
87
87
87
87
87
87
87
87
87
87
87
87
87
87
87
87
87
87
87
87
87
87
87
87
87
87
87
87
87
87
87
87
87
87
87
87
73
23
16
16
23
16
23
72
79
86
86
86
86
86
86
86
86
86
86
86
86
86
86
79
86
86
86
86
86
86
86
86
86
86
86
86
86
86
86
86
86
86
86
86
86
86
86
86
86
86
86
65
22
15
22
22
22
22
22
15
15
22
22
71
78
85
85
85
85
85
85
85
85
85
85
85
85
85
85
85
85
85
85
85
85
85
85
85
85
85
85
85
85
85
85
85
85
85
85
85
85
85
85
85
85
85
85
85
85
85
85
85
85
85
78
85
85
85
85
91
85
21
14
21
21
63
70
77
84
84
84
84
84
84
84
84
84
84
84
84
84
84
84
84
84
84
84
84
84
84
84
84
84
84
84
84
84
84
84
84
84
84
84
84
84
84
84
84
21
13
13
13
20
13
20
13
13
83
83
83
83
83
83
83
83
83
83
83
83
83
83
76
83
83
83
83
83
83
83
83
83
83
83
83
83
83
83
83
83
83
83
83
83
83
83
83
83
83
83
83
83
76
83
83
83
83
45
12
19
19
19
12
19
12
19
12
12
19
75
82
82
82
82
82
82
82
82
82
82
82
82
82
82
82
82
82
82
82
82
82
82
82
82
82
82
82
82
82
82
82
82
82
82
82
82
82
82
82
82
86
11
11
11
11
11
18
18
18
18
18
18
18
74
74
81
81
81
81
81
81
81
81
81
81
81
81
81
81
81
81
81
81
81
81
81
81
81
81
81
81
81
81
81
81
81
81
81
81
81
81
81
81
81
81
81
81
81
81
81
81
81
81
81
81
81
32
10
17
10
17
17
17
45
52
59
73
80
80
80
80
80
80
80
80
80
80
80
80
80
80
80
80
80
80
80
80
80
80
80
80
80
80
80
80
80
80
80
80
80
80
80
80
80
80
80
80
80
73
80
16
16
16
16
16
16
16
16
16
16
16
16
16
30
16
58
58
79
79
79
79
79
79
79
79
79
79
79
79
79
79
79
79
79
79
79
79
79
79
79
79
79
79
79
79
79
79
79
79
79
79
79
79
79
79
79
79
79
79
79
79
79
79
79
79
79
79
79
79
79
79
79
15
15
15
15
15
15
50
71
71
78
78
78
78
78
78
78
78
78
78
78
78
78
78
78
78
78
78
78
78
78
78
78
78
78
78
78
78
78
78
78
78
78
78
78
78
78
78
78
78
78
78
78
78
78
78
78
78
78
78
78
78
78
78
78
78
78
78
14
14
14
14
14
14
14
14
42
14
63
77
77
77
77
77
77
77
77
77
77
77
77
77
77
77
77
77
77
77
77
77
77
77
77
77
77
77
77
77
77
77
77
77
77
77
77
77
77
77
77
77
77
77
77
77
77
13
13
13
13
13
13
13
13
48
69
76
76
76
76
76
76
76
76
76
76
76
76
76
76
76
76
76
76
76
76
76
76
76
76
76
76
76
76
76
76
76
76
76
76
76
76
76
76
76
76
76
76
76
69
62
12
12
12
12
12
12
12
12
12
12
12
12
12
12
12
12
68
75
75
75
75
75
75
75
75
75
75
75
75
75
75
75
75
75
75
75
75
75
75
75
75
75
75
75
75
75
75
75
75
75
75
75
75
75
75
75
11
11
11
11
11
11
11
11
11
11
11
11
11
11
11
11
11
11
11
11
60
74
74
74
74
74
74
74
74
74
74
74
74
74
74
74
74
74
74
74
74
74
74
74
74
74
74
74
74
74
74
74
74
74
74
74
74
74
74
74
74
74
74
74
74
74
15
85
10
10
10
10
10
10
10
10
10
10
10
10
10
38
66
66
73
73
73
73
73
66
73
73
73
73
73
73
73
73
73
73
73
73
73
73
73
73
73
73
73
73
73
73
73
73
73
73
73
73
73
73
73
73
73
73
73
73
73
73
73
73
73
73
73
73
73
73
73
86
51
65
65
72
72
72
72
72
72
72
72
72
72
72
72
72
72
72
72
72
72
72
72
72
72
72
72
72
72
72
72
72
72
72
72
72
72
72
72
72
72
72
72
72
72
72
72
72
72
72
72
72
72
72
72
72
57
71
71
71
71
71
71
71
71
71
71
71
71
71
71
71
71
71
71
71
71
71
71
71
71
71
71
71
71
71
71
71
71
71
71
71
71
71
71
71
57
71
63
70
70
70
70
70
70
70
70
70
70
70
70
70
70
70
70
70
70
70
70
70
70
70
63
70
70
70
70
70
70
70
70
70
70
70
70
70
70
70
70
70
70
70
70
70
70
70
70
70
70
70
70
70
70
70
70
70
70
70
70
70
70
70
70
55
55
69
69
69
69
69
69
69
69
69
69
69
69
69
69
69
69
69
69
69
69
69
69
69
69
69
69
69
69
69
69
69
69
69
69
69
69
69
69
69
69
69
69
69
69
69
69
61
68
68
68
68
68
68
68
68
68
68
68
68
68
68
68
68
68
68
68
68
68
68
68
68
68
68
68
68
68
68
68
68
68
68
68
68
68
68
68
68
68
68
68
68
68
68
68
68
10
53
67
67
67
67
67
67
67
67
67
67
67
67
67
67
67
67
67
67
67
67
67
67
67
67
67
67
67
67
67
67
67
67
67
67
67
67
67
67
67
67
67
67
67
67
67
67
67
67
67
67
67
67
67
67
67
60
67
67
94
24
59
66
66
66
66
66
66
66
66
66
66
66
66
66
66
66
66
66
66
66
66
66
66
66
66
66
66
66
66
66
66
66
66
66
66
66
66
66
66
66
66
66
66
66
66
66
66
66
66
66
66
66
66
66
66
66
66
66
66
66
66
66
66
37
65
65
65
65
65
65
65
65
65
65
65
65
65
65
65
65
65
65
65
65
65
65
65
65
65
65
65
65
65
65
65
65
65
65
65
65
65
65
65
65
65
65
65
65
65
65
65
65
65
65
65
65
65
65
65
65
65
65
65
65
65
64
64
64
64
64
64
64
64
64
64
64
64
64
64
64
64
64
64
64
64
64
64
64
64
64
64
64
64
64
64
64
64
64
64
64
64
64
64
64
64
64
64
64
64
64
64
64
64
64
64
64
64
64
64
64
64
64
64
64
63
63
63
63
63
63
63
63
63
63
63
63
63
63
63
63
63
63
63
63
63
63
63
63
63
63
63
63
63
63
63
63
63
63
63
63
63
63
63
63
63
63
63
63
63
63
63
63
63
63
63
63
63
63
63
63
63
63
63
63
63
63
63
63
63
63
48
55
55
62
62
62
62
62
62
62
62
62
62
62
62
62
62
62
62
62
62
62
62
62
62
62
62
62
62
62
62
62
62
62
62
62
62
62
62
62
62
62
62
62
62
62
62
62
62
62
62
62
62
62
62
62
62
62
62
62
62
62
62
62
62
62
62
62
62
62
62
62
62
62
62
62
62
61
61
61
61
61
61
61
61
61
61
61
61
61
61
61
61
61
61
61
61
61
61
61
61
61
61
61
61
61
61
61
61
61
61
61
61
61
61
61
61
61
61
61
61
61
61
61
61
61
61
61
61
61
61
61
61
61
61
61
61
61
61
61
61
61
61
61
61
61
61
61
61
61
61
61
61
61
61
54
61
61
61
61
61
57
74
60
60
60
60
60
60
60
60
60
60
60
60
60
60
60
60
60
60
60
60
60
60
60
60
60
60
60
60
60
60
60
60
60
60
60
60
60
60
60
60
60
60
60
60
60
60
60
60
60
60
60
60
60
60
60
60
60
60
60
60
60
60
60
60
60
60
60
60
60
60
60
60
60
60
52
59
59
59
59
59
59
59
59
59
59
59
52
59
59
59
59
59
59
59
59
59
59
59
59
59
59
59
59
59
59
59
59
59
59
59
59
59
59
59
59
59
59
59
59
59
59
59
59
59
59
59
59
59
59
59
59
59
59
59
59
38
51
58
58
58
58
58
58
58
58
58
58
58
58
58
58
58
58
58
58
58
58
58
58
58
58
58
58
58
58
58
58
58
58
58
58
58
58
58
58
58
58
58
58
58
58
58
58
58
58
58
58
58
58
58
58
58
58
58
58
58
58
58
58
58
58
58
58
58
58
58
58
58
58
58
58
58
58
58
58
50
57
57
57
57
57
57
57
57
57
57
57
57
57
57
57
57
57
57
57
57
57
57
57
57
57
57
57
57
57
57
57
57
57
57
57
57
57
57
57
57
57
57
57
57
57
57
57
57
57
57
57
57
57
57
57
57
57
57
57
57
57
57
57
57
57
57
57
57
57
57
57
57
57
57
57
57
57
57
57
57
57
57
57
57
57
56
56
56
56
56
56
56
56
56
56
56
56
56
56
56
56
56
56
56
56
56
56
56
56
56
56
56
56
56
56
56
56
56
56
56
56
56
56
56
56
56
56
56
56
56
56
56
56
56
56
56
56
56
56
56
56
56
56
56
56
56
56
56
56
56
56
56
56
56
56
56
56
56
56
56
56
56
56
56
56
56
56
56
56
56
56
56
56
55
55
55
55
55
55
55
55
55
55
55
55
55
55
55
55
55
55
55
55
55
55
55
55
55
55
55
55
55
55
55
55
55
55
55
55
55
55
55
55
55
55
55
55
55
55
55
55
55
55
55
55
55
55
55
55
55
55
55
55
55
55
55
55
55
55
48
55
47
54
54
54
54
54
54
54
54
54
54
54
54
54
54
54
54
54
54
54
54
54
54
54
54
54
54
54
54
54
54
54
54
54
54
54
54
54
54
54
54
54
54
54
54
54
54
54
54
54
54
54
54
54
54
54
54
54
54
47
54
54
54
54
54
54
54
54
54
54
54
54
54
54
54
53
53
53
53
53
53
53
53
53
53
53
53
53
53
53
53
53
53
53
53
53
53
53
53
53
53
53
53
53
53
53
53
53
53
53
53
53
53
53
53
53
53
53
53
53
53
53
53
53
53
53
53
53
53
53
53
53
53
53
53
53
53
53
53
53
53
53
53
53
53
53
53
52
52
52
52
52
52
52
52
52
52
52
52
52
52
52
52
52
52
52
52
52
52
52
52
52
52
52
52
52
52
52
52
52
52
52
52
52
52
52
52
52
52
52
52
52
52
52
52
52
52
52
52
52
52
52
52
52
52
52
52
52
52
52
52
52
52
52
37
51
51
51
51
51
51
51
51
51
51
51
51
51
51
51
51
51
51
51
51
51
51
51
51
51
51
51
51
51
51
51
51
51
51
51
51
51
51
51
51
51
51
51
51
51
51
51
51
51
51
51
51
51
51
51
51
51
51
51
51
51
51
51
51
51
51
51
51
51
51
51
51
51
51
43
43
50
50
50
50
50
50
50
50
50
50
50
50
50
50
50
50
50
50
50
36
50
50
50
50
50
50
50
50
50
50
50
50
50
50
50
50
50
50
50
50
50
50
50
50
50
50
43
50
50
50
50
50
50
50
50
50
50
50
50
50
50
50
50
50
50
50
50
50
50
50
50
50
50
50
49
49
49
49
49
49
49
49
49
49
49
49
49
49
49
49
49
49
49
49
49
49
49
49
49
49
49
49
49
49
49
49
49
49
49
49
49
49
49
49
49
49
49
49
49
49
49
49
49
49
49
49
49
49
49
49
49
49
49
49
49
49
49
49
49
49
49
49
49
49
49
48
48
48
48
48
48
48
48
48
48
48
48
48
48
48
48
48
48
48
48
48
48
48
48
48
48
48
48
48
48
48
48
48
48
48
48
48
48
48
48
48
48
48
48
48
48
48
48
48
48
48
48
48
48
48
48
48
48
48
48
48
48
48
48
48
48
48
35
47
47
47
47
47
47
47
47
47
47
47
47
47
47
47
47
47
47
47
47
47
47
47
47
47
47
47
47
47
47
47
47
47
47
47
47
47
47
47
47
47
47
47
47
47
47
47
47
47
47
47
47
47
47
47
47
47
47
47
40
46
46
46
46
46
46
46
46
46
46
46
46
46
46
46
46
46
46
46
46
46
46
46
46
46
46
46
46
46
46
46
46
46
46
46
46
46
46
46
46
46
46
46
46
46
46
46
46
46
46
46
46
46
46
46
39
45
45
45
45
45
45
45
45
45
45
45
45
45
45
45
45
45
45
45
45
45
45
45
45
45
45
45
45
45
45
45
45
45
45
45
45
45
45
45
45
45
45
45
45
45
45
45
45
45
45
45
45
45
45
45
45
45
45
44
44
44
44
44
44
44
44
44
44
44
44
44
44
44
44
44
44
44
44
44
44
44
44
44
44
44
44
44
44
44
44
44
44
44
44
44
44
44
39
43
43
43
43
43
43
43
43
43
43
43
43
43
43
43
43
43
43
43
43
43
43
43
43
43
43
43
43
43
43
42
42
42
42
42
42
42
42
42
42
42
42
42
42
42
42
41
41
41
41
41
41
41
41
41
41
41
41
41
41
41
41
41
41
41
41
40
40
40
40
40
40
40
40
40
40
40
40
40
40
40
39
39
39
39
39
39
32
38
38
38
37
37
37
37
37
36
35
34
32
18
