2620
1361
667
647
581
570
520
498
477
476
471
470
456
452
2069752
432
423
400
386
383
365
323
322
316
310
310
307
300
294
294
293
293
292
291
288
281
268
263
259
256
250
240
233
231
220
217
213
211
209
207
204
201
195
190
186
185
182
178
174
172
157
154
153
150
150
147
147
145
144
138
135
135
134
133
132
129
127
125
125
120
119
118
116
115
115
115
112
111
110
1144
108
107
107
105
105
104
99
99
98
96
96
95
95
92
91
91
88
85
82
81
81
387834
79
78
76
352433
73
73
72
71
70
70
68
67
65
64
64
62
61
26549
56
56
55
53
53
228769
939
45
345
194618
2873
186935
87
165096
43
137437
243
354
112360
98091
103239
9413
99465
124
83561
78821
304
2034
766
714
267
65788
66925
38773
56326
1514
54464
2066
587
12178
49929
4656
11743
44566
133
38050
430
42736
40151
37070
39980
37594
36070
36947
35294
345
33307
31490
1031
3441
28356
28846
136
112
26798
27222
71
25224
25797
2058
857
577
22488
22940
587
21499
22016
21387
21691
21072
21161
18869
18819
20760
19403
19957
559
19524
20166
18676
1980
19660
19125
18832
19014
18372
17223
13350
17624
9063
17276
3948
8908
4118
17182
3485
16255
16410
15374
16614
15883
34
15935
16084
14900
14764
14839
143
15314
2810
15268
14519
951
13947
10737
13364
14336
13291
440
14601
13492
12875
4046
13546
727
13680
1280
14056
13810
12789
12752
13952
12446
13669
12680
4898
12127
32
12017
10038
182
12109
11876
11686
12528
165
11885
7005
10937
11172
11491
167
11269
11462
11148
11126
10562
11367
11262
4345
10342
10436
10043
10273
10296
10716
525
10525
9685
9755
10736
3727
9309
9633
341
9586
1618
9676
10212
9477
752
10135
9276
9765
227
302
9549
8753
9915
9069
9113
9109
8635
254
8531
8524
8225
8444
8499
493
2267
8430
343
8054
8229
8220
7741
7941
8760
7971
8216
8116
696
925
2827
7282
7264
7601
112
7811
7279
7792
7752
7448
7704
6455
6931
6967
7405
8186
7120
182
6985
7094
7031
423
6999
47
7265
7118
7400
6612
7169
6645
2204
6780
6993
7166
6858
4315
6536
237
6688
6466
6722
6615
6178
6514
6857
6542
6114
6474
67
6356
6994
6321
498
496
5973
6283
6109
6591
6062
6126
6051
6146
6293
394
5708
5913
1036
5935
5873
6007
5776
5601
5933
5713
5606
5851
5572
5843
796
5676
5743
5263
3368
5824
5472
5682
5599
83
5349
4954
574
5363
5301
5197
5268
5642
5369
5659
5363
86
5211
5565
152
986
2212
3845
5439
57
104
5542
5137
5021
3196
563
2494
2696
5307
4802
169
106
259
3630
85
5168
4645
4848
4692
2734
4875
4069
5005
4542
4824
4635
4637
4704
3316
4657
135
4700
4366
250
4413
4440
4603
1072
992
4277
2762
102
4419
4456
4193
1248
4437
4150
618
4213
2692
45
4080
4129
4398
4395
4040
4396
1055
4203
4089
4036
4228
3930
4008
4001
154
1399
4052
3997
1198
3938
3896
88
3562
4001
68
693
3825
1577
3872
4060
566
3865
126
3721
455
3849
3814
1407
3893
3624
3793
3750
3601
579
3512
3628
3621
3611
3276
1547
3521
650
3704
3530
3436
3567
3556
98
501
3738
3616
3592
3471
1449
3395
1707
3576
3441
3460
2972
3439
3511
478
3473
3294
3461
60
3340
3292
315
3377
3223
3347
3207
3440
50
371
3215
3256
2765
3156
472
3122
3238
3242
3191
3152
3138
3095
3236
191
3137
1550
3045
3093
3171
3175
70
3045
2996
3321
3040
2971
3002
3280
2985
2978
3098
2309
3294
2940
908
2972
2964
2958
3164
3197
2952
2900
2934
2815
2907
2869
2833
2853
2825
2797
96
2786
2781
2842
2327
2927
1547
2858
3026
2883
2483
2702
2733
2700
92
2689
2681
2842
1781
2664
2663
1661
2670
2806
2749
2680
2641
2660
2720
2635
2698
2664
2639
238
671
2717
2602
2597
2594
2729
3459
2689
2583
2578
286
160
2207
2563
1410
151
2587
2547
2610
2639
2540
2539
2715
2563
2536
2504
2588
2491
2506
2608
2464
1098
340
2442
2554
2617
2440
2485
2437
2432
2429
2425
2465
2571
2401
407
60
2560
2471
2458
2433
2375
2371
2380
2393
2452
2362
2396
2356
736
2394
882
294
2345
2414
358
2396
95
2400
555
2413
2397
2380
1583
2314
2299
2294
2344
129
2285
1759
2400
2260
2278
2282
757
172
2294
2344
718
2286
1164
2251
2233
2219
2240
2337
2311
2210
2221
1733
2019
247
2183
2181
2209
2215
1084
2160
2202
2397
2174
1299
2148
2143
2143
2140
2318
431
2178
2120
2114
2110
2117
129
2214
2100
1623
2093
2082
2117
210
1491
2043
2040
81
2034
2080
150
940
2030
2029
2030
2060
2029
2022
985
2154
2025
890
618
2007
2131
330
1992
2017
1979
1976
1941
1975
2015
1985
1975
1992
1960
794
1954
1992
52
1986
240
1977
1920
1965
1922
1913
296
1896
1890
1904
2078
1884
1912
1874
1870
1973
1885
1859
1882
1853
869
1873
1949
1849
1931
422
1843
1921
1837
1825
735
364
1817
1811
1799
1808
633
1845
1803
1791
684
1792
1784
1838
1786
1780
1002
1778
1781
1985
1777
1832
227
1780
1798
1660
856
1759
1839
1755
446
98
901
1759
1744
1736
1734
1732
1729
1728
1265
1729
1731
653
1774
1721
1721
1662
529
1707
1705
1704
1694
1792
1696
1790
1683
339
632
1693
1669
1458
1668
63
1663
1659
1671
1653
1652
80
1647
1642
51
1637
1635
1251
1603
1630
62
1635
1624
1623
24
1649
1630
1611
1611
1609
1121
1606
1603
1601
1605
140
1624
1610
1625
1575
1605
1574
1071
1571
1565
1488
1565
1556
799
1556
1556
1694
1552
1931
612
17
1550
1552
1545
1545
732
67
1543
133
1306
1536
1536
556
1547
1533
1528
1531
893
1464
1519
203
1518
1518
45
1513
189
1605
472
1508
149
1505
1504
1497
1501
1507
1511
264
46
1487
998
1477
1471
1476
1468
1467
868
1526
1457
1458
1467
1451
1451
1456
1448
1399
1471
1446
1458
1438
1443
1429
399
1422
1418
1433
713
123
1407
209
1402
1400
210
1401
1477
1394
1394
174
201
1395
1385
1390
1384
1381
682
1438
1365
1364
1161
1363
1363
1377
1360
1361
1358
1357
1354
758
1369
1410
1354
1420
189
831
349
1339
1339
1339
170
1345
1337
1170
1334
1329
1339
1327
1327
1326
1399
1329
1323
1325
545
1321
1320
200
1319
458
311
1314
1314
841
1308
1305
899
1302
1324
1301
1299
711
598
1296
1309
1296
1294
1293
1292
24
1290
1289
1315
1289
1286
1284
1281
1271
1281
1274
1275
1276
1272
1269
494
1264
1261
1263
1322
1259
1260
1270
1252
1242
1248
1195
1245
1258
1240
1271
418
1238
1234
1029
1224
1224
290
1223
1229
1151
1214
1213
1212
1216
1214
1208
1205
1203
1201
1197
1119
1192
1189
1188
1188
1189
361
1188
1192
1186
955
920
1185
1185
1183
98
1189
1182
1179
1172
1192
1184
1168
1168
356
1165
1164
1164
1164
1164
1163
1161
153
1160
1172
1162
139
1165
1152
137
1149
1146
572
1143
919
1145
1138
1140
1137
1135
1152
1134
1150
1133
1133
173
1131
1130
106
1134
238
1132
823
1135
1123
1123
150
1132
1120
92
1116
1113
1113
1112
1157
1109
1109
1108
1106
1106
354
1102
1101
1100
1104
1098
1093
1093
218
1092
1087
1090
1085
1083
1081
1080
1078
1078
1075
1073
289
1078
1072
1072
1072
1071
124
1068
1066
1032
1068
1065
1069
1064
1062
1092
135
1057
1056
1056
1059
1055
1055
1057
500
715
309
1050
1049
1048
1048
312
1046
1045
1045
1044
1046
1042
1042
1060
1040
900
1038
1037
1037
1035
1035
988
1033
1032
1033
1033
1028
1028
1029
1026
1026
1030
1025
1025
748
1019
1017
316
1017
1015
1014
741
1011
1011
1015
1009
1009
1008
84
1004
1003
1003
1004
1015
1005
959
997
997
996
995
995
636
1030
1002
991
990
129
989
988
987
987
153
943
124
977
74
123
1053
982
978
977
634
978
976
977
974
974
484
95
966
413
964
208
962
959
958
958
545
957
954
954
952
951
951
950
271
947
163
1010
944
942
938
938
937
937
935
933
933
931
962
447
929
116
927
150
926
925
924
923
922
123
919
918
919
917
965
914
914
156
925
909
909
909
908
914
906
905
905
904
904
916
901
901
900
900
899
232
896
893
886
901
892
892
891
890
889
895
888
887
886
887
884
881
152
884
299
452
885
878
878
878
887
877
793
876
875
875
874
872
870
870
869
868
869
876
867
866
866
865
864
864
864
868
862
862
687
860
859
859
824
488
348
858
858
676
709
853
853
852
75
851
851
816
853
850
849
850
848
847
846
848
845
846
843
843
696
842
841
840
839
839
109
835
835
834
770
832
831
830
842
828
831
826
756
824
824
823
821
366
820
819
819
777
818
495
355
815
814
812
811
811
811
811
809
809
809
430
101
808
807
387
806
806
810
804
804
804
804
804
804
803
802
801
801
800
803
799
799
797
797
208
795
795
256
793
793
792
323
793
791
790
789
789
787
787
787
785
783
657
782
782
781
780
136
751
773
773
129
761
772
174
768
768
768
767
690
764
750
105
762
761
776
762
760
760
753
228
81
758
758
760
761
765
758
757
757
141
184
756
756
754
753
754
752
750
749
595
748
748
748
713
747
747
749
746
746
746
745
822
744
744
93
743
567
751
62
740
740
740
740
743
738
738
184
239
740
735
734
734
734
125
734
732
732
732
689
730
730
729
730
728
728
105
727
727
727
20
726
725
724
723
724
722
722
722
721
721
720
720
722
313
718
717
717
718
716
716
716
695
717
715
715
715
715
715
715
714
658
701
713
713
713
712
712
711
711
711
709
708
707
706
705
704
703
702
702
701
701
232
700
700
700
699
699
342
701
698
698
698
698
698
697
697
697
696
696
696
696
696
695
693
693
693
231
695
691
691
691
691
691
180
690
60
689
692
688
688
688
100
687
686
119
706
685
684
684
684
684
684
681
680
680
680
680
680
680
679
679
677
676
676
675
675
675
675
674
674
694
673
673
672
672
672
671
671
672
671
670
670
668
668
667
665
665
664
663
110
662
599
158
661
661
660
659
659
657
657
657
657
656
656
656
655
655
654
653
653
653
653
653
653
652
651
651
650
650
652
649
649
628
651
648
39
643
650
647
647
646
646
643
643
34
641
641
640
640
640
640
642
639
640
638
638
638
638
637
637
636
636
636
524
637
635
635
635
635
634
634
634
592
627
633
633
626
632
631
630
630
630
629
629
629
629
629
628
628
628
628
627
627
626
626
626
625
625
625
624
155
623
622
622
622
152
620
620
619
618
618
590
233
617
617
463
616
616
615
615
489
614
614
614
613
613
614
612
612
612
611
609
609
609
612
608
608
573
607
607
607
606
606
607
604
604
604
604
603
267
602
601
601
600
222
89
599
598
598
597
597
597
597
596
596
596
595
595
595
595
594
594
595
593
593
592
592
592
592
591
591
591
591
590
590
590
589
589
197
588
587
586
586
586
586
586
578
585
585
585
585
584
584
556
583
583
583
582
582
582
372
582
581
582
580
580
580
580
580
579
572
73
576
170
93
577
575
575
574
573
573
188
83
572
572
571
571
571
571
575
569
569
163
563
568
568
567
567
566
566
566
566
565
565
565
564
564
130
563
563
563
563
80
561
561
561
560
560
560
560
559
559
475
558
558
362
557
557
53
556
557
555
555
317
556
552
551
551
551
551
551
551
103
551
552
550
550
550
550
549
549
549
549
549
548
548
443
170
549
547
547
547
547
218
546
545
545
545
544
544
544
515
543
543
543
543
542
542
542
542
542
542
541
541
541
541
541
541
539
539
538
307
538
540
537
537
537
537
536
536
536
284
535
535
472
534
533
533
532
532
56
532
531
531
146
76
530
530
530
68
530
529
529
529
459
67
528
528
528
514
527
527
527
527
526
526
526
141
525
529
526
524
524
524
524
523
523
523
521
521
521
108
521
520
520
128
65
519
519
518
517
517
517
517
195
516
516
516
515
515
515
515
520
514
514
514
514
514
514
514
514
514
513
513
513
513
513
512
512
64
511
511
512
510
510
510
510
482
509
509
509
509
509
509
508
508
508
508
507
199
506
506
506
506
506
506
506
506
506
506
505
545
505
504
504
504
503
503
69
502
488
501
333
500
500
500
500
500
115
499
498
379
183
497
497
497
496
496
496
496
496
496
495
495
493
493
493
493
493
493
493
492
443
490
490
490
490
490
364
489
489
489
489
489
153
132
488
488
487
487
496
486
486
486
486
465
485
485
485
485
484
484
190
71
483
483
483
483
483
238
147
482
482
482
482
482
454
481
481
68
480
480
452
60
480
479
479
479
478
478
478
477
477
477
477
477
393
127
78
476
476
476
476
476
474
355
473
473
473
472
472
472
472
59
471
471
471
471
471
471
470
470
470
106
469
469
469
468
468
468
468
470
467
467
467
467
467
466
465
465
465
465
464
464
464
464
457
463
462
462
462
462
462
462
462
462
461
461
461
461
460
460
460
460
459
459
291
451
458
458
458
458
122
457
457
457
457
457
456
455
455
455
454
454
454
454
454
454
454
453
453
453
453
453
452
452
452
340
60
451
451
451
451
451
451
451
451
450
450
450
450
450
198
449
449
449
449
449
449
448
448
448
448
84
447
447
447
258
446
397
445
445
445
445
445
462
444
444
444
444
443
443
443
443
443
443
436
442
442
442
442
451
441
441
441
441
440
440
419
426
265
55
539
439
439
439
439
439
438
438
438
438
438
431
437
437
437
437
437
437
437
94
436
436
436
436
435
435
435
435
435
435
435
435
434
434
434
434
434
434
434
357
433
433
55
432
432
432
432
431
431
431
431
95
430
430
430
430
402
325
325
178
429
429
428
428
428
428
428
428
323
427
427
427
385
196
147
91
426
426
426
426
209
425
425
425
425
425
424
424
424
424
424
424
382
423
423
423
423
423
423
73
422
422
422
422
149
421
421
421
421
421
421
57
422
420
420
420
420
420
420
98
420
419
419
419
419
419
418
418
418
418
418
418
418
418
369
417
417
417
417
417
417
417
417
417
417
416
416
416
415
415
415
415
415
414
414
414
414
415
413
413
413
406
413
413
175
196
412
412
412
412
411
411
411
410
410
410
410
410
410
410
410
409
409
409
409
409
409
73
408
408
408
408
170
107
58
407
407
407
407
407
386
406
406
406
406
406
406
406
70
407
405
405
405
405
258
404
404
404
404
403
403
403
158
403
402
402
402
402
374
401
401
401
401
401
401
401
387
400
400
400
400
400
400
400
344
169
399
399
399
399
399
399
401
398
398
356
397
397
397
396
396
396
396
396
395
395
395
395
395
395
395
395
234
394
394
394
394
394
393
393
393
393
393
392
392
392
392
392
392
392
391
391
391
391
390
390
390
390
390
390
390
389
389
389
389
389
32
388
388
388
387
387
387
387
387
387
386
386
239
385
385
385
385
385
385
385
385
322
210
98
356
384
384
384
384
384
377
48
383
383
383
383
383
383
383
383
383
382
382
382
382
382
381
381
381
381
381
381
381
381
381
381
381
380
380
380
380
380
380
380
379
379
379
379
379
379
379
379
302
384
378
378
378
378
378
378
252
189
21
379
377
377
377
377
377
377
377
181
48
376
376
376
376
376
376
376
368
375
375
375
375
375
375
375
374
374
374
374
373
373
373
373
373
372
372
372
372
372
372
372
372
372
371
371
371
371
371
371
371
371
371
336
370
370
370
370
369
369
369
362
369
369
257
368
368
368
367
367
367
367
367
386
366
366
366
79
365
365
365
365
364
364
364
364
364
364
364
364
364
364
273
182
366
363
363
363
363
363
363
363
363
362
362
362
362
362
362
362
362
361
361
361
361
361
361
360
360
360
360
360
360
360
360
360
73
45
359
359
359
359
359
359
359
358
113
358
357
357
357
357
357
357
356
356
356
356
356
356
356
356
356
356
356
348
355
355
355
355
355
354
354
354
354
354
354
354
354
353
353
353
345
352
352
352
352
352
352
352
352
352
352
352
352
352
44
351
351
351
351
351
351
351
351
351
351
169
350
350
350
350
350
350
350
329
84
49
349
349
349
349
349
349
349
349
349
349
349
349
349
293
181
348
348
348
348
348
348
348
348
348
347
347
347
347
347
347
200
172
46
351
346
346
346
346
346
346
346
346
346
346
346
59
345
345
345
347
344
344
344
344
344
343
343
343
294
342
342
342
342
342
342
341
341
341
341
341
341
341
173
340
340
340
340
340
340
340
340
339
339
339
339
338
338
338
338
338
338
212
337
337
337
337
337
337
323
211
329
336
336
336
336
336
336
336
336
336
336
56
335
335
335
335
335
335
335
334
334
334
334
333
333
333
333
333
333
333
333
333
333
25
325
332
332
332
332
332
52
331
331
331
331
331
331
331
331
331
331
282
156
72
330
330
330
330
330
329
329
329
329
329
328
328
328
328
328
328
328
327
327
327
327
327
327
327
326
326
326
326
326
326
326
326
46
325
325
325
325
325
325
325
325
325
325
325
325
324
324
324
324
324
324
324
324
303
323
323
323
323
323
323
323
323
323
78
266
322
322
322
322
322
322
161
49
321
321
321
321
321
321
321
321
321
321
321
321
320
320
320
320
320
320
320
320
320
313
285
319
319
319
319
319
319
319
319
319
270
318
318
318
318
73
317
317
317
317
317
317
316
316
316
316
316
316
316
316
316
315
315
315
315
315
315
140
84
28
314
314
314
314
314
314
314
314
314
139
34
250
313
313
313
313
313
313
124
312
312
312
312
312
298
165
311
311
311
311
311
311
311
311
310
310
310
310
310
310
310
226
51
309
309
309
309
309
281
183
308
308
308
308
308
308
308
308
308
308
308
307
307
307
307
307
307
307
307
307
307
69
306
306
306
306
306
306
306
306
306
306
306
306
306
26
305
305
305
305
305
305
305
305
277
95
304
304
304
304
304
304
304
303
303
303
303
303
303
303
303
303
303
114
30
302
302
302
302
302
302
302
302
302
302
302
281
301
301
301
301
301
301
196
300
300
300
300
300
300
300
299
299
299
299
299
299
299
299
299
298
298
298
298
298
298
298
291
158
172
297
297
297
297
297
297
297
297
297
297
297
297
94
192
73
296
296
296
296
296
296
296
296
296
295
295
295
295
295
295
295
295
295
274
50
295
294
294
294
294
294
294
294
294
294
294
294
266
217
299
293
293
293
293
293
293
293
293
293
293
293
76
294
292
292
292
292
292
292
292
292
138
291
291
291
291
291
291
291
290
290
290
290
290
290
290
290
290
290
52
289
289
289
289
289
289
261
156
288
288
288
288
288
288
288
288
288
288
288
288
288
288
288
288
232
92
287
287
287
287
287
287
288
286
286
286
286
286
286
286
286
286
286
286
286
286
286
285
285
285
285
285
285
285
285
284
284
284
284
284
284
284
277
60
283
283
283
283
283
283
283
282
282
282
282
282
282
282
205
282
197
281
281
281
281
281
281
281
281
50
287
280
280
280
280
280
279
279
279
279
279
279
216
271
278
278
278
278
278
278
278
278
278
277
277
277
277
277
277
277
277
276
276
276
276
276
276
276
276
276
276
276
276
143
275
275
275
275
275
275
275
275
275
275
275
149
72
274
274
274
274
274
274
274
274
274
274
274
274
274
274
274
232
197
273
273
273
273
273
273
273
273
273
273
273
189
266
273
272
272
272
272
272
272
272
272
272
272
272
272
272
272
271
271
271
271
271
271
271
271
271
271
152
270
270
270
270
270
270
270
270
270
270
200
60
46
236
269
269
269
269
269
269
269
269
171
31
268
268
268
268
268
268
268
268
268
268
268
268
267
267
267
267
267
267
267
267
267
267
267
57
266
266
266
266
266
266
266
266
266
266
258
265
265
265
265
265
265
265
265
265
265
264
257
264
264
264
264
264
264
264
264
264
264
264
264
264
264
180
187
267
263
263
263
263
263
263
263
263
263
263
263
263
263
263
263
263
262
262
262
262
262
262
262
262
262
262
262
262
262
262
262
262
262
262
262
262
262
234
262
261
261
261
261
261
261
261
261
261
261
261
261
261
261
260
260
260
260
260
260
260
260
260
259
259
259
259
259
259
259
259
259
259
259
259
259
259
70
258
258
258
258
258
258
258
258
258
258
258
258
258
258
258
258
258
257
257
257
257
257
257
257
257
257
257
257
256
256
256
256
256
256
256
256
256
256
256
256
256
256
256
255
255
255
255
255
255
255
255
255
255
255
255
255
254
254
254
254
254
254
254
254
135
51
253
253
253
253
253
253
253
253
253
253
253
253
253
253
253
211
252
252
252
252
252
245
252
251
251
251
251
251
251
251
251
167
83
27
250
250
250
250
250
250
250
250
249
249
249
249
249
249
249
249
249
249
249
81
60
248
248
248
248
248
248
248
248
248
94
247
247
247
247
247
247
247
247
247
58
246
246
246
246
246
246
246
238
245
245
245
245
245
245
245
245
245
245
245
105
244
244
244
244
244
244
244
244
244
244
244
244
244
244
244
244
69
243
243
243
243
243
243
243
243
243
243
243
243
243
243
243
243
243
61
235
242
242
242
242
242
242
242
242
242
242
242
242
242
241
241
241
241
241
241
241
241
241
241
241
241
213
73
242
240
240
240
240
240
240
240
240
240
240
240
240
212
100
239
239
239
239
239
238
238
238
238
238
238
238
238
238
238
238
238
238
182
196
237
237
237
237
237
237
237
237
237
237
230
47
236
236
236
236
236
236
236
236
236
236
236
236
236
173
240
235
235
235
235
235
235
235
235
235
235
235
235
235
235
234
234
234
234
234
234
234
234
234
234
234
234
234
234
234
234
234
73
233
233
233
233
233
233
233
233
233
233
233
233
233
233
232
232
232
232
232
232
232
232
232
232
232
232
232
231
231
231
231
231
231
231
231
231
231
231
231
196
230
230
230
230
230
230
230
230
230
230
230
230
230
230
230
230
230
230
208
222
229
229
229
229
229
229
229
229
229
229
201
33
47
228
228
228
228
228
228
228
228
228
228
228
228
228
228
102
227
227
227
227
227
227
227
227
227
227
227
227
227
150
226
226
226
226
226
226
226
226
226
226
226
226
226
226
226
72
107
225
225
225
225
225
225
225
225
225
225
225
225
225
225
225
225
225
225
225
225
225
225
225
225
225
224
224
224
224
224
224
224
224
224
224
224
224
224
224
223
223
223
223
223
223
223
223
223
223
223
223
69
13
216
48
48
196
222
222
222
222
222
222
222
222
222
222
222
222
222
222
222
222
222
222
222
222
222
222
222
222
222
173
61
221
221
221
221
221
221
221
221
221
221
221
221
221
220
220
220
220
220
220
220
220
220
220
220
220
220
220
220
45
45
219
219
219
219
219
219
219
219
219
219
219
219
219
219
219
79
219
211
218
218
218
218
218
218
218
218
218
168
217
217
217
217
217
217
217
217
217
217
217
217
217
217
217
217
63
216
216
216
216
216
216
216
216
216
216
216
216
216
216
216
216
216
216
216
216
216
216
216
216
216
216
216
125
215
215
215
215
215
215
215
215
215
215
215
215
95
214
214
214
214
214
214
214
214
214
214
214
214
214
214
214
214
214
214
214
214
214
213
213
213
213
213
213
213
213
213
213
213
66
213
72
212
212
212
212
212
212
212
212
212
212
212
212
212
212
212
212
212
212
212
204
204
71
211
211
211
211
211
211
211
211
211
211
211
211
211
211
211
211
211
210
210
210
210
210
210
210
210
210
210
210
210
210
210
210
210
210
210
210
210
210
210
210
210
209
209
209
209
209
209
209
209
209
209
209
209
209
209
209
209
209
208
208
208
208
208
208
208
208
208
208
208
208
208
208
208
208
61
208
208
208
60
200
207
207
207
207
207
207
207
207
207
207
207
207
207
207
207
207
207
207
206
206
206
206
206
206
206
206
206
206
206
206
206
206
206
206
206
206
206
206
206
206
206
206
199
143
86
114
205
205
205
205
205
205
205
205
205
205
205
205
205
205
205
205
205
205
71
197
204
204
204
204
204
204
204
204
204
204
204
204
204
204
42
203
203
203
203
203
203
203
203
203
203
203
203
203
203
146
202
202
202
202
202
202
202
202
202
202
202
202
202
202
202
202
54
138
187
201
201
201
201
201
201
201
201
201
201
201
201
201
201
201
201
201
201
203
200
200
200
200
200
200
200
200
200
200
200
200
200
200
200
200
200
200
200
200
200
200
200
200
200
200
200
200
52
87
171
199
199
199
199
199
199
199
199
199
199
199
199
199
72
198
198
198
198
198
198
198
198
198
198
198
198
198
198
198
198
198
197
197
197
197
197
197
197
197
197
197
197
197
197
197
197
197
197
197
197
197
197
197
197
197
197
189
196
196
196
196
196
196
196
196
196
196
196
196
196
196
196
196
195
195
195
195
195
195
195
195
195
195
195
195
195
195
195
195
47
82
75
187
194
194
194
194
194
194
194
194
194
194
194
194
194
194
194
194
193
193
193
193
193
193
193
193
193
193
193
193
193
193
193
193
193
193
193
193
193
193
66
115
108
129
178
192
192
192
192
192
192
192
192
192
192
192
192
192
192
192
192
192
192
192
192
192
192
192
192
51
191
191
191
191
191
191
191
191
191
191
191
191
191
191
191
120
190
190
190
190
190
190
190
190
190
190
190
190
190
190
190
190
190
190
190
190
190
190
182
189
189
189
189
189
189
189
189
189
189
189
189
189
189
189
189
189
189
189
189
189
189
189
41
153
188
188
188
188
188
188
188
188
188
188
188
188
188
188
188
188
188
188
187
187
187
187
187
187
187
187
187
187
187
187
187
187
187
187
187
187
187
187
187
187
187
25
32
88
102
130
186
186
186
186
186
186
186
186
186
186
186
186
186
45
178
185
185
185
178
185
185
185
185
185
185
185
185
185
185
58
170
184
184
184
184
184
184
184
184
184
184
184
184
184
184
176
169
183
183
183
183
183
183
183
183
183
183
183
183
183
183
183
183
183
183
183
183
183
183
183
183
183
84
161
182
182
182
182
182
182
182
182
182
182
182
182
182
182
182
182
182
182
182
182
182
182
182
182
182
184
182
153
181
181
181
181
181
181
181
181
181
181
181
181
181
181
181
181
181
181
181
181
181
181
181
181
181
181
181
181
181
138
180
180
180
180
180
180
180
180
180
180
180
180
180
180
180
180
180
180
180
180
181
179
179
179
179
179
179
179
179
179
179
179
179
179
179
179
179
179
179
59
178
178
178
178
178
178
178
178
178
178
178
178
178
178
178
178
178
178
178
178
178
178
178
178
178
178
178
178
156
177
177
177
177
177
177
177
177
177
177
177
177
177
177
177
177
177
177
177
177
177
177
177
177
177
177
177
176
176
176
176
176
176
176
176
176
176
176
176
176
176
176
176
154
175
175
175
175
175
175
175
175
175
175
175
175
175
175
175
175
175
175
175
175
161
175
48
48
34
48
90
146
174
174
174
174
174
174
174
174
174
174
174
174
174
174
174
174
174
174
174
174
174
173
173
173
173
173
173
173
173
173
173
173
173
173
173
173
173
18
151
165
172
172
172
172
172
172
172
172
172
172
172
172
172
172
172
172
172
172
172
172
172
172
172
172
172
172
172
172
172
172
171
171
171
171
171
171
171
171
171
171
171
171
171
171
171
171
171
171
171
171
171
171
100
170
170
170
170
170
170
170
170
170
170
170
170
170
170
170
170
170
170
170
170
170
170
170
170
170
170
189
162
169
169
169
169
169
169
169
169
169
169
169
169
169
169
169
169
169
169
169
169
169
169
169
169
169
169
169
169
133
168
168
168
168
168
168
168
168
168
168
168
168
168
168
168
168
168
168
168
168
168
168
168
168
168
168
168
168
168
168
168
168
167
167
167
167
167
167
167
167
167
167
167
167
167
167
167
167
167
167
167
167
167
167
82
110
159
159
166
166
166
166
166
166
166
166
166
166
166
166
166
166
166
166
166
166
166
166
166
166
109
151
165
165
165
165
165
165
165
165
165
165
165
165
165
165
165
165
165
165
165
165
165
165
165
165
165
165
165
165
165
158
165
165
165
165
165
165
165
165
165
165
164
164
164
164
164
164
164
164
164
164
164
164
164
164
164
164
164
164
164
164
164
164
164
164
164
164
164
164
164
164
164
164
164
163
163
163
163
163
163
163
163
163
163
163
163
163
163
163
163
163
163
163
163
163
163
163
163
163
163
163
141
162
162
162
162
162
162
162
162
162
162
162
162
162
162
162
162
162
162
162
63
161
161
161
161
161
161
161
161
161
161
161
161
161
161
161
161
161
161
161
161
161
161
161
161
161
161
161
161
161
161
76
160
160
160
160
160
160
160
160
160
160
160
160
160
160
160
160
160
160
160
160
160
160
82
159
159
159
159
159
159
159
159
159
159
159
159
159
159
159
159
159
159
159
159
159
159
159
159
159
159
159
159
159
159
159
159
95
158
158
158
158
158
158
158
158
158
158
158
158
158
158
158
158
158
158
158
158
158
158
158
158
38
73
157
157
157
157
157
157
157
157
157
157
157
157
157
157
157
157
157
157
157
157
157
157
157
157
157
157
157
157
157
157
72
100
107
142
156
156
156
156
156
156
156
156
156
156
156
156
156
156
156
156
156
156
156
156
156
156
156
156
156
155
155
155
155
155
155
155
155
155
155
155
155
155
155
155
155
155
155
155
155
155
155
155
155
155
155
155
155
84
154
154
154
154
154
154
154
154
154
154
154
154
154
154
154
154
154
154
154
154
154
154
154
154
154
154
154
118
153
153
153
153
153
153
153
153
153
153
153
153
153
153
153
153
153
153
153
153
153
153
153
153
153
153
153
19
19
89
145
152
152
152
152
152
152
152
152
152
152
152
152
152
152
152
152
152
152
152
152
152
152
39
151
151
151
151
151
151
151
151
151
151
151
151
151
151
151
151
151
151
151
151
151
151
151
151
151
151
151
151
151
151
151
151
151
151
17
129
150
150
150
150
150
150
150
150
150
150
150
150
150
150
150
150
150
150
150
150
150
150
150
150
150
150
150
150
150
150
150
150
150
150
150
150
150
150
121
128
128
149
149
149
149
149
149
149
149
149
149
149
149
149
149
149
149
149
149
149
149
149
149
149
149
149
149
149
149
149
149
92
127
148
148
148
148
148
148
148
148
148
148
148
148
148
148
148
148
148
148
148
148
148
148
148
148
148
148
148
148
148
148
148
148
148
148
148
148
148
148
147
147
147
147
147
147
147
147
147
147
147
147
147
147
147
147
147
147
147
147
147
147
147
147
147
147
147
147
147
147
147
147
147
147
147
147
147
147
13
76
146
146
146
146
146
146
146
146
146
146
146
146
146
146
146
146
146
146
146
146
146
146
146
146
146
146
146
146
146
146
19
33
75
131
145
145
145
145
145
145
145
145
145
145
145
145
145
145
145
145
145
145
145
145
145
145
145
145
145
145
145
145
145
145
145
145
144
144
144
144
144
144
144
144
144
144
144
144
144
144
144
144
144
144
144
144
144
144
144
144
144
144
144
144
108
143
143
143
143
143
143
143
143
143
143
143
143
143
143
143
143
143
143
16
44
142
142
142
142
142
142
142
142
142
142
142
142
142
142
142
142
142
142
142
142
142
142
142
142
142
142
142
142
142
142
142
142
142
142
142
142
142
142
142
142
142
92
141
141
141
141
141
141
141
141
141
141
141
141
141
141
141
141
141
141
141
141
141
141
141
141
141
141
141
141
141
141
141
141
133
140
140
140
140
140
140
140
140
140
140
140
140
140
140
140
140
140
140
140
140
140
140
140
140
140
140
140
140
140
140
139
139
139
139
139
139
139
139
139
139
139
139
139
139
139
139
139
139
139
139
139
139
139
139
139
139
139
139
139
139
139
139
139
139
139
139
139
139
139
139
139
139
139
139
139
139
138
138
138
138
138
138
138
138
138
138
138
138
138
138
138
138
138
138
138
138
138
138
138
138
138
138
138
138
138
138
138
11
32
137
137
137
137
137
137
137
137
137
137
137
137
137
137
137
137
137
137
137
137
137
137
137
137
137
137
137
137
137
137
137
137
137
137
137
137
137
137
137
137
137
137
137
137
137
24
94
87
129
129
136
136
136
136
136
136
136
136
136
136
136
136
136
136
136
136
136
136
136
136
136
136
136
136
136
136
136
136
136
136
136
136
136
136
136
136
136
100
93
107
135
135
135
135
135
135
135
135
135
135
135
135
135
135
135
135
135
135
135
135
135
135
135
135
135
135
135
135
135
135
135
135
135
135
135
135
135
135
135
135
135
135
135
106
134
134
134
134
134
134
134
134
134
134
134
134
134
134
134
134
134
134
134
134
134
134
134
134
134
134
134
134
134
134
134
134
134
127
134
42
119
126
126
133
133
133
133
133
133
133
133
133
133
133
133
133
133
133
133
133
133
133
133
133
133
133
133
133
133
133
133
133
133
133
133
133
133
133
133
132
132
132
132
132
132
132
132
132
132
132
132
132
132
132
132
132
132
132
132
132
132
132
132
132
132
132
132
132
132
132
132
132
132
132
132
132
132
124
131
131
131
131
131
131
131
131
131
131
131
131
131
131
131
131
131
131
131
131
131
131
131
131
131
131
131
25
67
123
130
130
130
130
130
130
130
130
130
130
130
130
130
130
130
130
130
130
130
130
130
130
130
130
130
130
130
130
130
130
130
130
130
130
130
130
130
101
129
129
129
129
129
129
129
129
129
129
129
129
129
129
129
129
129
129
129
129
129
129
129
129
129
129
129
129
129
129
129
129
129
129
129
129
129
100
114
128
128
128
128
128
128
128
128
128
128
128
128
128
128
128
128
128
128
128
128
128
128
128
128
128
128
128
128
128
128
128
128
128
128
128
128
128
128
128
128
128
128
127
127
127
127
127
127
127
127
127
127
127
127
127
127
127
127
127
127
127
127
127
127
127
127
127
127
127
127
127
127
127
127
127
127
127
128
77
77
126
126
126
126
126
126
126
126
126
126
126
126
126
126
126
126
126
126
126
126
126
126
126
126
126
126
126
126
126
126
126
126
126
126
126
126
126
126
126
126
126
126
126
126
126
126
126
126
126
126
126
126
125
125
125
125
125
125
125
125
125
125
125
125
125
125
125
125
125
125
125
125
125
125
125
125
125
125
125
125
125
125
125
125
125
125
125
125
125
125
125
125
125
124
124
124
124
124
124
124
124
124
124
124
124
124
124
124
124
124
124
124
124
124
124
124
124
124
124
124
124
124
124
124
124
124
124
124
124
124
124
116
123
123
123
123
123
123
123
123
123
123
123
123
123
123
123
123
123
123
123
123
123
123
123
123
123
123
123
123
123
123
123
123
123
123
123
123
123
123
123
123
123
123
123
123
123
123
123
123
123
123
123
123
123
122
122
122
122
122
122
122
122
122
122
122
122
122
122
122
122
122
122
122
122
122
122
122
122
122
122
122
122
122
122
122
122
122
122
122
122
122
122
122
122
122
122
122
122
122
122
122
114
121
121
121
121
121
121
121
121
121
121
121
121
121
121
121
121
121
121
121
121
121
121
121
121
121
121
121
121
121
121
121
121
121
121
121
106
120
120
120
120
120
120
120
120
120
120
120
120
120
120
120
120
120
120
120
120
120
120
120
120
120
120
120
120
120
120
120
120
120
120
120
120
120
120
120
120
120
120
120
120
120
122
119
119
119
119
119
119
119
119
119
119
119
119
119
119
119
119
119
119
119
119
119
119
119
119
119
119
119
119
55
111
118
118
118
118
118
118
118
118
118
118
118
118
118
118
118
118
118
118
118
118
118
118
118
118
118
118
118
118
118
118
118
118
118
118
118
40
110
117
117
117
117
117
117
117
117
117
117
117
117
117
117
117
117
117
117
117
117
117
117
117
117
117
117
117
117
117
117
117
117
117
117
117
117
117
117
117
117
117
117
117
117
117
117
117
117
117
117
117
117
117
117
102
116
116
116
116
116
116
116
116
116
116
116
116
116
116
116
116
116
116
116
116
116
116
116
116
116
116
116
116
116
116
116
116
116
116
116
116
116
116
116
116
116
116
116
116
116
116
116
116
116
116
116
116
116
116
115
115
115
115
115
115
115
115
115
115
115
115
115
115
115
115
115
115
115
115
115
115
115
115
115
115
115
115
115
115
115
115
115
115
115
115
115
115
115
115
115
115
115
37
23
114
114
114
114
114
114
114
114
114
114
114
114
114
114
114
114
114
114
114
114
114
114
114
114
114
114
114
114
114
114
114
114
114
114
114
114
114
114
114
114
99
113
113
113
113
113
113
113
113
113
113
113
113
113
113
113
113
113
113
113
113
113
113
113
113
113
113
113
113
113
113
113
113
113
113
113
113
113
113
113
113
113
113
113
28
112
112
112
112
112
112
112
112
112
112
112
112
112
112
112
112
112
112
112
112
112
112
112
112
112
112
112
112
112
112
112
112
112
112
112
112
112
112
112
112
112
112
55
111
111
111
111
111
111
111
111
111
111
111
111
111
111
111
111
111
111
111
111
111
111
111
111
111
111
111
111
111
111
111
111
111
111
111
111
111
111
111
111
111
111
111
111
26
75
110
110
110
110
110
110
110
110
110
110
110
110
110
110
110
110
110
110
110
110
110
110
110
110
110
110
110
110
110
110
110
110
110
110
110
110
110
110
110
110
110
110
110
110
110
110
110
110
110
110
110
110
110
110
102
109
109
109
109
109
109
109
109
109
109
109
109
109
109
109
109
109
109
109
109
109
109
109
109
109
109
109
109
109
109
109
109
109
109
109
109
109
109
109
109
24
108
108
108
108
108
108
108
108
108
108
108
108
108
108
108
108
108
108
108
108
108
108
108
108
108
108
108
108
108
108
108
108
108
108
108
108
108
108
108
108
101
108
108
108
108
108
108
108
108
108
108
108
108
108
108
108
108
100
107
107
107
107
107
107
107
107
107
107
107
107
107
107
107
107
107
107
107
107
107
107
107
107
107
107
107
107
107
107
107
107
107
107
107
107
107
107
107
107
107
107
107
107
107
107
107
107
107
107
107
107
107
107
107
107
107
107
107
107
107
107
78
99
106
106
106
106
106
106
106
106
106
106
106
106
106
106
106
106
106
106
106
106
106
106
106
106
106
106
106
106
106
106
106
106
106
106
106
106
106
106
106
106
106
106
106
106
106
106
106
106
106
106
106
106
106
106
106
70
105
105
105
105
105
105
105
105
105
105
105
105
105
105
105
105
105
105
105
105
105
105
105
105
105
105
105
105
105
105
105
105
105
105
105
105
105
105
105
105
105
105
105
105
105
105
105
105
105
105
105
105
105
105
105
105
105
105
105
105
20
69
90
104
104
104
104
104
104
104
104
104
104
104
104
104
104
104
104
104
104
104
104
104
104
104
104
104
104
104
104
104
104
104
104
104
104
104
104
104
104
104
104
104
104
104
104
104
104
104
104
104
104
104
104
104
104
104
104
103
103
103
103
103
103
103
103
103
103
103
103
103
103
103
103
103
103
103
103
103
103
103
103
103
103
103
103
103
103
103
103
103
103
103
103
103
103
103
103
103
88
102
102
102
102
102
102
102
102
102
102
102
102
102
102
102
102
102
102
102
102
102
102
102
102
102
102
102
102
102
102
102
102
102
102
102
102
102
102
102
102
102
102
102
102
102
102
102
102
102
102
102
102
102
102
102
102
102
102
102
102
102
102
102
102
102
17
73
101
101
101
101
101
101
101
101
101
101
101
101
101
101
101
101
101
101
101
101
101
101
101
101
101
101
101
101
101
101
101
101
101
101
101
101
101
101
101
101
101
101
101
101
101
101
101
101
101
101
101
101
101
101
23
23
100
100
100
100
100
100
100
100
100
100
100
100
100
100
100
100
100
100
100
100
100
100
100
100
100
100
100
100
100
100
100
100
100
100
100
100
100
100
100
100
100
100
100
100
100
100
100
100
100
100
100
100
100
99
99
99
99
99
99
99
99
99
99
99
99
99
99
99
99
99
99
99
99
99
99
99
99
99
99
99
99
99
99
99
99
99
99
99
99
99
99
99
99
99
99
99
99
99
99
99
99
99
99
99
99
99
99
99
99
99
99
99
99
99
99
14
28
63
98
98
98
98
98
98
98
98
98
98
98
98
98
98
98
98
98
98
98
98
98
98
98
98
98
98
98
98
98
98
98
98
98
98
98
98
98
98
98
98
98
98
98
98
98
98
98
98
83
97
97
97
97
97
97
97
97
97
97
97
97
97
97
97
97
97
97
97
97
97
97
97
97
97
97
97
97
97
97
97
97
97
97
97
97
97
97
97
97
97
97
97
97
97
97
97
97
97
97
97
97
97
97
97
97
97
97
97
97
97
97
97
97
33
96
96
96
96
96
96
96
96
96
96
96
96
96
96
96
96
96
96
96
96
96
96
96
96
96
96
96
96
96
96
96
96
96
96
96
96
96
96
96
96
96
96
96
96
96
96
96
96
96
67
88
88
95
95
95
95
95
95
95
95
95
95
95
95
95
95
95
95
95
95
95
95
95
95
95
95
95
95
95
95
95
95
95
95
95
95
95
95
95
95
95
95
95
95
95
95
95
95
95
95
95
95
95
95
95
95
95
95
95
95
95
95
95
95
95
95
95
95
73
73
94
94
94
94
94
94
94
94
94
94
94
94
94
94
94
94
94
94
94
94
94
94
94
94
94
94
94
94
94
94
94
94
94
94
94
94
94
94
94
94
94
94
94
94
94
94
94
94
94
94
94
94
94
94
94
94
94
94
94
94
94
94
94
94
93
93
93
93
93
93
93
93
93
93
93
93
93
93
93
93
93
93
93
93
93
93
93
93
93
93
93
93
93
93
93
93
93
93
93
93
93
93
93
93
93
93
93
93
93
93
93
93
93
93
93
93
93
93
93
93
85
92
92
92
92
92
92
92
92
92
92
92
92
92
92
92
92
92
92
92
92
92
92
92
92
92
92
92
92
92
92
92
92
92
92
92
92
92
92
92
92
92
92
92
92
92
92
92
92
92
92
92
92
92
92
92
92
92
92
49
91
91
91
91
91
91
91
91
91
91
91
91
91
91
91
91
91
91
91
91
91
91
91
91
91
91
91
91
91
91
91
91
91
91
91
91
91
91
91
91
91
91
91
91
91
91
91
91
91
91
91
91
91
91
91
91
91
34
90
90
90
90
90
90
90
90
90
90
90
90
90
90
90
90
90
90
90
90
90
90
90
90
90
90
90
90
90
90
90
90
90
90
90
90
90
90
90
90
90
90
90
90
90
90
90
90
90
90
90
90
90
90
90
90
82
89
89
89
89
89
89
89
89
89
89
89
89
89
89
89
89
89
89
89
89
89
89
89
89
89
89
89
89
89
89
89
89
89
89
89
89
89
89
89
89
89
89
89
89
89
89
89
89
89
89
89
89
89
89
89
89
89
89
89
89
89
82
89
89
89
89
89
89
89
74
88
88
88
88
88
88
88
88
88
88
88
88
88
88
88
88
88
88
88
88
88
88
88
88
88
88
88
88
88
88
88
88
88
88
88
88
88
88
88
88
88
88
88
88
88
88
88
88
88
88
88
88
88
88
88
88
88
88
88
88
88
88
88
88
88
88
88
88
88
88
80
87
87
87
87
87
87
87
87
87
87
87
87
87
87
87
87
87
87
87
87
87
87
87
87
87
87
87
87
87
87
87
87
87
87
87
87
87
87
87
87
87
87
87
87
87
87
87
87
87
87
87
87
87
87
87
23
23
65
86
86
86
86
86
86
86
86
86
86
86
86
86
86
86
86
86
86
86
86
86
86
86
86
86
86
86
86
86
86
86
86
86
86
86
86
86
86
86
86
86
86
86
86
86
86
86
86
86
86
86
86
86
86
86
86
86
86
86
72
86
86
15
22
85
85
85
85
85
85
85
85
85
85
85
85
85
85
85
85
85
85
85
85
85
85
85
85
85
85
85
85
85
85
85
85
85
85
85
85
85
85
85
85
85
85
85
85
85
85
85
85
85
85
85
85
85
85
85
85
85
85
85
85
85
85
85
85
85
85
70
84
84
84
84
84
84
84
84
84
84
84
84
84
84
84
84
84
84
84
84
84
84
84
84
84
84
84
84
84
84
84
84
84
84
84
84
84
84
84
84
84
84
84
84
84
84
84
84
84
84
84
84
84
84
84
84
84
84
84
84
84
84
84
84
84
84
84
84
84
84
84
84
84
20
69
83
83
83
83
83
83
83
83
83
83
83
83
83
83
83
83
83
83
83
83
83
83
83
83
83
83
83
83
83
83
83
83
83
83
83
83
83
83
83
83
83
83
83
83
83
83
83
83
83
83
83
83
83
83
83
83
83
83
83
83
83
83
83
83
83
83
83
83
83
83
83
83
61
82
82
82
82
82
82
82
82
82
82
82
82
82
82
82
82
82
82
82
82
82
82
82
82
82
82
82
82
82
82
82
82
82
82
82
82
82
82
82
82
82
82
82
82
82
82
82
82
82
82
82
82
82
82
82
82
82
82
82
82
82
18
18
67
67
81
81
81
81
81
81
81
81
81
81
81
81
81
81
81
81
81
81
81
81
81
81
81
81
81
81
81
81
81
81
81
81
74
81
81
81
81
81
81
81
81
81
81
81
81
81
81
81
81
81
81
81
81
81
81
81
81
81
81
81
81
81
81
81
81
81
81
81
81
81
81
81
81
81
81
81
81
81
81
81
81
81
81
81
81
81
81
45
80
80
80
80
80
80
80
80
80
80
80
80
80
80
80
80
80
80
80
80
80
80
80
80
80
80
80
80
80
80
80
80
80
80
80
80
80
80
80
80
80
80
80
80
80
80
80
80
80
80
80
80
80
80
80
80
80
80
80
80
80
80
80
80
80
80
80
80
80
80
80
80
80
80
80
80
80
80
80
80
80
80
80
16
65
79
79
79
79
79
79
79
79
79
79
79
79
79
79
79
79
79
79
79
79
79
79
79
79
79
79
79
79
79
79
79
79
79
79
79
79
79
79
79
79
79
79
79
79
79
79
79
79
79
79
79
79
79
79
79
79
79
79
79
79
79
79
79
79
79
79
79
79
79
79
79
79
79
79
79
79
79
79
79
79
79
79
79
78
78
78
78
78
78
78
78
78
78
78
78
78
78
78
78
78
78
78
78
78
78
78
78
78
78
78
78
78
78
78
78
78
78
78
78
78
78
78
78
78
78
78
78
78
78
78
78
78
78
78
78
78
78
78
78
78
78
78
78
78
78
78
78
78
78
78
78
78
78
78
78
78
78
78
78
78
78
78
78
78
78
78
78
78
78
78
77
77
77
77
77
77
77
77
77
77
77
77
77
77
77
77
77
77
77
77
77
77
77
77
77
77
77
77
77
77
77
77
77
77
77
77
77
77
77
77
77
77
77
77
77
77
77
77
77
77
77
77
77
77
77
77
77
77
77
77
77
77
77
77
77
77
77
77
77
77
77
77
77
77
77
77
77
77
77
77
77
77
77
77
77
77
77
77
77
77
77
77
77
77
77
77
77
77
76
76
76
76
76
76
76
76
76
76
76
76
76
76
76
76
76
76
76
76
76
76
76
76
76
76
76
76
76
76
76
76
76
76
76
76
76
76
76
76
76
76
76
76
76
76
76
76
76
76
76
76
76
76
76
76
76
76
76
76
76
76
76
76
76
76
76
76
76
76
76
76
76
76
12
68
68
75
75
75
75
75
75
75
75
75
75
75
75
75
75
75
75
75
75
75
75
75
75
75
75
75
75
75
75
75
75
75
75
75
75
75
75
75
75
75
75
75
75
75
75
75
75
75
75
75
75
75
75
75
75
75
75
75
75
75
75
75
75
75
75
75
75
75
75
75
75
75
75
75
75
75
75
11
74
74
74
74
74
74
74
74
74
74
74
74
74
74
74
74
74
74
74
74
74
74
74
74
74
74
74
74
74
74
74
74
74
74
74
74
74
74
74
74
74
74
74
74
74
74
74
74
74
74
74
74
74
74
74
74
74
74
74
74
74
74
74
74
74
74
74
74
74
74
74
74
74
74
74
74
74
74
74
74
74
74
74
74
74
74
74
74
74
74
74
74
74
74
74
74
74
74
52
73
73
73
73
73
73
73
73
73
73
73
73
73
73
73
73
73
73
73
73
73
73
73
73
73
73
73
73
73
73
73
73
73
73
73
73
73
73
73
73
73
73
73
73
73
73
73
73
73
73
73
73
73
73
73
73
73
73
73
73
73
73
73
73
73
73
73
73
73
73
73
73
73
73
73
73
73
73
73
73
73
73
73
73
73
73
73
73
73
73
73
73
65
72
72
72
72
72
72
72
72
72
72
72
72
72
72
72
72
72
72
72
72
72
72
72
72
72
72
72
72
72
72
72
72
72
72
72
72
72
72
72
72
72
72
72
72
72
72
72
72
72
72
72
72
72
72
72
72
72
72
72
72
72
72
72
72
72
72
72
72
72
72
72
72
72
72
72
72
72
72
72
72
72
72
57
71
71
71
71
71
71
71
71
71
71
71
71
71
71
71
71
71
71
71
71
71
71
71
71
71
71
71
71
71
71
71
71
71
71
71
71
71
71
71
71
71
71
71
71
71
71
71
71
71
71
71
71
71
71
71
71
71
71
71
71
71
71
71
71
71
71
71
71
71
71
71
71
71
71
71
49
70
70
70
70
70
70
70
70
70
70
70
70
70
70
70
70
70
70
70
70
70
70
70
70
70
70
70
70
70
70
70
70
70
70
70
70
70
70
70
70
70
70
70
70
70
70
70
70
70
70
70
70
70
70
70
70
70
70
70
70
70
70
70
70
70
70
70
70
70
70
70
70
70
62
69
69
69
69
69
69
69
69
69
69
69
69
69
69
69
69
69
69
69
69
69
69
69
69
69
69
69
69
69
69
69
69
69
69
69
69
69
69
69
69
69
69
69
69
69
69
69
69
69
69
69
69
69
69
69
69
69
69
69
69
69
69
69
69
69
69
69
69
69
69
69
69
69
69
69
69
69
69
69
69
69
69
69
69
69
69
69
69
69
69
69
69
69
69
69
69
69
69
68
68
68
68
68
68
68
68
68
68
68
68
68
68
68
68
68
68
68
68
68
68
68
68
68
68
68
68
68
68
68
68
68
68
68
68
68
68
68
68
68
68
68
68
68
68
68
68
68
68
68
68
68
68
68
68
68
68
68
68
68
68
68
68
68
68
68
68
68
68
68
68
68
68
68
68
68
68
68
68
68
68
60
60
67
67
67
67
67
67
60
67
67
67
67
67
67
67
67
67
67
67
67
67
67
67
67
67
67
67
67
67
67
67
67
67
67
67
67
67
67
67
67
67
67
67
67
67
67
67
67
67
67
67
67
67
67
67
67
67
67
67
67
67
67
67
67
67
67
67
67
67
67
67
67
67
67
67
67
67
67
67
67
67
67
67
67
67
67
67
67
67
67
67
67
67
59
66
66
66
66
66
66
66
66
66
66
66
66
66
66
66
66
66
66
66
66
66
66
66
66
66
66
66
66
66
66
66
66
66
66
66
66
66
66
66
66
66
66
66
66
66
66
66
66
66
66
66
66
66
66
66
66
66
66
66
66
66
66
66
66
66
66
66
66
66
66
66
66
66
66
66
66
66
65
65
65
65
65
65
65
65
65
65
65
65
65
65
65
65
65
65
65
65
65
65
65
65
65
65
65
65
65
65
65
65
65
65
65
65
65
65
65
65
65
65
65
65
65
65
65
65
65
65
65
65
65
65
65
65
65
65
65
65
65
65
65
65
65
65
65
65
65
65
65
65
65
65
65
65
65
65
65
65
65
65
65
65
65
65
65
65
65
65
65
65
65
65
57
64
64
64
64
64
64
64
64
64
64
64
64
64
64
64
64
64
64
64
64
64
64
64
64
64
64
64
64
64
64
64
64
64
64
64
64
64
64
64
64
64
64
64
64
64
64
64
64
64
64
64
64
64
64
64
64
64
64
64
64
64
64
64
64
64
64
64
64
64
64
64
64
64
64
64
64
64
64
64
64
64
64
64
64
64
64
64
64
64
64
64
64
64
64
64
64
64
64
56
63
63
63
63
63
63
63
63
63
63
63
63
63
63
63
63
63
63
63
63
63
63
63
63
63
63
63
63
63
63
63
63
63
63
63
63
63
63
63
63
63
63
63
63
63
63
63
63
63
63
63
63
63
63
63
63
63
63
63
63
63
63
63
63
63
63
63
63
63
63
63
63
63
63
63
63
63
63
63
63
63
63
63
63
63
63
63
63
63
63
63
63
62
62
62
62
62
62
62
62
62
62
62
62
62
62
62
62
62
62
62
62
62
62
62
62
62
62
62
62
62
62
62
62
62
62
62
62
62
62
62
62
62
62
62
62
62
62
62
62
62
62
62
62
62
62
62
62
62
62
62
62
62
62
62
62
62
62
62
62
62
62
62
62
62
62
62
62
62
62
62
62
62
62
62
62
62
62
62
62
62
62
62
62
62
62
62
62
62
62
62
62
62
62
62
62
62
62
61
61
61
61
61
61
61
61
61
61
61
61
61
61
61
61
61
61
61
61
61
61
61
61
61
61
61
61
61
61
61
61
61
61
61
61
61
61
61
61
61
61
61
61
61
61
61
61
61
61
61
61
61
61
61
61
61
61
61
61
61
61
61
61
61
61
61
61
61
61
61
61
61
61
61
61
61
61
61
61
61
61
61
61
61
61
61
61
61
61
61
61
61
61
61
61
61
61
61
61
61
61
61
60
60
60
60
60
60
60
60
60
60
60
60
60
60
60
60
60
60
60
60
60
60
60
60
60
60
60
60
60
60
60
60
60
60
60
60
60
60
60
60
60
60
60
60
60
60
60
60
60
60
60
60
60
60
60
60
60
60
60
60
60
60
60
60
60
60
60
60
60
60
60
60
60
60
60
60
60
60
60
60
60
60
60
60
60
60
60
60
60
60
60
60
60
60
60
60
60
60
60
60
60
60
60
60
60
60
60
60
52
59
59
59
59
59
59
59
59
59
59
59
59
59
59
59
59
59
59
59
59
59
59
59
59
59
59
59
59
59
59
59
59
59
59
59
59
59
59
59
59
59
59
59
59
59
59
59
59
59
59
59
59
59
59
59
59
59
59
59
59
59
59
59
59
59
59
59
59
59
59
59
59
59
59
59
59
59
59
59
59
59
59
59
59
59
59
59
59
59
59
59
59
59
59
59
59
59
59
59
59
59
59
59
59
59
59
59
59
59
59
67
58
58
58
58
58
58
58
58
58
58
58
58
58
58
58
58
58
58
58
58
58
58
58
58
58
58
58
58
58
58
58
58
58
58
58
58
58
58
58
58
58
58
58
58
58
58
58
58
58
58
58
58
58
58
58
58
58
58
58
58
58
58
58
58
58
58
58
58
58
58
58
58
58
58
58
58
58
58
58
58
58
58
58
58
58
58
58
58
58
58
58
58
58
58
58
58
58
58
58
58
58
58
58
58
58
58
58
58
58
58
58
58
58
58
58
58
58
50
57
57
57
57
57
57
57
57
57
50
57
57
57
57
57
57
57
57
57
57
57
57
57
57
57
57
57
57
57
57
57
57
57
57
57
57
57
57
57
57
57
57
57
57
57
57
57
57
57
57
57
57
57
57
57
57
57
57
57
57
57
57
57
57
57
57
57
57
57
57
57
57
57
57
57
57
57
57
57
57
57
57
57
57
57
57
57
57
57
57
57
57
57
57
57
57
57
57
57
57
57
57
57
57
57
57
57
57
57
57
57
57
57
57
57
56
56
56
56
56
56
56
56
56
56
56
56
56
56
56
56
56
56
56
56
56
56
56
56
56
56
56
56
56
56
56
56
56
56
56
56
56
56
56
56
56
56
56
56
56
56
56
56
56
56
56
56
56
56
56
56
56
56
56
56
56
56
56
56
56
56
56
56
56
56
56
56
56
56
56
56
56
56
56
56
56
56
56
56
56
56
56
56
56
56
56
56
56
56
56
56
56
55
55
55
55
55
55
55
55
55
55
55
55
55
55
55
55
55
55
55
55
55
55
55
55
55
55
55
55
55
55
55
55
55
55
55
55
55
55
55
55
55
55
55
55
55
55
55
55
55
55
55
55
55
55
55
55
55
55
55
55
55
55
55
55
55
55
55
55
55
55
55
55
55
55
55
55
55
55
55
55
55
55
55
55
55
55
55
55
55
55
55
55
55
55
55
55
55
55
55
55
55
55
55
55
55
55
55
55
47
54
54
54
54
54
54
54
54
54
54
54
54
54
54
54
54
54
54
54
54
54
54
54
54
54
54
54
54
54
54
54
54
54
54
54
54
54
54
54
54
54
54
54
54
54
54
54
54
54
54
54
54
54
54
54
54
54
54
54
54
54
54
54
54
54
54
54
54
54
54
54
54
54
54
54
54
54
54
54
54
54
54
54
54
54
54
54
54
54
54
54
54
54
54
54
54
54
54
54
54
54
54
54
54
54
54
54
54
54
54
54
53
53
53
53
53
53
53
53
53
53
53
53
53
53
53
53
53
53
53
53
53
53
53
53
53
53
53
53
53
53
53
53
53
53
53
53
53
53
53
53
53
53
53
53
53
53
53
53
53
53
53
53
53
53
53
53
53
53
53
53
53
53
53
53
53
53
53
53
53
53
53
53
53
53
53
53
53
53
53
53
53
53
53
53
53
53
53
53
53
53
53
53
53
53
53
53
53
53
53
53
53
53
53
53
53
53
53
53
52
52
52
52
52
52
52
52
52
52
52
52
52
52
52
52
52
52
52
52
52
52
52
52
52
52
52
52
52
52
52
52
52
52
52
52
52
52
52
52
52
52
52
52
52
52
52
52
52
52
52
52
52
52
52
52
52
52
52
52
52
52
52
52
52
52
52
52
52
52
52
52
52
52
52
52
52
52
52
52
52
52
52
52
52
52
52
52
52
52
52
52
52
52
52
52
52
52
52
52
52
52
52
52
52
52
52
52
52
52
52
52
52
52
52
52
52
52
52
52
51
51
51
51
51
51
51
51
51
51
51
51
51
51
51
51
51
51
51
51
51
51
51
51
51
51
51
51
51
51
51
51
51
51
51
51
51
51
51
51
51
51
51
51
51
51
51
51
51
51
51
51
51
51
51
51
51
51
51
51
51
51
51
51
51
51
51
51
51
51
51
51
51
51
51
51
51
51
51
51
51
51
51
51
51
51
51
51
51
51
51
51
51
51
51
51
51
51
51
51
51
51
43
50
50
50
50
50
50
50
50
50
50
50
50
50
50
50
50
50
50
50
50
50
50
50
50
50
50
50
50
50
50
50
50
50
50
50
50
50
50
50
50
50
50
50
50
50
50
50
50
50
50
50
50
50
50
50
50
50
50
50
50
50
50
50
50
50
50
50
50
50
50
50
50
50
50
50
50
50
50
50
50
50
50
50
50
50
50
50
50
50
50
50
50
50
50
50
50
50
50
50
50
50
50
50
50
50
50
50
49
49
49
49
49
49
49
49
49
49
49
49
49
49
49
49
49
49
49
49
49
49
49
49
49
49
49
49
49
49
49
49
49
49
49
49
49
49
49
49
49
49
49
49
49
49
49
49
49
49
49
49
49
49
49
49
49
49
49
49
49
49
49
49
49
49
49
49
49
49
49
49
49
49
49
49
49
49
49
49
49
49
49
49
49
49
49
49
49
49
49
49
49
49
49
49
49
48
48
48
48
48
48
48
48
48
48
48
48
48
48
48
48
48
48
48
48
48
48
48
48
48
48
48
48
48
48
48
48
48
48
48
48
48
48
48
48
48
48
48
48
48
48
48
48
48
48
48
48
48
48
48
48
48
48
48
48
48
48
48
48
48
48
48
48
48
48
48
48
48
48
48
48
48
48
48
48
47
47
47
47
47
47
47
47
47
47
47
47
47
47
47
47
47
47
47
47
47
47
47
47
47
47
47
47
47
47
47
47
47
47
47
47
47
47
47
47
47
47
47
47
47
47
47
47
47
47
47
47
47
47
47
47
47
47
47
47
47
47
47
47
47
47
47
47
47
47
47
47
47
47
47
47
47
47
47
47
47
47
47
47
47
47
47
47
47
46
46
46
46
46
46
46
46
46
46
46
46
46
46
46
46
46
46
46
46
46
46
46
46
46
46
46
46
46
46
46
46
46
46
46
46
46
46
46
46
46
46
46
46
46
46
46
46
46
46
46
46
46
46
46
46
46
46
46
46
46
46
46
46
46
46
46
46
46
46
46
46
46
45
45
45
45
45
45
45
45
45
45
45
45
45
45
45
45
45
45
45
45
45
45
45
45
45
45
45
45
45
45
45
45
45
45
45
45
45
45
45
45
45
45
45
45
45
45
45
45
45
45
45
45
45
45
45
45
45
45
45
45
45
45
45
45
45
45
45
45
45
45
45
45
45
45
45
45
44
44
44
44
44
44
44
44
44
44
44
44
44
44
44
44
44
44
44
44
44
44
44
44
44
44
44
44
44
44
44
44
44
44
44
44
44
44
44
44
44
44
44
44
44
44
44
44
44
44
44
44
44
44
44
44
43
43
43
43
43
43
43
43
43
43
43
43
43
43
43
43
43
43
43
43
43
43
43
43
43
43
43
43
43
43
43
43
43
43
43
43
43
43
43
43
43
43
43
43
43
43
43
43
43
43
43
43
43
43
43
43
43
43
43
43
43
43
42
42
42
42
42
42
42
42
42
42
42
42
42
42
42
42
42
42
42
42
42
42
42
42
42
42
42
42
42
42
42
42
42
42
42
42
42
42
42
42
42
41
41
41
41
41
41
41
41
41
41
41
41
41
41
41
41
41
41
41
41
41
41
40
40
40
40
40
40
40
40
40
40
40
40
40
40
40
40
40
40
40
40
40
39
39
39
39
39
39
39
39
39
39
39
39
39
39
39
39
39
39
38
38
38
38
38
38
38
38
38
38
38
38
38
38
38
37
37
37
37
37
37
37
37
37
37
37
37
37
36
36
36
36
35
34
33
33
